primitive lattice vectors  2  2  1
  4.00000000  0.00000000  0.00000000
  0.00000000  4.00000000  0.00000000
  0.00000000  0.00000000 80.00000000
number of atoms in unit cell
220
atom, type, position vector
      1       Ba                0.0220797536    0.0219967790   -0.4733152747 
      2       Ba                0.0183839526    0.0264104257   -1.5086997106 
      3       O                 0.0368610006   -0.4650825349   -0.9938166032 
      4       O                -0.4696037375    0.0404862513   -0.9934497653 
      5       O                -0.0101191250   -0.4858055936   -2.0032259396 
      6       O                -0.0084939862   -0.4965160436    0.0120192112 
      7       O                -0.4968078754   -0.0086097304    0.0120308055 
      8       O                 0.5033685019   -0.0085643463    0.0120119714 
      9       O                -0.0084168387    0.5034651071    0.0119439069 
     10       O                -0.5048640978    0.0006713699   -2.0049387622 
     11       O                 0.5061081139    0.0044969547   -2.0050916917 
     12       O                -0.0097553999    0.5113050929   -1.9992380410 
     13       O                 0.5288526521    0.0403602150   -0.9913592452 
     14       O                 0.0360073573    0.5344964524   -0.9871487047 
     15       Ti               -0.4608591228   -0.4507038840   -1.9712122387 
     16       Ti               -0.4563328637   -0.4564349722   -0.0181825213 
     17       O                -0.4838656141   -0.4737684079   -1.5020615078 
     18       O                -0.4793370850   -0.4794293158   -0.4908216576 
     19       O                 0.5174268406   -0.4720546050   -1.5018925744 
     20       Ti                0.5396880245   -0.4492260933   -1.9696977213 
     21       Ti                0.4997506651   -0.4958457135   -0.9912040764 
     22       Ti               -0.4996194697   -0.4961296533   -0.9912845293 
     23       Ti                0.4967726056    0.5032259259   -0.9901839361 
     24       O                -0.4792817451    0.5206175802   -0.4907668340 
     25       O                 0.5207680561   -0.4793255913   -0.4908129602 
     26       O                -0.4740407220    0.5262569610   -1.4956653025 
     27       Ti               -0.4999479512    0.5035459106   -0.9932249706 
     28       Ti               -0.4562191662    0.5436127624   -0.0181840960 
     29       Ti                0.5437336585   -0.4563418461   -0.0181760029 
     30       Ti               -0.4603026058    0.5508231992   -1.9670467965 
     31       O                 0.5081386753    0.5248457180   -1.4897194971 
     32       O                 0.5206675118    0.5205579414   -0.4909183468 
     33       Ti                0.5436988611    0.5435006823   -0.0182565826 
     34       Ti                0.5398977444    0.5500402651   -1.9562693862 
     35       H                 0.7306193117    0.3835694246   -2.6448265843 
     36       Ba                0.0186567820   -0.9700748592   -1.5070431842 
     37       Ba               -0.9778988166    0.0220054514   -0.4732912267 
     38       Ba                0.0221364411   -0.9779721398   -0.4732410315 
     39       Ba               -0.9791162180    0.0253651335   -1.5017695735 
     40       H                 0.9868465063    0.1827830204   -2.4450696593 
     41       O                 0.9656381078    0.3258117372   -2.6389912513 
     42       Ba                1.0208837820    0.0253651335   -1.5017695735 
     43       Ba                0.0221364411    1.0220278602   -0.4732410315 
     44       Ba                1.0221011834    0.0220054514   -0.4732912267 
     45       H                -1.0131534937    0.1827830204   -2.4450696593 
     46       Ba                0.0186567820    1.0299251408   -1.5070431842 
     47       O                -0.4696138289   -0.9580868751   -0.9932396090 
     48       O                -0.9627406488   -0.4654728955   -0.9916390121 
     49       O                -1.0343618922    0.3258117372   -2.6389912513 
     50       O                 0.5295865561   -0.9580196908   -0.9931252793 
     51       O                -0.9618767948    0.5343692750   -0.9939136543 
     52       O                 0.9889277684   -0.4882383145   -2.0059912217 
     53       O                -0.4963943634    0.9915650057    0.0120402094 
     54       O                 0.9915076402   -0.4967286519    0.0120312590 
     55       O                 0.9914408564    0.5031592223    0.0120214425 
     56       O                 0.5033676054    0.9914059055    0.0120210138 
     57       O                 0.9916517255    0.5135179717   -1.9640995368 
     58       O                -0.4986618944   -0.9992503066   -1.9972213383 
     59       O                 0.5011369299    0.9994165781   -1.9947482730 
     60       O                -0.4986618944    1.0007496934   -1.9972213383 
     61       O                 0.5011369299   -1.0005834219   -1.9947482730 
     62       O                -1.0110722316   -0.4882383145   -2.0059912217 
     63       O                -0.4963943634   -1.0084349943    0.0120402094 
     64       O                -1.0084923598   -0.4967286519    0.0120312590 
     65       O                -1.0085591436    0.5031592223    0.0120214425 
     66       O                 0.5033676054   -1.0085940945    0.0120210138 
     67       O                -1.0083482745    0.5135179717   -1.9640995368 
     68       O                 1.0372593512   -0.4654728955   -0.9916390121 
     69       O                -0.4696138289    1.0419131249   -0.9932396090 
     70       O                 1.0381232052    0.5343692750   -0.9939136543 
     71       O                 0.5295865561    1.0419803092   -0.9931252793 
     72       H                -1.2693806883    0.3835694246   -2.6448265843 
     73       Ba               -0.9792616279   -0.9701312049   -1.5051388004 
     74       Ba               -0.9778429564   -0.9780043839   -0.4732291918 
     75       Ba                1.0207383721   -0.9701312049   -1.5051388004 
     76       Ba               -0.9778429564    1.0219956161   -0.4732291918 
     77       Ba                1.0221570436   -0.9780043839   -0.4732291918 
     78       Ba               -0.9792616279    1.0298687951   -1.5051388004 
     79       Ba                1.0221570436    1.0219956161   -0.4732291918 
     80       Ba                1.0207383721    1.0298687951   -1.5051388004 
     81       O                 0.0360073573   -1.4655035476   -0.9871487047 
     82       O                -1.4711473479    0.0403602150   -0.9913592452 
     83       O                -0.0097553999   -1.4886949071   -1.9992380410 
     84       O                -1.4938918861    0.0044969547   -2.0050916917 
     85       O                 1.4951359022    0.0006713699   -2.0049387622 
     86       O                -0.0084168387   -1.4965348929    0.0119439069 
     87       O                -1.4966314981   -0.0085643463    0.0120119714 
     88       O                 1.5031921246   -0.0086097304    0.0120308055 
     89       O                -0.0084939862    1.5034839564    0.0120192112 
     90       O                -0.0101191250    1.5141944064   -2.0032259396 
     91       Ti               -0.4603026058   -1.4491768008   -1.9670467965 
     92       Ti               -1.4562663415   -0.4563418461   -0.0181760029 
     93       Ti               -0.4562191662   -1.4563872376   -0.0181840960 
     94       Ti               -1.4603119755   -0.4492260933   -1.9696977213 
     95       O                 1.5303962625    0.0404862513   -0.9934497653 
     96       O                 0.0368610006    1.5349174651   -0.9938166032 
     97       Ti                0.5398977444   -1.4499597349   -1.9562693862 
     98       O                -0.4740407220   -1.4737430390   -1.4956653025 
     99       Ti               -1.4563011389    0.5435006823   -0.0182565826 
    100       Ti                0.5436988611   -1.4564993177   -0.0182565826 
    101       O                -1.4792319439   -0.4793255913   -0.4908129602 
    102       O                -0.4792817451   -1.4793824198   -0.4907668340 
    103       O                -1.4825731594   -0.4720546050   -1.5018925744 
    104       O                 0.5081386753   -1.4751542820   -1.4897194971 
    105       Ti               -1.4601022556    0.5500402651   -1.9562693862 
    106       O                -1.4793324882    0.5205579414   -0.4909183468 
    107       O                 0.5206675118   -1.4794420586   -0.4909183468 
    108       Ti                0.4967726056   -1.4967740741   -0.9901839361 
    109       Ti               -0.4999479512   -1.4964540894   -0.9932249706 
    110       Ti               -1.5002493349   -0.4958457135   -0.9912040764 
    111       Ti                1.5003805303   -0.4961296533   -0.9912845293 
    112       O                -1.4918613247    0.5248457180   -1.4897194971 
    113       Ti                1.5000520488    0.5035459106   -0.9932249706 
    114       Ti               -0.4996194697    1.5038703467   -0.9912845293 
    115       Ti                0.4997506651    1.5041542865   -0.9912040764 
    116       Ti               -1.5032273944    0.5032259259   -0.9901839361 
    117       O                 1.5161343859   -0.4737684079   -1.5020615078 
    118       O                -0.4793370850    1.5205706842   -0.4908216576 
    119       O                 1.5206629150   -0.4794293158   -0.4908216576 
    120       O                -0.4838656141    1.5262315921   -1.5020615078 
    121       Ti                1.5391408772   -0.4507038840   -1.9712122387 
    122       O                 1.5207182549    0.5206175802   -0.4907668340 
    123       O                 0.5207680561    1.5206744087   -0.4908129602 
    124       Ti               -0.4563328637    1.5435650278   -0.0181825213 
    125       Ti                1.5436671363   -0.4564349722   -0.0181825213 
    126       O                 0.5174268406    1.5279453950   -1.5018925744 
    127       O                 1.5259592780    0.5262569610   -1.4956653025 
    128       Ti               -0.4608591228    1.5492961160   -1.9712122387 
    129       Ti                1.5396973942    0.5508231992   -1.9670467965 
    130       Ti                0.5437336585    1.5436581539   -0.0181760029 
    131       Ti                1.5437808338    0.5436127624   -0.0181840960 
    132       Ti                0.5396880245    1.5507739067   -1.9696977213 
    133       O                -0.9618767948   -1.4656307250   -0.9939136543 
    134       O                -1.4704134439   -0.9580196908   -0.9931252793 
    135       H                 0.7306193117   -1.6164305754   -2.6448265843 
    136       O                 0.9916517255   -1.4864820283   -1.9640995368 
    137       O                -1.4966323946    0.9914059055    0.0120210138 
    138       O                 0.9914408564   -1.4968407777    0.0120214425 
    139       O                 1.0381232052   -1.4656307250   -0.9939136543 
    140       O                -1.0083482745   -1.4864820283   -1.9640995368 
    141       O                 0.9915076402    1.5032713481    0.0120312590 
    142       O                 1.5036056366    0.9915650057    0.0120402094 
    143       O                -1.4988630701    0.9994165781   -1.9947482730 
    144       O                -1.4704134439    1.0419803092   -0.9931252793 
    145       O                -1.4988630701   -1.0005834219   -1.9947482730 
    146       O                 1.5013381056   -0.9992503066   -1.9972213383 
    147       O                 1.5013381056    1.0007496934   -1.9972213383 
    148       O                -1.4966323946   -1.0085940945    0.0120210138 
    149       O                -1.0085591436   -1.4968407777    0.0120214425 
    150       O                 1.5303861711   -0.9580868751   -0.9932396090 
    151       O                 0.9889277684    1.5117616855   -2.0059912217 
    152       O                -1.0084923598    1.5032713481    0.0120312590 
    153       O                 1.5036056366   -1.0084349943    0.0120402094 
    154       O                -0.9627406488    1.5345271045   -0.9916390121 
    155       O                -1.0110722316    1.5117616855   -2.0059912217 
    156       O                 1.5303861711    1.0419131249   -0.9932396090 
    157       O                 1.0372593512    1.5345271045   -0.9916390121 
    158       O                 0.9656381078   -1.6741882628   -2.6389912513 
    159       O                -1.0343618922   -1.6741882628   -2.6389912513 
    160       Ba                0.0183839526   -1.9735895743   -1.5086997106 
    161       Ba               -1.9779202464    0.0219967790   -0.4733152747 
    162       Ba                0.0220797536   -1.9780032210   -0.4733152747 
    163       Ba               -1.9816160474    0.0264104257   -1.5086997106 
    164       O                -0.4696037375   -1.9595137487   -0.9934497653 
    165       O                -1.9631389994   -0.4650825349   -0.9938166032 
    166       O                 0.5288526521   -1.9596397850   -0.9913592452 
    167       O                -1.9639926427    0.5344964524   -0.9871487047 
    168       O                 1.9898808750   -0.4858055936   -2.0032259396 
    169       O                -0.4968078754    1.9913902696    0.0120308055 
    170       O                 1.9915060138   -0.4965160436    0.0120192112 
    171       O                 0.5033685019    1.9914356537    0.0120119714 
    172       O                 1.9915831613    0.5034651071    0.0119439069 
    173       O                 1.9902446001    0.5113050929   -1.9992380410 
    174       H                -1.2693806883   -1.6164305754   -2.6448265843 
    175       Ti               -1.4601022556   -1.4499597349   -1.9562693862 
    176       O                 0.5061081139   -1.9955030453   -2.0050916917 
    177       Ti               -1.4563011389   -1.4564993177   -0.0182565826 
    178       O                -0.5048640978   -1.9993286301   -2.0049387622 
    179       H                 0.9868465063   -1.8172169796   -2.4450696593 
    180       H                -1.0131534937   -1.8172169796   -2.4450696593 
    181       O                -1.4793324882   -1.4794420586   -0.4909183468 
    182       O                -1.4918613247   -1.4751542820   -1.4897194971 
    183       Ti                1.5396973942   -1.4491768008   -1.9670467965 
    184       Ti                1.5000520488   -1.4964540894   -0.9932249706 
    185       Ti               -1.5032273944   -1.4967740741   -0.9901839361 
    186       O                 1.5259592780   -1.4737430390   -1.4956653025 
    187       O                -1.4792319439    1.5206744087   -0.4908129602 
    188       O                 1.5207182549   -1.4793824198   -0.4907668340 
    189       Ti               -1.4562663415    1.5436581539   -0.0181760029 
    190       Ti                1.5437808338   -1.4563872376   -0.0181840960 
    191       Ti                1.5003805303    1.5038703467   -0.9912845293 
    192       Ti               -1.5002493349    1.5041542865   -0.9912040764 
    193       O                -1.4825731594    1.5279453950   -1.5018925744 
    194       Ti               -1.4603119755    1.5507739067   -1.9696977213 
    195       O                 1.5206629150    1.5205706842   -0.4908216576 
    196       O                 1.5161343859    1.5262315921   -1.5020615078 
    197       Ti                1.5436671363    1.5435650278   -0.0181825213 
    198       Ti                1.5391408772    1.5492961160   -1.9712122387 
    199       Ba               -0.9791162180   -1.9746348665   -1.5017695735 
    200       Ba               -1.9813432180   -0.9700748592   -1.5070431842 
    201       Ba               -1.9778635589   -0.9779721398   -0.4732410315 
    202       Ba               -0.9778988166   -1.9779945486   -0.4732912267 
    203       Ba                1.0208837820   -1.9746348665   -1.5017695735 
    204       Ba               -1.9778635589    1.0220278602   -0.4732410315 
    205       Ba                1.0221011834   -1.9779945486   -0.4732912267 
    206       Ba               -1.9813432180    1.0299251408   -1.5070431842 
    207       O                -1.4711473479   -1.9596397850   -0.9913592452 
    208       O                -1.9639926427   -1.4655035476   -0.9871487047 
    209       O                 1.9902446001   -1.4886949071   -1.9992380410 
    210       O                 1.5303962625   -1.9595137487   -0.9934497653 
    211       O                -1.4966314981    1.9914356537    0.0120119714 
    212       O                 1.9915831613   -1.4965348929    0.0119439069 
    213       O                -1.9631389994    1.5349174651   -0.9938166032 
    214       O                -1.4938918861   -1.9955030453   -2.0050916917 
    215       O                 1.5031921246    1.9913902696    0.0120308055 
    216       O                 1.9915060138    1.5034839564    0.0120192112 
    217       O                 1.4951359022   -1.9993286301   -2.0049387622 
    218       O                 1.9898808750    1.5141944064   -2.0032259396 
    219       Ba               -1.9816160474   -1.9735895743   -1.5086997106 
    220       Ba               -1.9779202464   -1.9780032210   -0.4733152747 
