primitive lattice vectors  2  2  1
  8.00000000  0.00000000  0.00000000
  0.00000000  8.00000000  0.00000000
  0.00000000  0.00000000100.00000000
number of atoms in unit cell
908
atom, type, position vector
      1       Ba                0.0188898244    0.0216761505   -1.5097360682 
      2       Ba                0.0218906797    0.0218411252   -0.4742883436 
      3       O                 0.1169811507   -0.0290647235   -2.5566345608 
      4       C                -0.1789331265    0.0750778408   -3.1517562977 
      5       P                -0.2192804825    0.0611335912   -2.6944609650 
      6       H                -0.0462239859   -0.2783506802   -3.5334861314 
      7       C                -0.1028945677   -0.2822120376   -3.2666022123 
      8       H                 0.3139329960   -0.0056766278   -2.2177067860 
      9       C                 0.1217620526    0.2983235077   -3.2309752978 
     10       H                 0.1558086023    0.3074532186   -3.5016795884 
     11       H                 0.1127139670   -0.3841675771   -3.1354015952 
     12       H                 0.3495245468    0.2005147638   -3.1189309199 
     13       O                -0.4715678884    0.0255954571   -0.9861609919 
     14       O                 0.0438612178   -0.4717668910   -0.9976335423 
     15       O                 0.4835962442   -0.0124974796   -2.0312378402 
     16       O                -0.4837548061    0.0045976377   -1.9697889507 
     17       O                -0.0077945560   -0.4958820525    0.0126477278 
     18       O                -0.4958927796   -0.0078238720    0.0125774613 
     19       O                -0.0097817110   -0.4968521117   -1.9861119428 
     20       H                -0.4558144931    0.2063779491   -3.5926393272 
     21       O                 0.0233263833    0.5023470225   -1.9998335607 
     22       O                -0.0077648517    0.5040780148    0.0126164273 
     23       O                 0.5041492048   -0.0077978347    0.0125552850 
     24       O                 0.0448685111    0.5266631313   -0.9913834936 
     25       C                -0.4919091751    0.2091200032   -3.3220291778 
     26       O                 0.5359506921    0.0366746943   -0.9981198439 
     27       O                -0.4838980653   -0.2556747870   -2.6202828543 
     28       H                -0.3144590484   -0.4485253269   -3.2267718627 
     29       O                -0.4025657389    0.3795861865   -2.5567693032 
     30       H                 0.0848955703    0.5536819758   -3.1432386673 
     31       Ti               -0.4519305073   -0.4497024217   -1.9841269103 
     32       Ti               -0.4561897735   -0.4562058045   -0.0181705164 
     33       Ti               -0.4187703527    0.5215754302   -2.0816287170 
     34       O                -0.4797125293   -0.4797934364   -0.4901492064 
     35       O                -0.4859932658   -0.4845574115   -1.4980206082 
     36       O                -0.4715315687    0.5178610923   -1.4700596806 
     37       Ti                0.4994821496    0.4970177381   -0.9964121331 
     38       Ti               -0.5054157987    0.4928378895   -1.0104463727 
     39       O                -0.4796717767    0.5202154800   -0.4901873000 
     40       O                 0.5202730878   -0.4797434303   -0.4901955726 
     41       Ti               -0.5084210353   -0.4940115959   -1.0006025615 
     42       Ti                0.4998703283   -0.5028789441   -0.9947265790 
     43       Ti               -0.4561394494    0.5437497504   -0.0180926708 
     44       Ti                0.5438122313   -0.4561846591   -0.0181245158 
     45       O                 0.5244374906   -0.4830175047   -1.4984939413 
     46       H                -0.7107923222    0.0565746819   -3.2666226635 
     47       H                -0.5450935127    0.4650039009   -3.2458730229 
     48       H                -0.7047457326   -0.1624872228   -2.5804734642 
     49       O                 0.5203785138    0.5202556386   -0.4902156894 
     50       O                 0.5277136599    0.5185430063   -1.4991078724 
     51       Ti                0.5467583950   -0.5217826418   -1.9603767204 
     52       Ti                0.5438779555    0.5437143785   -0.0182310321 
     53       Ti                0.5462769441    0.5610295600   -1.9665236986 
     54       Ba               -0.9752313617    0.0294176091   -1.5231201603 
     55       Ba               -0.9780955508    0.0218099210   -0.4742858097 
     56       Ba                0.0218822768   -0.9781417256   -0.4742421684 
     57       Ba                0.0119890518   -0.9790628346   -1.5035149410 
     58       Ba                0.0071412123    1.0101353106   -1.5213297018 
     59       Ba                1.0198965085    0.0172701537   -1.5230438657 
     60       Ba                0.0219023557    1.0218197410   -0.4742031468 
     61       Ba                1.0219135920    0.0218184145   -0.4742871470 
     62       O                -0.4712218927   -0.9618272897   -0.9921829640 
     63       O                -0.9664067447   -0.4698330988   -0.9961613572 
     64       O                -0.4814665037    0.9628798610   -2.0305564947 
     65       O                 0.5344960682   -0.9634403424   -0.9960365174 
     66       O                -0.9700356605    0.5265400134   -0.9940864228 
     67       O                -0.4958918036    0.9921187873    0.0126296975 
     68       O                 0.9921693646   -0.4959019708    0.0126110341 
     69       O                 0.4988983721   -0.9908458938   -1.9907718527 
     70       O                 0.9901215346   -0.5016858784   -1.9942458593 
     71       O                 0.5042017826    0.9921089299    0.0126226176 
     72       O                 0.9922601785    0.5040382600    0.0125907157 
     73       O                 0.9923475575    0.5055684186   -2.0084534907 
     74       O                -1.0078782044   -0.4844255371   -2.0152814180 
     75       O                -0.4990472504   -1.0011616055   -2.0028891840 
     76       O                -1.0077752380   -0.4959548058    0.0126267195 
     77       O                -0.4958938461   -1.0079098840    0.0126497645 
     78       O                -1.0077772090    0.5040271261    0.0125991717 
     79       O                 0.5041105546   -1.0077960360    0.0126134930 
     80       O                 0.5108777957    1.0089140015   -1.9891528200 
     81       O                -1.0221545413    0.4990029479   -2.0169380675 
     82       O                -0.4717027506    1.0409782312   -0.9918398511 
     83       O                 1.0421301723   -0.4711511754   -0.9979078509 
     84       O                 0.5301877355    1.0396625851   -0.9983177914 
     85       O                 1.0421320121    0.5328536256   -0.9955452697 
     86       Ba               -0.9797166268   -0.9722047547   -1.5180387081 
     87       Ba               -0.9780886854   -0.9781960504   -0.4742029931 
     88       Ba               -0.9628205730    1.0023412078   -1.5351269960 
     89       Ba               -0.9781014095    1.0218229210   -0.4742480671 
     90       Ba                1.0219415600   -0.9781446557   -0.4742883464 
     91       Ba                1.0332713840   -0.9902916178   -1.5062454865 
     92       Ba                1.0219213560    1.0218576020   -0.4742084602 
     93       Ba                1.0255977000    1.0261590862   -1.5091457132 
     94       O                 0.0402017774   -1.4694438698   -0.9953583030 
     95       O                -1.4715153189    0.0377798666   -0.9983295583 
     96       O                -0.0103033787   -1.4877970850   -1.9990499473 
     97       O                -1.4958823760   -0.0078543567    0.0126288852 
     98       O                -0.0077325011   -1.4959226870    0.0126196328 
     99       O                -0.0016709226    1.5017655006   -2.0035651097 
    100       O                 1.5022785627   -0.0149026976   -2.0078629681 
    101       O                -0.0077681103    1.5040621640    0.0126302373 
    102       O                 1.5041044870   -0.0078027867    0.0125895471 
    103       O                -1.5042831932   -0.0072333787   -2.0120825237 
    104       Ti               -0.4599885473   -1.4467128304   -1.9728585498 
    105       Ti               -1.4561510790   -0.4562105773   -0.0180737063 
    106       Ti               -0.4561185870   -1.4562631120   -0.0180923663 
    107       Ti               -1.4577944001   -0.4527352449   -1.9777371758 
    108       O                 1.5298617238    0.0387596438   -1.0001571041 
    109       O                 0.0366306824    1.5309423734   -0.9964451081 
    110       O                -0.4830487941   -1.4759781004   -1.4991646965 
    111       Ti               -1.4561445750    0.5437569199   -0.0181160046 
    112       Ti                0.5438534976   -1.4561678360   -0.0180902847 
    113       O                -1.4796615249   -0.4780246369   -1.5051172596 
    114       O                -1.4796865810   -0.4797854163   -0.4901580709 
    115       O                -0.4796952545   -1.4797877280   -0.4901695890 
    116       Ti               -1.4607357002    0.5442662077   -1.9802444329 
    117       O                 0.5200434333   -1.4792051627   -1.4962912556 
    118       O                -1.4796800250    0.5201863355   -0.4901844121 
    119       O                 0.5203915313   -1.4796771970   -0.4901805010 
    120       O                -1.4833492645    0.5192496367   -1.5050984619 
    121       Ti                0.5404264467   -1.4813518464   -1.9589217621 
    122       Ti               -0.5034302622    1.4945207353   -0.9978528895 
    123       Ti               -1.4970197216    0.4962585913   -0.9992483654 
    124       Ti                0.4946717912    1.4977379023   -0.9960693026 
    125       Ti               -0.5057390579   -1.4959270720   -0.9966990844 
    126       Ti                1.5006275436    0.4981077379   -0.9987315714 
    127       Ti                0.4982407437   -1.5019010861   -0.9928023867 
    128       Ti               -1.5016048046   -0.5000530871   -0.9985975042 
    129       Ti                1.5011516028   -0.5016316349   -0.9986883435 
    130       O                -0.4801860433    1.5141295468   -1.5061204826 
    131       O                -0.4796972966    1.5202551540   -0.4901703337 
    132       O                 1.5203668130   -0.4797009776   -0.4901684370 
    133       O                 1.5233976999   -0.4832898397   -1.5017871194 
    134       O                 1.5180066313    0.5206289533   -1.5038671215 
    135       O                 0.5203403660    1.5202741550   -0.4901648431 
    136       O                 1.5203966930    0.5203015945   -0.4902173388 
    137       Ti               -0.4561681135    1.5437680350   -0.0182044679 
    138       Ti                1.5438256820   -0.4561936819   -0.0181979960 
    139       Ti               -0.4538362951    1.5453613481   -1.9795551912 
    140       O                 0.5189366321    1.5268508195   -1.4953385966 
    141       Ti                1.5472463246   -0.4610700071   -1.9758808273 
    142       Ti                1.5378773987    0.5495220974   -1.9771232942 
    143       Ti                0.5438367865    1.5437781810   -0.0181693634 
    144       Ti                1.5438454070    0.5437809162   -0.0181321814 
    145       Ti                0.5388502020    1.5477073866   -1.9604915410 
    146       O                -0.9646331120   -1.4662639867   -0.9959495912 
    147       O                -1.4709433676   -0.9590031370   -0.9992221535 
    148       O                 0.9822157219   -1.4906321794   -2.0005174122 
    149       O                -1.4958645090    0.9921089870    0.0125973078 
    150       O                 0.9922040082   -1.4958778220    0.0126864679 
    151       O                -1.4660579180    1.0375644090   -0.9988003393 
    152       O                -0.9944644871    1.4968604001   -2.0093962221 
    153       O                -1.4893358226   -1.0123661633   -2.0088857668 
    154       O                -1.4990062980    0.9989150654   -2.0056680761 
    155       O                 1.5040955000    0.9921456433    0.0126097908 
    156       O                 0.9922093624    1.5040887240    0.0126750900 
    157       O                 1.4993134928    0.9994590417   -2.0036147730 
    158       O                -0.9997290416   -1.4996465212   -2.0044474979 
    159       O                -1.4958560830   -1.0078390220    0.0126413047 
    160       O                -1.0078011610   -1.4959951200    0.0125708124 
    161       O                 1.0437521551   -1.4722410885   -0.9971038209 
    162       O                 0.9836650664    1.5153573292   -2.0016807770 
    163       O                -0.9618234805    1.5310479615   -0.9968666455 
    164       O                -1.0077734000    1.5040347660    0.0126230257 
    165       O                 1.5041436280   -1.0078526340    0.0126236765 
    166       O                 1.5342867972   -0.9617350589   -0.9967189440 
    167       O                 1.5052629821   -1.0150480171   -2.0088076969 
    168       O                 1.0423816939    1.5313186780   -0.9970742540 
    169       O                 1.5333415807    1.0399141762   -0.9978555940 
    170       Ba                0.0127226990   -1.9773014731   -1.5088431867 
    171       Ba               -1.9780394220    0.0218421215   -0.4743139844 
    172       Ba                0.0219221786   -1.9781248560   -0.4743105227 
    173       Ba               -1.9797845254    0.0240360015   -1.5197748739 
    174       O                -0.4720809388   -1.9569292346   -0.9979195297 
    175       O                -1.9612823448   -0.4675748871   -0.9978107862 
    176       Ba                2.0202154746    0.0240360015   -1.5197748739 
    177       Ba                0.0219221786    2.0218751440   -0.4743105227 
    178       Ba                2.0219605780    0.0218421215   -0.4743139844 
    179       Ba                0.0127226990    2.0226985269   -1.5088431867 
    180       O                -1.9605637204    0.5314835101   -0.9975298529 
    181       O                 0.5309553240   -1.9611574453   -0.9951124810 
    182       O                 1.9837556021    0.5067280915   -2.0127662941 
    183       O                -0.4894428949    1.9883520112   -2.0068979641 
    184       O                 0.4985247882   -1.9872482381   -1.9878880105 
    185       O                -0.4958820338    1.9921461840    0.0126353719 
    186       O                 1.9921861450   -0.4959245733    0.0126477167 
    187       O                 0.5041371125    1.9921555200    0.0126198498 
    188       O                 1.9922045320    0.5040580921    0.0126351910 
    189       O                 1.9944658029   -0.5010232242   -2.0084256879 
    190       Ti               -1.4497050741   -1.4592241791   -1.9760247292 
    191       Ti               -1.4561807150   -1.4562370830   -0.0181928108 
    192       O                -2.0055341971   -0.5010232242   -2.0084256879 
    193       O                -2.0078138550   -0.4959245733    0.0126477167 
    194       O                -0.4958820338   -2.0078538160    0.0126353719 
    195       O                -2.0077954680    0.5040580921    0.0126351910 
    196       O                 0.5041371125   -2.0078444800    0.0126198498 
    197       O                -0.4894428949   -2.0116479888   -2.0068979641 
    198       O                 0.4985247882    2.0127517619   -1.9878880105 
    199       O                -2.0162443979    0.5067280915   -2.0127662941 
    200       O                 2.0387176552   -0.4675748871   -0.9978107862 
    201       O                -1.4761549191   -1.4818456257   -1.5029111320 
    202       O                -1.4797810880   -1.4798187610   -0.4901619677 
    203       O                -0.4720809388    2.0430707654   -0.9979195297 
    204       O                 0.5309553240    2.0388425547   -0.9951124810 
    205       O                 2.0394362796    0.5314835101   -0.9975298529 
    206       Ti               -1.4440684557    1.5358091770   -1.9764511964 
    207       Ti               -1.4953563601    1.4928884786   -0.9994869884 
    208       O                -1.4710833409    1.5171494598   -1.5038082044 
    209       O                -1.4796655460    1.5202903220   -0.4901599062 
    210       O                 1.5203181070   -1.4797475230   -0.4901887506 
    211       Ti                1.5023565798    1.4987600207   -0.9975376926 
    212       Ti               -1.4561441630    1.5437917440   -0.0181056859 
    213       Ti                1.5438323750   -1.4562462830   -0.0182163069 
    214       Ti               -1.4986415477   -1.5027372755   -0.9984175242 
    215       Ti                1.5055457444   -1.5033874081   -0.9967782454 
    216       O                 1.5261579157   -1.4827893949   -1.5011438137 
    217       Ti                1.5541098835   -1.4635969250   -1.9752130392 
    218       O                 1.5203410310    1.5202996220   -0.4901983965 
    219       O                 1.5219233012    1.5232076314   -1.5017406463 
    220       Ti                1.5438334500    1.5437827500   -0.0182310306 
    221       Ti                1.5452647468    1.5457112541   -1.9755454967 
    222       Ba               -1.9736353135   -0.9797883523   -1.5180493868 
    223       Ba               -1.9780850800   -0.9781634340   -0.4742322809 
    224       Ba               -0.9781096155   -1.9781567190   -0.4742858983 
    225       Ba               -0.9752796071   -1.9808268282   -1.5164633178 
    226       Ba               -1.9757251962    1.0215817045   -1.5183988690 
    227       Ba               -1.9780514160    1.0218524330   -0.4742699287 
    228       Ba                1.0218739230   -1.9781370760   -0.4742744578 
    229       Ba                1.0284858166   -1.9799669522   -1.5077603493 
    230       Ba               -0.9752796071    2.0191731718   -1.5164633178 
    231       Ba               -0.9781096155    2.0218432810   -0.4742858983 
    232       Ba                2.0219149200   -0.9781634340   -0.4742322809 
    233       Ba                2.0263646865   -0.9797883523   -1.5180493868 
    234       Ba                1.0218739230    2.0218629240   -0.4742744578 
    235       Ba                2.0219485840    1.0218524330   -0.4742699287 
    236       Ba                1.0284858166    2.0200330478   -1.5077603493 
    237       Ba                2.0242748038    1.0215817045   -1.5183988690 
    238       O                -1.4668957700   -1.9595840334   -0.9981393550 
    239       O                -1.9599342511   -1.4694979613   -0.9972427511 
    240       O                 0.0366306824   -2.4690576266   -0.9964451081 
    241       O                -2.4701382762    0.0387596438   -1.0001571041 
    242       O                -1.4870489808    1.9850970520   -2.0094836068 
    243       O                -1.9566268493    1.5293599776   -0.9996744271 
    244       O                -1.4958689010    1.9921364420    0.0126680713 
    245       O                 1.9921954640   -1.4959750250    0.0126350862 
    246       O                 1.5363804435   -1.9624569375   -0.9956050066 
    247       O                 2.4957168068   -0.0072333787   -2.0120825237 
    248       Ti               -2.4527536754   -0.4610700071   -1.9758808273 
    249       O                -2.4958955130   -0.0078027867    0.0125895471 
    250       O                -0.0077681103   -2.4959378360    0.0126302373 
    251       O                 1.5040563470    1.9921483980    0.0125945053 
    252       O                 1.9921966630    1.5040724430    0.0126215579 
    253       Ti               -0.4538362951   -2.4546386519   -1.9795551912 
    254       O                 1.9889265719    1.5089016084   -2.0075365079 
    255       O                -2.4977214373   -0.0149026976   -2.0078629681 
    256       Ti               -2.4561743180   -0.4561936819   -0.0181979960 
    257       O                -0.0016709226   -2.4982344994   -2.0035651097 
    258       Ti               -0.4561681135   -2.4562319650   -0.0182044679 
    259       O                 1.5004017124    1.9984013904   -2.0048648619 
    260       O                -1.9997664629   -1.4998474013   -2.0043658692 
    261       O                 2.0002335371   -1.4998474013   -2.0043658692 
    262       O                 1.5004017124   -2.0015986096   -2.0048648619 
    263       O                -1.4958689010   -2.0078635580    0.0126680713 
    264       O                -2.0078045360   -1.4959750250    0.0126350862 
    265       O                -0.0077325011    2.5040773130    0.0126196328 
    266       O                 2.5041176240   -0.0078543567    0.0126288852 
    267       O                -1.4870489808   -2.0149029480   -2.0094836068 
    268       O                -2.0078033370    1.5040724430    0.0126215579 
    269       O                 1.5040563470   -2.0078516020    0.0125945053 
    270       Ti                0.5388502020   -2.4522926134   -1.9604915410 
    271       O                -0.0103033787    2.5122029150   -1.9990499473 
    272       O                -1.4668957700    2.0404159666   -0.9981393550 
    273       O                 2.0400657489   -1.4694979613   -0.9972427511 
    274       O                -2.0110734281    1.5089016084   -2.0075365079 
    275       Ti               -2.4561545930    0.5437809162   -0.0181321814 
    276       Ti                0.5438367865   -2.4562218190   -0.0181693634 
    277       Ti               -2.4621226013    0.5495220974   -1.9771232942 
    278       O                -2.4766023001   -0.4832898397   -1.5017871194 
    279       O                -2.4796331870   -0.4797009776   -0.4901684370 
    280       O                -0.4796972966   -2.4797448460   -0.4901703337 
    281       O                 0.5189366321   -2.4731491805   -1.4953385966 
    282       O                 2.5284846811    0.0377798666   -0.9983295583 
    283       O                 0.0402017774    2.5305561302   -0.9953583030 
    284       O                -0.4801860433   -2.4858704532   -1.5061204826 
    285       O                -2.4796033070    0.5203015945   -0.4902173388 
    286       O                 0.5203403660   -2.4797258450   -0.4901648431 
    287       O                -2.4819933687    0.5206289533   -1.5038671215 
    288       Ti                0.4982407437    2.4980989139   -0.9928023867 
    289       Ti                2.4983951954   -0.5000530871   -0.9985975042 
    290       Ti               -2.4993724564    0.4981077379   -0.9987315714 
    291       Ti               -2.4988483972   -0.5016316349   -0.9986883435 
    292       Ti                0.4946717912   -2.5022620977   -0.9960693026 
    293       Ti                2.5029802784    0.4962585913   -0.9992483654 
    294       O                 1.5363804435    2.0375430625   -0.9956050066 
    295       O                 2.0433731507    1.5293599776   -0.9996744271 
    296       Ti               -0.5057390579    2.5040729280   -0.9966990844 
    297       Ti               -0.5034302622   -2.5054792647   -0.9978528895 
    298       O                 2.5203384751   -0.4780246369   -1.5051172596 
    299       O                -0.4796952545    2.5202122720   -0.4901695890 
    300       O                 2.5203134190   -0.4797854163   -0.4901580709 
    301       O                 2.5166507355    0.5192496367   -1.5050984619 
    302       O                -0.4830487941    2.5240218996   -1.4991646965 
    303       O                 2.5203199750    0.5201863355   -0.4901844121 
    304       O                 0.5203915313    2.5203228030   -0.4901805010 
    305       O                 0.5200434333    2.5207948373   -1.4962912556 
    306       Ti                0.5404264467    2.5186481536   -1.9589217621 
    307       Ti                2.5422055999   -0.4527352449   -1.9777371758 
    308       Ti               -0.4561185870    2.5437368880   -0.0180923663 
    309       Ti                2.5438489210   -0.4562105773   -0.0180737063 
    310       Ti               -0.4599885473    2.5532871696   -1.9728585498 
    311       Ti                2.5392642998    0.5442662077   -1.9802444329 
    312       Ti                2.5438554250    0.5437569199   -0.0181160046 
    313       Ti                0.5438534976    2.5438321640   -0.0180902847 
    314       O                -2.4657132028   -0.9617350589   -0.9967189440 
    315       O                -0.9618234805   -2.4689520385   -0.9968666455 
    316       O                 0.9836650664   -2.4846426708   -2.0016807770 
    317       O                -2.4666584193    1.0399141762   -0.9978555940 
    318       O                 1.0423816939   -2.4686813220   -0.9970742540 
    319       O                -2.4959045000    0.9921456433    0.0126097908 
    320       O                 0.9922093624   -2.4959112760    0.0126750900 
    321       O                -2.4958563720   -1.0078526340    0.0126236765 
    322       O                -1.0077734000   -2.4959652340    0.0126230257 
    323       O                -0.9997290416    2.5003534788   -2.0044474979 
    324       O                -2.5006865072    0.9994590417   -2.0036147730 
    325       O                 2.5009937020    0.9989150654   -2.0056680761 
    326       O                -2.4947370179   -1.0150480171   -2.0088076969 
    327       O                 2.5041354910    0.9921089870    0.0125973078 
    328       O                -0.9944644871   -2.5031395999   -2.0093962221 
    329       O                 0.9922040082    2.5041221780    0.0126864679 
    330       O                 0.9822157219    2.5093678206   -2.0005174122 
    331       O                -1.0078011610    2.5040048800    0.0125708124 
    332       O                 2.5041439170   -1.0078390220    0.0126413047 
    333       O                 2.5290566324   -0.9590031370   -0.9992221535 
    334       O                 2.5106641774   -1.0123661633   -2.0088857668 
    335       O                -0.9646331120    2.5337360133   -0.9959495912 
    336       O                 1.0437521551    2.5277589115   -0.9971038209 
    337       O                 2.5339420820    1.0375644090   -0.9988003393 
    338       Ba               -1.9702630077   -1.9829227422   -1.5179695719 
    339       Ba               -1.9780665370   -1.9781559910   -0.4743044715 
    340       Ba               -1.9702630077    2.0170772578   -1.5179695719 
    341       Ba               -1.9780665370    2.0218440090   -0.4743044715 
    342       Ba                2.0219334630   -1.9781559910   -0.4743044715 
    343       Ba                2.0297369923   -1.9829227422   -1.5179695719 
    344       Ti               -2.4458901165   -1.4635969250   -1.9752130392 
    345       Ti               -1.4561441630   -2.4562082560   -0.0181056859 
    346       Ti               -2.4561676250   -1.4562462830   -0.0182163069 
    347       Ti               -1.4440684557   -2.4641908230   -1.9764511964 
    348       Ba                2.0219334630    2.0218440090   -0.4743044715 
    349       Ba                2.0297369923    2.0170772578   -1.5179695719 
    350       O                -2.4738420843   -1.4827893949   -1.5011438137 
    351       O                -1.4710833409   -2.4828505402   -1.5038082044 
    352       O                -1.4796655460   -2.4797096780   -0.4901599062 
    353       O                -2.4796818930   -1.4797475230   -0.4901887506 
    354       Ti                1.5452647468   -2.4542887459   -1.9755454967 
    355       Ti               -2.4547352532    1.5457112541   -1.9755454967 
    356       Ti               -2.4561665500    1.5437827500   -0.0182310306 
    357       Ti                1.5438334500   -2.4562172500   -0.0182310306 
    358       O                 1.5219233012   -2.4767923686   -1.5017406463 
    359       O                -2.4796589690    1.5202996220   -0.4901983965 
    360       O                 1.5203410310   -2.4797003780   -0.4901983965 
    361       O                -2.4780766988    1.5232076314   -1.5017406463 
    362       Ti               -1.4986415477    2.4972627245   -0.9984175242 
    363       Ti               -2.4944542556   -1.5033874081   -0.9967782454 
    364       Ti               -2.4976434202    1.4987600207   -0.9975376926 
    365       Ti                1.5055457444    2.4966125919   -0.9967782454 
    366       Ti                2.5046436399    1.4928884786   -0.9994869884 
    367       Ti                1.5023565798   -2.5012399793   -0.9975376926 
    368       Ti                2.5013584523   -1.5027372755   -0.9984175242 
    369       O                -1.4761549191    2.5181543743   -1.5029111320 
    370       Ti               -1.4953563601   -2.5071115214   -0.9994869884 
    371       O                -1.4797810880    2.5201812390   -0.4901619677 
    372       O                 2.5202189120   -1.4798187610   -0.4901619677 
    373       Ti               -1.4497050741    2.5407758209   -1.9760247292 
    374       O                 2.5238450809   -1.4818456257   -1.5029111320 
    375       Ti               -1.4561807150    2.5437629170   -0.0181928108 
    376       Ti                2.5438192850   -1.4562370830   -0.0181928108 
    377       Ti                2.5502949259   -1.4592241791   -1.9760247292 
    378       O                 1.5203181070    2.5202524770   -0.4901887506 
    379       O                 2.5203344540    1.5202903220   -0.4901599062 
    380       O                 1.5261579157    2.5172106051   -1.5011438137 
    381       O                 2.5289166591    1.5171494598   -1.5038082044 
    382       Ti                1.5541098835    2.5364030750   -1.9752130392 
    383       Ti                1.5438323750    2.5437537170   -0.0182163069 
    384       Ti                2.5438558370    1.5437917440   -0.0181056859 
    385       Ba               -2.9780864080    0.0218184145   -0.4742871470 
    386       Ba                0.0219023557   -2.9781802590   -0.4742031468 
    387       Ba               -2.9801034915    0.0172701537   -1.5230438657 
    388       Ti                2.5559315443    1.5358091770   -1.9764511964 
    389       Ba                0.0071412123   -2.9898646894   -1.5213297018 
    390       O                -2.9578698277   -0.4711511754   -0.9979078509 
    391       O                -0.4717027506   -2.9590217688   -0.9918398511 
    392       O                -2.9578679879    0.5328536256   -0.9955452697 
    393       O                 0.5301877355   -2.9603374149   -0.9983177914 
    394       O                 2.9778454587    0.4990029479   -2.0169380675 
    395       Ba                0.0119890518    3.0209371654   -1.5035149410 
    396       Ba                0.0218822768    3.0218582744   -0.4742421684 
    397       Ba                3.0219044492    0.0218099210   -0.4742858097 
    398       Ba                3.0247686383    0.0294176091   -1.5231201603 
    399       O                 2.9921217956   -0.4844255371   -2.0152814180 
    400       O                -0.4958938461    2.9920901160    0.0126497645 
    401       O                 2.9922247620   -0.4959548058    0.0126267195 
    402       O                 2.9922227910    0.5040271261    0.0125991717 
    403       O                 0.5041105546    2.9922039640    0.0126134930 
    404       O                 0.5108777957   -2.9910859985   -1.9891528200 
    405       O                -0.4990472504    2.9988383945   -2.0028891840 
    406       O                -3.0078306354   -0.4959019708    0.0126110341 
    407       O                -0.4958918036   -3.0078812127    0.0126296975 
    408       O                -3.0077398215    0.5040382600    0.0125907157 
    409       O                 0.5042017826   -3.0078910701    0.0126226176 
    410       O                -3.0076524425    0.5055684186   -2.0084534907 
    411       O                 0.4988983721    3.0091541062   -1.9907718527 
    412       O                -3.0098784654   -0.5016858784   -1.9942458593 
    413       O                 3.0335932553   -0.4698330988   -0.9961613572 
    414       O                -0.4712218927    3.0381727103   -0.9921829640 
    415       O                -0.4814665037   -3.0371201390   -2.0305564947 
    416       O                 3.0299643395    0.5265400134   -0.9940864228 
    417       O                 0.5344960682    3.0365596576   -0.9960365174 
    418       Ba               -2.9667286160   -0.9902916178   -1.5062454865 
    419       Ba               -2.9780584400   -0.9781446557   -0.4742883464 
    420       Ba               -0.9781014095   -2.9781770790   -0.4742480671 
    421       Ba                1.0255977000   -2.9738409138   -1.5091457132 
    422       Ba               -2.9744023000    1.0261590862   -1.5091457132 
    423       Ba               -0.9628205730   -2.9976587922   -1.5351269960 
    424       Ba               -2.9780786440    1.0218576020   -0.4742084602 
    425       Ba                1.0219213560   -2.9781423980   -0.4742084602 
    426       O                -2.4636195565   -1.9624569375   -0.9956050066 
    427       O                -1.9566268493   -2.4706400224   -0.9996744271 
    428       Ba                3.0202833732   -0.9722047547   -1.5180387081 
    429       Ba               -0.9780886854    3.0218039496   -0.4742029931 
    430       Ba                3.0219113146   -0.9781960504   -0.4742029931 
    431       Ba                1.0332713840    3.0097083822   -1.5062454865 
    432       Ba               -0.9797166268    3.0277952453   -1.5180387081 
    433       O                 1.9889265719   -2.4910983916   -2.0075365079 
    434       Ba                3.0218985905    1.0218229210   -0.4742480671 
    435       Ba                1.0219415600    3.0218553443   -0.4742883464 
    436       O                -2.4959436530    1.9921483980    0.0125945053 
    437       O                 1.9921966630   -2.4959275570    0.0126215579 
    438       O                -2.4636195565    2.0375430625   -0.9956050066 
    439       Ba                3.0371794270    1.0023412078   -1.5351269960 
    440       O                 1.9921954640    2.5040249750    0.0126350862 
    441       O                 2.5041310990    1.9921364420    0.0126680713 
    442       O                -2.4995982876    1.9984013904   -2.0048648619 
    443       O                -1.9599342511    2.5305020387   -0.9972427511 
    444       O                -1.9997664629    2.5001525987   -2.0043658692 
    445       O                -2.0110734281   -2.4910983916   -2.0075365079 
    446       O                 2.0002335371    2.5001525987   -2.0043658692 
    447       O                -2.4995982876   -2.0015986096   -2.0048648619 
    448       O                 2.5129510192    1.9850970520   -2.0094836068 
    449       O                 2.5331042300   -1.9595840334   -0.9981393550 
    450       O                -2.0078033370   -2.4959275570    0.0126215579 
    451       O                -2.4959436530   -2.0078516020    0.0125945053 
    452       O                 2.0433731507   -2.4706400224   -0.9996744271 
    453       O                -2.0078045360    2.5040249750    0.0126350862 
    454       O                 2.5041310990   -2.0078635580    0.0126680713 
    455       O                 2.5129510192   -2.0149029480   -2.0094836068 
    456       O                 2.0400657489    2.5305020387   -0.9972427511 
    457       O                 2.5331042300    2.0404159666   -0.9981393550 
    458       H                 3.2892076778    0.0565746819   -3.2666226635 
    459       H                 3.2952542674   -0.1624872228   -2.5804734642 
    460       O                -2.9562478449   -1.4722410885   -0.9971038209 
    461       O                -1.4660579180   -2.9624355910   -0.9988003393 
    462       O                -2.9576183061    1.5313186780   -0.9970742540 
    463       O                 1.5333415807   -2.9600858238   -0.9978555940 
    464       O                -1.4893358226    2.9876338367   -2.0088857668 
    465       O                 1.5052629821    2.9849519829   -2.0088076969 
    466       O                -1.4958560830    2.9921609780    0.0126413047 
    467       O                 2.9921988390   -1.4959951200    0.0125708124 
    468       O                 1.5041436280    2.9921473660    0.0126236765 
    469       O                 2.9922266000    1.5040347660    0.0126230257 
    470       O                 3.0002709584   -1.4996465212   -2.0044474979 
    471       O                 1.4993134928   -3.0005409583   -2.0036147730 
    472       O                -1.4990062980   -3.0010849346   -2.0056680761 
    473       O                 3.0055355129    1.4968604001   -2.0093962221 
    474       O                -3.0077959918   -1.4958778220    0.0126864679 
    475       O                -1.4958645090   -3.0078910130    0.0125973078 
    476       O                -3.0077906376    1.5040887240    0.0126750900 
    477       O                 1.5040955000   -3.0078543567    0.0126097908 
    478       O                -3.0177842781   -1.4906321794   -2.0005174122 
    479       O                 3.0353668880   -1.4662639867   -0.9959495912 
    480       O                -3.0163349336    1.5153573292   -2.0016807770 
    481       O                -1.4709433676    3.0409968630   -0.9992221535 
    482       O                 3.0381765195    1.5310479615   -0.9968666455 
    483       O                 1.5342867972    3.0382649411   -0.9967189440 
    484       H                 0.0848955703   -3.4463180242   -3.1432386673 
    485       O                -3.4640493079    0.0366746943   -0.9981198439 
    486       Ti               -2.4547352532   -2.4542887459   -1.9755454967 
    487       Ti               -2.4561665500   -2.4562172500   -0.0182310306 
    488       O                 0.0448685111   -3.4733368687   -0.9913834936 
    489       Ti                0.5462769441   -3.4389704400   -1.9665236986 
    490       H                 3.4549064873    0.4650039009   -3.2458730229 
    491       Ti               -3.4561877687   -0.4561846591   -0.0181245158 
    492       Ti               -0.4561394494   -3.4562502496   -0.0180926708 
    493       Ti               -3.4532416050   -0.5217826418   -1.9603767204 
    494       O                -3.4958507952   -0.0077978347    0.0125552850 
    495       O                -0.0077648517   -3.4959219852    0.0126164273 
    496       O                 0.0233263833   -3.4976529775   -1.9998335607 
    497       Ti               -3.4561220445    0.5437143785   -0.0182310321 
    498       Ti                0.5438779555   -3.4562856215   -0.0182310321 
    499       Ti               -3.4537230559    0.5610295600   -1.9665236986 
    500       O                -0.0097817110    3.5031478883   -1.9861119428 
    501       Ti               -0.4187703527   -3.4784245698   -2.0816287170 
    502       O                -2.4780766988   -2.4767923686   -1.5017406463 
    503       O                 3.5041072204   -0.0078238720    0.0125774613 
    504       O                -0.0077945560    3.5041179475    0.0126477278 
    505       O                -2.4796589690   -2.4797003780   -0.4901983965 
    506       O                -3.4755625094   -0.4830175047   -1.4984939413 
    507       O                -3.4722863401    0.5185430063   -1.4991078724 
    508       O                -3.4797269122   -0.4797434303   -0.4901955726 
    509       O                -0.4796717767   -3.4797845200   -0.4901873000 
    510       O                -0.4715315687   -3.4821389077   -1.4700596806 
    511       C                 3.5080908249    0.2091200032   -3.3220291778 
    512       O                 3.5162451939    0.0045976377   -1.9697889507 
    513       O                -3.5164037558   -0.0124974796   -2.0312378402 
    514       O                -3.4796214862    0.5202556386   -0.4902156894 
    515       O                 0.5203785138   -3.4797443614   -0.4902156894 
    516       Ti                0.5467583950    3.4782173582   -1.9603767204 
    517       O                 0.5277136599   -3.4814569937   -1.4991078724 
    518       Ti               -2.4458901165    2.5364030750   -1.9752130392 
    519       O                 3.5161019347   -0.2556747870   -2.6202828543 
    520       Ti                3.4915789647   -0.4940115959   -1.0006025615 
    521       O                 0.0438612178    3.5282331090   -0.9976335423 
    522       O                 3.5284321116    0.0255954571   -0.9861609919 
    523       Ti                3.4945842013    0.4928378895   -1.0104463727 
    524       Ti               -2.4944542556    2.4966125919   -0.9967782454 
    525       O                -2.4738420843    2.5172106051   -1.5011438137 
    526       Ti                0.4998703283    3.4971210559   -0.9947265790 
    527       Ti                2.5013584523    2.4972627245   -0.9984175242 
    528       Ti               -2.4976434202   -2.5012399793   -0.9975376926 
    529       O                -2.4796818930    2.5202524770   -0.4901887506 
    530       Ti               -3.5005178504    0.4970177381   -0.9964121331 
    531       O                 2.5203344540   -2.4797096780   -0.4901599062 
    532       Ti               -2.4561676250    2.5437537170   -0.0182163069 
    533       Ti               -3.5001296717   -0.5028789441   -0.9947265790 
    534       Ti                2.5438558370   -2.4562082560   -0.0181056859 
    535       Ti                0.4994821496   -3.5029822619   -0.9964121331 
    536       Ti               -0.5084210353    3.5059884041   -1.0006025615 
    537       Ti               -0.5054157987   -3.5071621105   -1.0104463727 
    538       Ti                2.5046436399   -2.5071115214   -0.9994869884 
    539       O                 2.5289166591   -2.4828505402   -1.5038082044 
    540       O                 3.5140067342   -0.4845574115   -1.4980206082 
    541       O                -0.4859932658    3.5154425885   -1.4980206082 
    542       H                 3.5441855069    0.2063779491   -3.5926393272 
    543       Ti                2.5559315443   -2.4641908230   -1.9764511964 
    544       O                -0.4797125293    3.5202065636   -0.4901492064 
    545       O                 3.5202874707   -0.4797934364   -0.4901492064 
    546       O                 0.5244374906    3.5169824953   -1.4984939413 
    547       O                 0.5202730878    3.5202565697   -0.4901955726 
    548       O                 3.5203282233    0.5202154800   -0.4901873000 
    549       O                 2.5202189120    2.5201812390   -0.4901619677 
    550       O                 2.5238450809    2.5181543743   -1.5029111320 
    551       H                -0.3144590484    3.5514746731   -3.2267718627 
    552       O                 3.5284684313    0.5178610923   -1.4700596806 
    553       Ba               -2.9715141834   -1.9799669522   -1.5077603493 
    554       Ti               -0.4561897735    3.5437941955   -0.0181705164 
    555       Ti                3.5438102265   -0.4562058045   -0.0181705164 
    556       Ba               -1.9757251962   -2.9784182955   -1.5183988690 
    557       Ba               -1.9780514160   -2.9781475670   -0.4742699287 
    558       Ba               -2.9781260770   -1.9781370760   -0.4742744578 
    559       Ti                3.5480694927   -0.4497024217   -1.9841269103 
    560       H                -0.5450935127   -3.5349960991   -3.2458730229 
    561       Ti               -0.4519305073    3.5502975783   -1.9841269103 
    562       Ti                0.5438122313    3.5438153409   -0.0181245158 
    563       Ti                3.5438605506    0.5437497504   -0.0180926708 
    564       Ba               -2.9715141834    2.0200330478   -1.5077603493 
    565       O                -3.4655039318   -0.9634403424   -0.9960365174 
    566       Ti                2.5438192850    2.5437629170   -0.0181928108 
    567       Ba               -2.9781260770    2.0218629240   -0.4742744578 
    568       Ba                2.0219485840   -2.9781475670   -0.4742699287 
    569       Ti                2.5502949259    2.5407758209   -1.9760247292 
    570       Ba                2.0242748038   -2.9784182955   -1.5183988690 
    571       O                -0.9700356605   -3.4734599866   -0.9940864228 
    572       Ba               -1.9736353135    3.0202116477   -1.5180493868 
    573       Ba               -1.9780850800    3.0218365660   -0.4742322809 
    574       Ba                3.0218903845   -1.9781567190   -0.4742858983 
    575       Ba                3.0247203929   -1.9808268282   -1.5164633178 
    576       O                 3.5974342611    0.3795861865   -2.5567693032 
    577       H                 0.1127139670    3.6158324229   -3.1354015952 
    578       Ti                3.5812296473    0.5215754302   -2.0816287170 
    579       O                 1.0421320121   -3.4671463744   -0.9955452697 
    580       O                -3.4698122645    1.0396625851   -0.9983177914 
    581       O                -3.4891222043    1.0089140015   -1.9891528200 
    582       O                 0.9923475575   -3.4944315814   -2.0084534907 
    583       O                -3.4957982174    0.9921089299    0.0126226176 
    584       O                 0.9922601785   -3.4959617400    0.0125907157 
    585       O                 0.9901215346    3.4983141216   -1.9942458593 
    586       Ba                2.0219149200    3.0218365660   -0.4742322809 
    587       Ba                3.0218903845    2.0218432810   -0.4742858983 
    588       Ba                3.0247203929    2.0191731718   -1.5164633178 
    589       Ba                2.0263646865    3.0202116477   -1.5180493868 
    590       O                -3.4958894454   -1.0077960360    0.0126134930 
    591       O                -1.0077772090   -3.4959728739    0.0125991717 
    592       O                -3.5011016279   -0.9908458938   -1.9907718527 
    593       O                 3.5009527496   -1.0011616055   -2.0028891840 
    594       O                 3.5041081964    0.9921187873    0.0126296975 
    595       O                 0.9921693646    3.5040980292    0.0126110341 
    596       O                -0.4025657389   -3.6204138135   -2.5567693032 
    597       O                -1.0077752380    3.5040451942    0.0126267195 
    598       O                 3.5041061539   -1.0079098840    0.0126497645 
    599       O                -1.0221545413   -3.5009970521   -2.0169380675 
    600       O                 3.5185334963    0.9628798610   -2.0305564947 
    601       H                -3.6504754532    0.2005147638   -3.1189309199 
    602       O                -1.0078782044    3.5155744629   -2.0152814180 
    603       O                 3.5287781073   -0.9618272897   -0.9921829640 
    604       O                -0.9664067447    3.5301669012   -0.9961613572 
    605       O                 3.5282972494    1.0409782312   -0.9918398511 
    606       O                 1.0421301723    3.5288488246   -0.9979078509 
    607       H                -3.6860670040   -0.0056766278   -2.2177067860 
    608       H                 0.1558086023   -3.6925467814   -3.5016795884 
    609       C                 0.1217620526   -3.7016764923   -3.2309752978 
    610       H                 3.6855409516   -0.4485253269   -3.2267718627 
    611       C                -0.1028945677    3.7177879624   -3.2666022123 
    612       H                -0.0462239859    3.7216493198   -3.5334861314 
    613       Ti               -3.4561465024   -1.4561678360   -0.0180902847 
    614       Ti               -1.4561445750   -3.4562430801   -0.0181160046 
    615       Ti               -1.4607357002   -3.4557337923   -1.9802444329 
    616       Ti               -3.4595735533   -1.4813518464   -1.9589217621 
    617       O                -0.4838980653    3.7443252130   -2.6202828543 
    618       Ti                1.5378773987   -3.4504779026   -1.9771232942 
    619       P                 3.7807195175    0.0611335912   -2.6944609650 
    620       O                -3.4796084687   -1.4796771970   -0.4901805010 
    621       O                -3.4799565667   -1.4792051627   -1.4962912556 
    622       O                -1.4796800250   -3.4798136645   -0.4901844121 
    623       O                -1.4833492645   -3.4807503633   -1.5050984619 
    624       Ti               -3.4561632135    1.5437781810   -0.0181693634 
    625       Ti                1.5438454070   -3.4562190838   -0.0181321814 
    626       Ti               -3.4611497980    1.5477073866   -1.9604915410 
    627       O                 1.5180066313   -3.4793710467   -1.5038671215 
    628       O                -3.4796596340    1.5202741550   -0.4901648431 
    629       O                 1.5203966930   -3.4796984055   -0.4902173388 
    630       Ti                3.4942609421   -1.4959270720   -0.9966990844 
    631       O                -3.4810633679    1.5268508195   -1.4953385966 
    632       Ti                3.4965697378    1.4945207353   -0.9978528895 
    633       Ti                1.5011516028    3.4983683651   -0.9986883435 
    634       Ti               -1.5016048046    3.4999469129   -0.9985975042 
    635       Ti                1.5006275436   -3.5018922621   -0.9987315714 
    636       Ti               -1.4970197216   -3.5037414087   -0.9992483654 
    637       Ti               -3.5017592563   -1.5019010861   -0.9928023867 
    638       Ti               -3.5053282088    1.4977379023   -0.9960693026 
    639       O                 3.5169512059   -1.4759781004   -1.4991646965 
    640       H                 0.3495245468   -3.7994852362   -3.1189309199 
    641       O                -1.4796865810    3.5202145837   -0.4901580709 
    642       O                 3.5203047455   -1.4797877280   -0.4901695890 
    643       O                -1.4796615249    3.5219753631   -1.5051172596 
    644       H                -0.4558144931   -3.7936220509   -3.5926393272 
    645       C                 3.8210668735    0.0750778408   -3.1517562977 
    646       C                -0.4919091751   -3.7908799968   -3.3220291778 
    647       Ti                3.5400114527   -1.4467128304   -1.9728585498 
    648       Ti               -1.4561510790    3.5437894227   -0.0180737063 
    649       Ti                3.5438814130   -1.4562631120   -0.0180923663 
    650       O                 3.5198139567    1.5141295468   -1.5061204826 
    651       O                 1.5233976999    3.5167101603   -1.5017871194 
    652       O                 3.5203027034    1.5202551540   -0.4901703337 
    653       O                 1.5203668130    3.5202990224   -0.4901684370 
    654       Ti               -1.4577944001    3.5472647551   -1.9777371758 
    655       O                -2.9576183061   -2.4686813220   -0.9970742540 
    656       O                -2.4666584193   -2.9600858238   -0.9978555940 
    657       H                -3.8441913977    0.3074532186   -3.5016795884 
    658       Ti                1.5472463246    3.5389299929   -1.9758808273 
    659       Ti                3.5438318865    1.5437680350   -0.0182044679 
    660       Ti                1.5438256820    3.5438063181   -0.0181979960 
    661       Ti                3.5461637049    1.5453613481   -1.9795551912 
    662       O                -3.8830188493   -0.0290647235   -2.5566345608 
    663       O                -2.9562478449    2.5277589115   -0.9971038209 
    664       C                -3.8782379474    0.2983235077   -3.2309752978 
    665       O                -2.4947370179    2.9849519829   -2.0088076969 
    666       O                -2.4958563720    2.9921473660    0.0126236765 
    667       O                 2.9922266000   -2.4959652340    0.0126230257 
    668       O                 2.5339420820   -2.9624355910   -0.9988003393 
    669       O                 2.9921988390    2.5040048800    0.0125708124 
    670       H                -0.7047457326    3.8375127772   -2.5804734642 
    671       O                 2.5041439170    2.9921609780    0.0126413047 
    672       O                 2.5106641774    2.9876338367   -2.0088857668 
    673       O                 3.0002709584    2.5003534788   -2.0044474979 
    674       O                -2.5006865072   -3.0005409583   -2.0036147730 
    675       H                -3.8872860330   -0.3841675771   -3.1354015952 
    676       O                 2.5009937020   -3.0010849346   -2.0056680761 
    677       C                 3.8971054323   -0.2822120376   -3.2666022123 
    678       O                -3.0163349336   -2.4846426708   -2.0016807770 
    679       O                -3.0077906376   -2.4959112760    0.0126750900 
    680       O                -2.4959045000   -3.0078543567    0.0126097908 
    681       O                 3.0055355129   -2.5031395999   -2.0093962221 
    682       O                -2.4657132028    3.0382649411   -0.9967189440 
    683       O                -3.0077959918    2.5041221780    0.0126864679 
    684       O                 2.5041354910   -3.0078910130    0.0125973078 
    685       O                 3.0381765195   -2.4689520385   -0.9968666455 
    686       O                -3.0177842781    2.5093678206   -2.0005174122 
    687       C                -0.1789331265   -3.9249221592   -3.1517562977 
    688       P                -0.2192804825   -3.9388664088   -2.6944609650 
    689       O                 3.0353668880    2.5337360133   -0.9959495912 
    690       H                -3.9151044297    0.5536819758   -3.1432386673 
    691       O                 2.5290566324    3.0409968630   -0.9992221535 
    692       H                 3.9537760141   -0.2783506802   -3.5334861314 
    693       O                 0.1169811507    3.9709352765   -2.5566345608 
    694       Ba               -3.9781093203    0.0218411252   -0.4742883436 
    695       Ba                0.0218906797   -3.9781588748   -0.4742883436 
    696       Ba                0.0188898244   -3.9783238495   -1.5097360682 
    697       Ba               -3.9811101756    0.0216761505   -1.5097360682 
    698       O                -3.9561387822   -0.4717668910   -0.9976335423 
    699       O                -1.9605637204   -3.4685164899   -0.9975298529 
    700       O                -3.4690446760   -1.9611574453   -0.9951124810 
    701       O                -3.9551314889    0.5266631313   -0.9913834936 
    702       O                 0.5359506921   -3.9633253057   -0.9981198439 
    703       O                -0.4715678884   -3.9744045429   -0.9861609919 
    704       H                 0.3139329960    3.9943233722   -2.2177067860 
    705       H                -0.7107923222   -3.9434253181   -3.2666226635 
    706       O                -3.9766736167    0.5023470225   -1.9998335607 
    707       O                 0.4835962442    3.9875025204   -2.0312378402 
    708       O                 1.9837556021   -3.4932719085   -2.0127662941 
    709       O                 3.9902182890   -0.4968521117   -1.9861119428 
    710       O                -0.4958927796    3.9921761280    0.0125774613 
    711       O                 3.9922054440   -0.4958820525    0.0126477278 
    712       O                -3.4958628875    1.9921555200    0.0126198498 
    713       O                 2.0394362796   -3.4685164899   -0.9975298529 
    714       O                 1.9922045320   -3.4959419079    0.0126351910 
    715       O                -3.4690446760    2.0388425547   -0.9951124810 
    716       O                 0.5041492048    3.9922021653    0.0125552850 
    717       O                 3.9922351483    0.5040780148    0.0126164273 
    718       O                -0.4837548061   -3.9954023623   -1.9697889507 
    719       O                -3.5014752118   -1.9872482381   -1.9878880105 
    720       O                 1.9944658029    3.4989767758   -2.0084256879 
    721       O                 1.9921861450    3.5040754267    0.0126477167 
    722       O                 3.5041179662    1.9921461840    0.0126353719 
    723       O                -3.4958628875   -2.0078444800    0.0126198498 
    724       O                -2.0077954680   -3.4959419079    0.0126351910 
    725       O                -2.0055341971    3.4989767758   -2.0084256879 
    726       O                -2.0162443979   -3.4932719085   -2.0127662941 
    727       O                 3.5279190612   -1.9569292346   -0.9979195297 
    728       O                 3.5105571051    1.9883520112   -2.0068979641 
    729       O                -2.0078138550    3.5040754267    0.0126477167 
    730       O                 3.5041179662   -2.0078538160    0.0126353719 
    731       O                -3.5014752118    2.0127517619   -1.9878880105 
    732       O                -1.9612823448    3.5324251129   -0.9978107862 
    733       O                 3.5105571051   -2.0116479888   -2.0068979641 
    734       O                 3.5279190612    2.0430707654   -0.9979195297 
    735       O                 2.0387176552    3.5324251129   -0.9978107862 
    736       Ba               -0.9752313617   -3.9705823909   -1.5231201603 
    737       Ba               -3.9781177232   -0.9781417256   -0.4742421684 
    738       Ba               -0.9780955508   -3.9781900790   -0.4742858097 
    739       Ba               -3.9880109482   -0.9790628346   -1.5035149410 
    740       Ba               -3.9780976443    1.0218197410   -0.4742031468 
    741       Ba                1.0219135920   -3.9781815855   -0.4742871470 
    742       Ba                1.0198965085   -3.9827298463   -1.5230438657 
    743       Ba               -3.9928587877    1.0101353106   -1.5213297018 
    744       Ba               -2.9744023000   -2.9738409138   -1.5091457132 
    745       Ba               -2.9780786440   -2.9781423980   -0.4742084602 
    746       O                -3.9597982226   -1.4694438698   -0.9953583030 
    747       Ba               -2.9667286160    3.0097083822   -1.5062454865 
    748       O                -1.4715153189   -3.9622201334   -0.9983295583 
    749       Ti               -2.4621226013   -3.4504779026   -1.9771232942 
    750       Ti               -3.4561632135   -2.4562218190   -0.0181693634 
    751       Ti               -2.4561545930   -3.4562190838   -0.0181321814 
    752       Ti               -3.4611497980   -2.4522926134   -1.9604915410 
    753       Ba               -2.9780584400    3.0218553443   -0.4742883464 
    754       Ba                3.0218985905   -2.9781770790   -0.4742480671 
    755       O                 1.5298617238   -3.9612403562   -1.0001571041 
    756       O                -3.9633693176    1.5309423734   -0.9964451081 
    757       O                 3.9896966213   -1.4877970850   -1.9990499473 
    758       O                 1.5022785627    3.9850973024   -2.0078629681 
    759       O                -1.4958823760    3.9921456433    0.0126288852 
    760       O                 3.9922674989   -1.4959226870    0.0126196328 
    761       O                 1.5041044870    3.9921972133    0.0125895471 
    762       O                 3.9922318897    1.5040621640    0.0126302373 
    763       O                -1.5042831932    3.9927666213   -2.0120825237 
    764       Ba                3.0371794270   -2.9976587922   -1.5351269960 
    765       O                -3.4810633679   -2.4731491805   -1.4953385966 
    766       O                 3.9983290774    1.5017655006   -2.0035651097 
    767       O                -2.4796033070   -3.4796984055   -0.4902173388 
    768       O                -3.4796596340   -2.4797258450   -0.4901648431 
    769       Ba                3.0219113146    3.0218039496   -0.4742029931 
    770       O                -2.4819933687   -3.4793710467   -1.5038671215 
    771       Ba                3.0202833732    3.0277952453   -1.5180387081 
    772       Ti               -3.4595735533    2.5186481536   -1.9589217621 
    773       Ti                2.5392642998   -3.4557337923   -1.9802444329 
    774       Ti               -3.4561465024    2.5438321640   -0.0180902847 
    775       Ti                2.5438554250   -3.4562430801   -0.0181160046 
    776       O                 2.5166507355   -3.4807503633   -1.5050984619 
    777       O                -3.4796084687    2.5203228030   -0.4901805010 
    778       O                 2.5203199750   -3.4798136645   -0.4901844121 
    779       O                -3.4799565667    2.5207948373   -1.4962912556 
    780       Ti                3.4942609421    2.5040729280   -0.9966990844 
    781       Ti               -2.4988483972    3.4983683651   -0.9986883435 
    782       Ti                2.4983951954    3.4999469129   -0.9985975042 
    783       O                -2.4766023001    3.5167101603   -1.5017871194 
    784       Ti               -3.5017592563    2.4980989139   -0.9928023867 
    785       Ti                3.4965697378   -2.5054792647   -0.9978528895 
    786       Ti               -2.4993724564   -3.5018922621   -0.9987315714 
    787       Ti               -2.4527536754    3.5389299929   -1.9758808273 
    788       O                -2.4796331870    3.5202990224   -0.4901684370 
    789       Ti                2.5029802784   -3.5037414087   -0.9992483654 
    790       O                 3.5203027034   -2.4797448460   -0.4901703337 
    791       Ti               -3.5053282088   -2.5022620977   -0.9960693026 
    792       O                 3.5198139567   -2.4858704532   -1.5061204826 
    793       Ti               -2.4561743180    3.5438063181   -0.0181979960 
    794       Ti                3.5438318865   -2.4562319650   -0.0182044679 
    795       Ti                3.5461637049   -2.4546386519   -1.9795551912 
    796       O                 3.5169512059    2.5240218996   -1.4991646965 
    797       O                 2.5203134190    3.5202145837   -0.4901580709 
    798       O                 3.5203047455    2.5202122720   -0.4901695890 
    799       O                 2.5203384751    3.5219753631   -1.5051172596 
    800       Ti                2.5438489210    3.5437894227   -0.0180737063 
    801       Ti                3.5438814130    2.5437368880   -0.0180923663 
    802       Ti                2.5422055999    3.5472647551   -1.9777371758 
    803       Ti                3.5400114527    2.5532871696   -1.9728585498 
    804       Ba               -1.9797845254   -3.9759639985   -1.5197748739 
    805       Ba               -3.9780778214   -1.9781248560   -0.4743105227 
    806       Ba               -1.9780394220   -3.9781578785   -0.4743139844 
    807       Ba               -3.9872773010   -1.9773014731   -1.5088431867 
    808       Ba                2.0202154746   -3.9759639985   -1.5197748739 
    809       Ba               -3.9780778214    2.0218751440   -0.4743105227 
    810       Ba                2.0219605780   -3.9781578785   -0.4743139844 
    811       Ba               -3.9872773010    2.0226985269   -1.5088431867 
    812       O                -2.9578679879   -3.4671463744   -0.9955452697 
    813       O                -3.4698122645   -2.9603374149   -0.9983177914 
    814       O                -3.4891222043   -2.9910859985   -1.9891528200 
    815       O                 2.9778454587   -3.5009970521   -2.0169380675 
    816       O                -3.4958894454    2.9922039640    0.0126134930 
    817       O                 2.9922227910   -3.4959728739    0.0125991717 
    818       O                -2.9578698277    3.5288488246   -0.9979078509 
    819       O                 3.5282972494   -2.9590217688   -0.9918398511 
    820       O                -3.4655039318    3.0365596576   -0.9960365174 
    821       O                 3.5041061539    2.9920901160    0.0126497645 
    822       O                 2.9922247620    3.5040451942    0.0126267195 
    823       O                 3.0299643395   -3.4734599866   -0.9940864228 
    824       O                 3.5009527496    2.9988383945   -2.0028891840 
    825       O                -3.0076524425   -3.4944315814   -2.0084534907 
    826       O                -3.4957982174   -3.0078910701    0.0126226176 
    827       O                -3.0077398215   -3.4959617400    0.0125907157 
    828       O                -3.0098784654    3.4983141216   -1.9942458593 
    829       O                 2.9921217956    3.5155744629   -2.0152814180 
    830       O                -3.5011016279    3.0091541062   -1.9907718527 
    831       O                -3.0078306354    3.5040980292    0.0126110341 
    832       O                 3.5041081964   -3.0078812127    0.0126296975 
    833       O                 3.5185334963   -3.0371201390   -2.0305564947 
    834       O                 3.0335932553    3.5301669012   -0.9961613572 
    835       O                 3.5287781073    3.0381727103   -0.9921829640 
    836       O                -2.4701382762   -3.9612403562   -1.0001571041 
    837       O                -3.9633693176   -2.4690576266   -0.9964451081 
    838       O                -3.9597982226    2.5305561302   -0.9953583030 
    839       O                 2.5284846811   -3.9622201334   -0.9983295583 
    840       O                -2.4977214373    3.9850973024   -2.0078629681 
    841       O                -2.4958955130    3.9921972133    0.0125895471 
    842       O                 3.9922318897   -2.4959378360    0.0126302373 
    843       O                 2.4957168068    3.9927666213   -2.0120825237 
    844       O                 2.5041176240    3.9921456433    0.0126288852 
    845       O                 3.9922674989    2.5040773130    0.0126196328 
    846       O                 3.9983290774   -2.4982344994   -2.0035651097 
    847       O                 3.9896966213    2.5122029150   -1.9990499473 
    848       Ti               -3.4537230559   -3.4389704400   -1.9665236986 
    849       Ti               -3.4561220445   -3.4562856215   -0.0182310321 
    850       Ti               -3.4532416050    3.4782173582   -1.9603767204 
    851       O                -3.4722863401   -3.4814569937   -1.4991078724 
    852       O                -3.4796214862   -3.4797443614   -0.4902156894 
    853       H                 3.4549064873   -3.5349960991   -3.2458730229 
    854       O                -3.4755625094    3.5169824953   -1.4984939413 
    855       Ti               -3.5001296717    3.4971210559   -0.9947265790 
    856       Ti                3.4915789647    3.5059884041   -1.0006025615 
    857       O                -3.4797269122    3.5202565697   -0.4901955726 
    858       O                 3.5203282233   -3.4797845200   -0.4901873000 
    859       Ti               -3.4561877687    3.5438153409   -0.0181245158 
    860       Ti                3.5438605506   -3.4562502496   -0.0180926708 
    861       Ti                3.4945842013   -3.5071621105   -1.0104463727 
    862       Ti               -3.5005178504   -3.5029822619   -0.9964121331 
    863       O                 3.5284684313   -3.4821389077   -1.4700596806 
    864       Ba               -3.9780976443   -2.9781802590   -0.4742031468 
    865       Ba               -2.9780864080   -3.9781815855   -0.4742871470 
    866       O                 3.5140067342    3.5154425885   -1.4980206082 
    867       Ba               -2.9801034915   -3.9827298463   -1.5230438657 
    868       O                 3.5202874707    3.5202065636   -0.4901492064 
    869       Ba               -3.9928587877   -2.9898646894   -1.5213297018 
    870       Ba                3.0247686383   -3.9705823909   -1.5231201603 
    871       Ti                3.5812296473   -3.4784245698   -2.0816287170 
    872       Ba               -3.9781177232    3.0218582744   -0.4742421684 
    873       Ba                3.0219044492   -3.9781900790   -0.4742858097 
    874       Ba               -3.9880109482    3.0209371654   -1.5035149410 
    875       Ti                3.5438102265    3.5437941955   -0.0181705164 
    876       Ti                3.5480694927    3.5502975783   -1.9841269103 
    877       H                 3.2952542674    3.8375127772   -2.5804734642 
    878       O                 3.5974342611   -3.6204138135   -2.5567693032 
    879       H                 3.6855409516    3.5514746731   -3.2267718627 
    880       H                 3.2892076778   -3.9434253181   -3.2666226635 
    881       O                 3.5161019347    3.7443252130   -2.6202828543 
    882       C                 3.5080908249   -3.7908799968   -3.3220291778 
    883       H                 3.5441855069   -3.7936220509   -3.5926393272 
    884       H                -3.9151044297   -3.4463180242   -3.1432386673 
    885       O                -3.9551314889   -3.4733368687   -0.9913834936 
    886       O                -3.4640493079   -3.9633253057   -0.9981198439 
    887       H                -3.6504754532   -3.7994852362   -3.1189309199 
    888       O                -3.9766736167   -3.4976529775   -1.9998335607 
    889       O                -3.9561387822    3.5282331090   -0.9976335423 
    890       O                -3.4958507952    3.9922021653    0.0125552850 
    891       O                 3.9922351483   -3.4959219852    0.0126164273 
    892       H                -3.8872860330    3.6158324229   -3.1354015952 
    893       O                 3.9902182890    3.5031478883   -1.9861119428 
    894       O                 3.5041072204    3.9921761280    0.0125774613 
    895       O                 3.9922054440    3.5041179475    0.0126477278 
    896       O                 3.5284321116   -3.9744045429   -0.9861609919 
    897       O                -3.5164037558    3.9875025204   -2.0312378402 
    898       O                 3.5162451939   -3.9954023623   -1.9697889507 
    899       H                -3.8441913977   -3.6925467814   -3.5016795884 
    900       C                -3.8782379474   -3.7016764923   -3.2309752978 
    901       C                 3.8971054323    3.7177879624   -3.2666022123 
    902       H                 3.9537760141    3.7216493198   -3.5334861314 
    903       H                -3.6860670040    3.9943233722   -2.2177067860 
    904       P                 3.7807195175   -3.9388664088   -2.6944609650 
    905       C                 3.8210668735   -3.9249221592   -3.1517562977 
    906       O                -3.8830188493    3.9709352765   -2.5566345608 
    907       Ba               -3.9781093203   -3.9781588748   -0.4742883436 
    908       Ba               -3.9811101756   -3.9783238495   -1.5097360682 
