primitive lattice vectors  5  5  1
  5.00000000  0.00000000  0.00000000
  0.00000000  5.00000000  0.00000000
  0.00000000  0.00000000 80.00000000
number of atoms in unit cell
375
atom, type, position vector
      1       Ba                0.0000000000    0.0000000000   -0.5037462655 
      2       Ba                0.0036223547    0.0158516645   -1.5370451876 
      3       H                 0.0003244796   -0.3074621648   -2.2624444950 
      4       O                 0.0003434026   -0.4342051319   -2.0526599449 
      5       O                 0.4906060978   -0.0049399032   -1.0129340304 
      6       O                -0.0128046630   -0.4984380204   -1.0144026686 
      7       O                 0.5000000000    0.0000000000    0.0000002457 
      8       O                 0.0000000000    0.5000000000    0.0000002457 
      9       O                 0.0000000000   -0.5000000000    0.0000002457 
     10       O                -0.5000000000    0.0000000000    0.0000002457 
     11       O                -0.4995757866    0.0297300577   -2.0402105830 
     12       O                 0.5004242134    0.0297300577   -2.0402105830 
     13       O                -0.0128046630    0.5015619796   -1.0144026686 
     14       O                -0.5093939022   -0.0049399032   -1.0129340304 
     15       O                 0.0003434026    0.5657948681   -2.0526599449 
     16       Ti               -0.4850677578   -0.4753724087   -1.0436983581 
     17       O                 0.5000056025   -0.4607972103   -2.5208082826 
     18       O                -0.4999943975   -0.4607972103   -2.5208082826 
     19       H                 0.0003244796    0.6925378352   -2.2624444950 
     20       Ti               -0.4995007513    0.4847304202   -2.1007432351 
     21       Ti                0.5004992487    0.4847304202   -2.1007432351 
     22       O                 0.4963521549   -0.4917125946   -1.5046065115 
     23       Ti                0.5149322422   -0.4753724087   -1.0436983581 
     24       O                -0.5036478451   -0.4917125946   -1.5046065115 
     25       O                 0.5000000000    0.5000000000   -0.5005608276 
     26       Ti                0.5000000000    0.5000000000    0.0000000000 
     27       O                 0.5000000000   -0.5000000000   -0.5005608276 
     28       Ti                0.5000000000   -0.5000000000    0.0000000000 
     29       O                -0.5000000000    0.5000000000   -0.5005608276 
     30       Ti               -0.5000000000    0.5000000000    0.0000000000 
     31       O                -0.5000000000   -0.5000000000   -0.5005608276 
     32       Ti               -0.5000000000   -0.5000000000    0.0000000000 
     33       O                 0.4963521549    0.5082874054   -1.5046065115 
     34       Ti               -0.4850677578    0.5246275913   -1.0436983581 
     35       O                -0.5036478451    0.5082874054   -1.5046065115 
     36       Ti               -0.4995007513   -0.5152695798   -2.1007432351 
     37       Ti                0.5004992487   -0.5152695798   -2.1007432351 
     38       Ti                0.5149322422    0.5246275913   -1.0436983581 
     39       O                 0.5000056025    0.5392027897   -2.5208082826 
     40       O                -0.4999943975    0.5392027897   -2.5208082826 
     41       Ba                0.0036223547   -0.9841483355   -1.5370451876 
     42       Ba               -0.9963776453    0.0158516645   -1.5370451876 
     43       Ba                1.0000000000    0.0000000000   -0.5037462655 
     44       Ba                0.0000000000    1.0000000000   -0.5037462655 
     45       Ba                0.0000000000   -1.0000000000   -0.5037462655 
     46       Ba               -1.0000000000    0.0000000000   -0.5037462655 
     47       Ba                1.0036223547    0.0158516645   -1.5370451876 
     48       Ba                0.0036223547    1.0158516645   -1.5370451876 
     49       H                -0.9996755204   -0.3074621648   -2.2624444950 
     50       H                 1.0003244796   -0.3074621648   -2.2624444950 
     51       O                -0.9996565974   -0.4342051319   -2.0526599449 
     52       O                 1.0003434026   -0.4342051319   -2.0526599449 
     53       O                -0.4995757866   -0.9702699423   -2.0402105830 
     54       O                 0.5004242134   -0.9702699423   -2.0402105830 
     55       O                 0.9871953370   -0.4984380204   -1.0144026686 
     56       O                 0.9871953370    0.5015619796   -1.0144026686 
     57       O                 0.4906060978    0.9950600968   -1.0129340304 
     58       O                -0.5093939022    0.9950600968   -1.0129340304 
     59       O                 1.0000000000    0.5000000000    0.0000002457 
     60       O                 0.5000000000    1.0000000000    0.0000002457 
     61       O                 1.0000000000   -0.5000000000    0.0000002457 
     62       O                -0.5000000000    1.0000000000    0.0000002457 
     63       O                 0.5000000000   -1.0000000000    0.0000002457 
     64       O                -1.0000000000    0.5000000000    0.0000002457 
     65       O                -0.5000000000   -1.0000000000    0.0000002457 
     66       O                -1.0000000000   -0.5000000000    0.0000002457 
     67       O                 0.4906060978   -1.0049399032   -1.0129340304 
     68       O                -0.5093939022   -1.0049399032   -1.0129340304 
     69       O                -1.0128046630   -0.4984380204   -1.0144026686 
     70       O                -1.0128046630    0.5015619796   -1.0144026686 
     71       O                -0.4995757866    1.0297300577   -2.0402105830 
     72       O                 0.5004242134    1.0297300577   -2.0402105830 
     73       O                -0.9996565974    0.5657948681   -2.0526599449 
     74       O                 1.0003434026    0.5657948681   -2.0526599449 
     75       H                -0.9996755204    0.6925378352   -2.2624444950 
     76       H                 1.0003244796    0.6925378352   -2.2624444950 
     77       H                 0.0003244796   -1.3074621648   -2.2624444950 
     78       Ba               -0.9963776453   -0.9841483355   -1.5370451876 
     79       Ba                1.0036223547   -0.9841483355   -1.5370451876 
     80       Ba                1.0000000000    1.0000000000   -0.5037462655 
     81       Ba                1.0000000000   -1.0000000000   -0.5037462655 
     82       Ba               -1.0000000000    1.0000000000   -0.5037462655 
     83       Ba               -1.0000000000   -1.0000000000   -0.5037462655 
     84       Ba               -0.9963776453    1.0158516645   -1.5370451876 
     85       Ba                1.0036223547    1.0158516645   -1.5370451876 
     86       O                 0.0003434026   -1.4342051319   -2.0526599449 
     87       O                 1.4906060978   -0.0049399032   -1.0129340304 
     88       O                -0.0128046630   -1.4984380204   -1.0144026686 
     89       O                -1.4995757866    0.0297300577   -2.0402105830 
     90       O                 1.5000000000    0.0000000000    0.0000002457 
     91       O                 0.0000000000    1.5000000000    0.0000002457 
     92       O                 0.0000000000   -1.5000000000    0.0000002457 
     93       O                -1.5000000000    0.0000000000    0.0000002457 
     94       O                 1.5004242134    0.0297300577   -2.0402105830 
     95       O                -0.0128046630    1.5015619796   -1.0144026686 
     96       O                -1.5093939022   -0.0049399032   -1.0129340304 
     97       O                 0.5000056025   -1.4607972103   -2.5208082826 
     98       O                -0.4999943975   -1.4607972103   -2.5208082826 
     99       Ti               -0.4850677578   -1.4753724087   -1.0436983581 
    100       Ti               -1.4850677578   -0.4753724087   -1.0436983581 
    101       Ti                0.5149322422   -1.4753724087   -1.0436983581 
    102       O                 0.0003434026    1.5657948681   -2.0526599449 
    103       Ti               -0.4995007513    1.4847304202   -2.1007432351 
    104       Ti                0.5004992487    1.4847304202   -2.1007432351 
    105       O                 1.5000056025   -0.4607972103   -2.5208082826 
    106       O                -1.4999943975   -0.4607972103   -2.5208082826 
    107       O                 0.4963521549   -1.4917125946   -1.5046065115 
    108       O                -0.5036478451   -1.4917125946   -1.5046065115 
    109       Ti               -1.4850677578    0.5246275913   -1.0436983581 
    110       O                 1.4963521549   -0.4917125946   -1.5046065115 
    111       Ti               -1.4995007513    0.4847304202   -2.1007432351 
    112       Ti                1.5004992487    0.4847304202   -2.1007432351 
    113       O                 1.4963521549    0.5082874054   -1.5046065115 
    114       O                 1.5000000000    0.5000000000   -0.5005608276 
    115       Ti                1.5000000000    0.5000000000    0.0000000000 
    116       O                 0.5000000000    1.5000000000   -0.5005608276 
    117       Ti                0.5000000000    1.5000000000    0.0000000000 
    118       O                 1.5000000000   -0.5000000000   -0.5005608276 
    119       Ti                1.5000000000   -0.5000000000    0.0000000000 
    120       O                -0.5000000000    1.5000000000   -0.5005608276 
    121       Ti               -0.5000000000    1.5000000000    0.0000000000 
    122       O                 0.5000000000   -1.5000000000   -0.5005608276 
    123       Ti                0.5000000000   -1.5000000000    0.0000000000 
    124       O                -1.5000000000    0.5000000000   -0.5005608276 
    125       Ti               -1.5000000000    0.5000000000    0.0000000000 
    126       O                -0.5000000000   -1.5000000000   -0.5005608276 
    127       Ti               -0.5000000000   -1.5000000000    0.0000000000 
    128       O                -1.5000000000   -0.5000000000   -0.5005608276 
    129       Ti               -1.5000000000   -0.5000000000    0.0000000000 
    130       O                -1.5036478451   -0.4917125946   -1.5046065115 
    131       Ti               -1.4995007513   -0.5152695798   -2.1007432351 
    132       Ti                1.5004992487   -0.5152695798   -2.1007432351 
    133       O                -1.5036478451    0.5082874054   -1.5046065115 
    134       Ti                1.5149322422   -0.4753724087   -1.0436983581 
    135       O                 0.4963521549    1.5082874054   -1.5046065115 
    136       O                -0.5036478451    1.5082874054   -1.5046065115 
    137       O                 1.5000056025    0.5392027897   -2.5208082826 
    138       O                -1.4999943975    0.5392027897   -2.5208082826 
    139       Ti               -0.4995007513   -1.5152695798   -2.1007432351 
    140       Ti                0.5004992487   -1.5152695798   -2.1007432351 
    141       Ti               -0.4850677578    1.5246275913   -1.0436983581 
    142       Ti                1.5149322422    0.5246275913   -1.0436983581 
    143       Ti                0.5149322422    1.5246275913   -1.0436983581 
    144       O                 0.5000056025    1.5392027897   -2.5208082826 
    145       O                -0.4999943975    1.5392027897   -2.5208082826 
    146       H                -0.9996755204   -1.3074621648   -2.2624444950 
    147       H                 1.0003244796   -1.3074621648   -2.2624444950 
    148       H                 0.0003244796    1.6925378352   -2.2624444950 
    149       O                -0.9996565974   -1.4342051319   -2.0526599449 
    150       O                 1.0003434026   -1.4342051319   -2.0526599449 
    151       O                -1.4995757866   -0.9702699423   -2.0402105830 
    152       O                 1.5004242134   -0.9702699423   -2.0402105830 
    153       O                 1.4906060978    0.9950600968   -1.0129340304 
    154       O                 0.9871953370   -1.4984380204   -1.0144026686 
    155       O                 0.9871953370    1.5015619796   -1.0144026686 
    156       O                 1.4906060978   -1.0049399032   -1.0129340304 
    157       O                 1.5000000000    1.0000000000    0.0000002457 
    158       O                 1.0000000000    1.5000000000    0.0000002457 
    159       O                 1.5000000000   -1.0000000000    0.0000002457 
    160       O                -1.0000000000    1.5000000000    0.0000002457 
    161       O                 1.0000000000   -1.5000000000    0.0000002457 
    162       O                -1.5000000000    1.0000000000    0.0000002457 
    163       O                -1.0000000000   -1.5000000000    0.0000002457 
    164       O                -1.5000000000   -1.0000000000    0.0000002457 
    165       O                -1.5093939022    0.9950600968   -1.0129340304 
    166       O                -1.0128046630   -1.4984380204   -1.0144026686 
    167       O                -1.0128046630    1.5015619796   -1.0144026686 
    168       O                -1.5093939022   -1.0049399032   -1.0129340304 
    169       O                -1.4995757866    1.0297300577   -2.0402105830 
    170       O                 1.5004242134    1.0297300577   -2.0402105830 
    171       O                -0.9996565974    1.5657948681   -2.0526599449 
    172       O                 1.0003434026    1.5657948681   -2.0526599449 
    173       H                -0.9996755204    1.6925378352   -2.2624444950 
    174       H                 1.0003244796    1.6925378352   -2.2624444950 
    175       Ba                0.0036223547   -1.9841483355   -1.5370451876 
    176       Ba               -1.9963776453    0.0158516645   -1.5370451876 
    177       Ba                2.0000000000    0.0000000000   -0.5037462655 
    178       Ba                0.0000000000    2.0000000000   -0.5037462655 
    179       Ba                0.0000000000   -2.0000000000   -0.5037462655 
    180       Ba               -2.0000000000    0.0000000000   -0.5037462655 
    181       Ba                2.0036223547    0.0158516645   -1.5370451876 
    182       Ba                0.0036223547    2.0158516645   -1.5370451876 
    183       H                -1.9996755204   -0.3074621648   -2.2624444950 
    184       H                 2.0003244796   -0.3074621648   -2.2624444950 
    185       O                -0.4995757866   -1.9702699423   -2.0402105830 
    186       O                 0.5004242134   -1.9702699423   -2.0402105830 
    187       O                -1.9996565974   -0.4342051319   -2.0526599449 
    188       O                 2.0003434026   -0.4342051319   -2.0526599449 
    189       O                 1.9871953370   -0.4984380204   -1.0144026686 
    190       O                 1.9871953370    0.5015619796   -1.0144026686 
    191       O                 0.4906060978    1.9950600968   -1.0129340304 
    192       O                -0.5093939022    1.9950600968   -1.0129340304 
    193       O                 2.0000000000    0.5000000000    0.0000002457 
    194       O                 0.5000000000    2.0000000000    0.0000002457 
    195       O                 2.0000000000   -0.5000000000    0.0000002457 
    196       O                -0.5000000000    2.0000000000    0.0000002457 
    197       O                 0.5000000000   -2.0000000000    0.0000002457 
    198       O                -2.0000000000    0.5000000000    0.0000002457 
    199       O                -0.5000000000   -2.0000000000    0.0000002457 
    200       O                -2.0000000000   -0.5000000000    0.0000002457 
    201       O                 0.4906060978   -2.0049399032   -1.0129340304 
    202       O                -0.5093939022   -2.0049399032   -1.0129340304 
    203       O                -2.0128046630   -0.4984380204   -1.0144026686 
    204       O                -2.0128046630    0.5015619796   -1.0144026686 
    205       O                -1.9996565974    0.5657948681   -2.0526599449 
    206       O                 2.0003434026    0.5657948681   -2.0526599449 
    207       O                -0.4995757866    2.0297300577   -2.0402105830 
    208       O                 0.5004242134    2.0297300577   -2.0402105830 
    209       Ti               -1.4850677578   -1.4753724087   -1.0436983581 
    210       O                 1.5000056025   -1.4607972103   -2.5208082826 
    211       O                -1.4999943975   -1.4607972103   -2.5208082826 
    212       Ti               -1.4995007513    1.4847304202   -2.1007432351 
    213       Ti                1.5004992487    1.4847304202   -2.1007432351 
    214       O                 1.4963521549   -1.4917125946   -1.5046065115 
    215       Ti                1.5149322422   -1.4753724087   -1.0436983581 
    216       H                -1.9996755204    0.6925378352   -2.2624444950 
    217       H                 2.0003244796    0.6925378352   -2.2624444950 
    218       O                -1.5036478451   -1.4917125946   -1.5046065115 
    219       O                 1.5000000000    1.5000000000   -0.5005608276 
    220       Ti                1.5000000000    1.5000000000    0.0000000000 
    221       O                 1.5000000000   -1.5000000000   -0.5005608276 
    222       Ti                1.5000000000   -1.5000000000    0.0000000000 
    223       O                -1.5000000000    1.5000000000   -0.5005608276 
    224       Ti               -1.5000000000    1.5000000000    0.0000000000 
    225       O                -1.5000000000   -1.5000000000   -0.5005608276 
    226       Ti               -1.5000000000   -1.5000000000    0.0000000000 
    227       O                 1.4963521549    1.5082874054   -1.5046065115 
    228       Ti               -1.4850677578    1.5246275913   -1.0436983581 
    229       O                -1.5036478451    1.5082874054   -1.5046065115 
    230       Ti               -1.4995007513   -1.5152695798   -2.1007432351 
    231       Ti                1.5004992487   -1.5152695798   -2.1007432351 
    232       O                 1.5000056025    1.5392027897   -2.5208082826 
    233       O                -1.4999943975    1.5392027897   -2.5208082826 
    234       Ti                1.5149322422    1.5246275913   -1.0436983581 
    235       Ba               -0.9963776453   -1.9841483355   -1.5370451876 
    236       Ba                1.0036223547   -1.9841483355   -1.5370451876 
    237       Ba               -1.9963776453   -0.9841483355   -1.5370451876 
    238       Ba                2.0036223547   -0.9841483355   -1.5370451876 
    239       Ba                2.0000000000    1.0000000000   -0.5037462655 
    240       Ba                1.0000000000    2.0000000000   -0.5037462655 
    241       Ba                2.0000000000   -1.0000000000   -0.5037462655 
    242       Ba               -1.0000000000    2.0000000000   -0.5037462655 
    243       Ba                1.0000000000   -2.0000000000   -0.5037462655 
    244       Ba               -2.0000000000    1.0000000000   -0.5037462655 
    245       Ba               -1.0000000000   -2.0000000000   -0.5037462655 
    246       Ba               -2.0000000000   -1.0000000000   -0.5037462655 
    247       Ba               -1.9963776453    1.0158516645   -1.5370451876 
    248       Ba                2.0036223547    1.0158516645   -1.5370451876 
    249       Ba               -0.9963776453    2.0158516645   -1.5370451876 
    250       Ba                1.0036223547    2.0158516645   -1.5370451876 
    251       H                 0.0003244796   -2.3074621648   -2.2624444950 
    252       H                -1.9996755204   -1.3074621648   -2.2624444950 
    253       H                 2.0003244796   -1.3074621648   -2.2624444950 
    254       O                 0.0003434026   -2.4342051319   -2.0526599449 
    255       O                -1.9996565974   -1.4342051319   -2.0526599449 
    256       O                 2.0003434026   -1.4342051319   -2.0526599449 
    257       O                -1.4995757866   -1.9702699423   -2.0402105830 
    258       O                 1.5004242134   -1.9702699423   -2.0402105830 
    259       O                 1.9871953370   -1.4984380204   -1.0144026686 
    260       O                 1.4906060978    1.9950600968   -1.0129340304 
    261       O                 2.4906060978   -0.0049399032   -1.0129340304 
    262       O                 1.9871953370    1.5015619796   -1.0144026686 
    263       O                 1.4906060978   -2.0049399032   -1.0129340304 
    264       O                -0.0128046630   -2.4984380204   -1.0144026686 
    265       O                -2.4995757866    0.0297300577   -2.0402105830 
    266       O                 2.0000000000    1.5000000000    0.0000002457 
    267       O                 1.5000000000    2.0000000000    0.0000002457 
    268       O                 2.5000000000    0.0000000000    0.0000002457 
    269       O                 0.0000000000    2.5000000000    0.0000002457 
    270       O                 2.0000000000   -1.5000000000    0.0000002457 
    271       O                -1.5000000000    2.0000000000    0.0000002457 
    272       O                 1.5000000000   -2.0000000000    0.0000002457 
    273       O                -2.0000000000    1.5000000000    0.0000002457 
    274       O                -1.5000000000   -2.0000000000    0.0000002457 
    275       O                -2.0000000000   -1.5000000000    0.0000002457 
    276       O                -1.5093939022    1.9950600968   -1.0129340304 
    277       O                -2.0128046630   -1.4984380204   -1.0144026686 
    278       O                -1.5093939022   -2.0049399032   -1.0129340304 
    279       O                 0.5000056025   -2.4607972103   -2.5208082826 
    280       O                -0.4999943975   -2.4607972103   -2.5208082826 
    281       O                -2.0128046630    1.5015619796   -1.0144026686 
    282       H                -0.9996755204   -2.3074621648   -2.2624444950 
    283       H                 1.0003244796   -2.3074621648   -2.2624444950 
    284       Ti               -0.4850677578   -2.4753724087   -1.0436983581 
    285       O                -1.4995757866    2.0297300577   -2.0402105830 
    286       O                 1.5004242134    2.0297300577   -2.0402105830 
    287       Ti                0.5149322422   -2.4753724087   -1.0436983581 
    288       Ti               -2.4850677578   -0.4753724087   -1.0436983581 
    289       Ti               -0.4995007513    2.4847304202   -2.1007432351 
    290       Ti                0.5004992487    2.4847304202   -2.1007432351 
    291       O                -1.9996565974    1.5657948681   -2.0526599449 
    292       Ti               -2.4850677578    0.5246275913   -1.0436983581 
    293       O                 2.0003434026    1.5657948681   -2.0526599449 
    294       O                 0.4963521549   -2.4917125946   -1.5046065115 
    295       O                 2.5000056025   -0.4607972103   -2.5208082826 
    296       O                -0.5036478451   -2.4917125946   -1.5046065115 
    297       O                 2.4963521549   -0.4917125946   -1.5046065115 
    298       Ti               -2.4995007513    0.4847304202   -2.1007432351 
    299       O                 2.4963521549    0.5082874054   -1.5046065115 
    300       O                 2.5000000000    0.5000000000   -0.5005608276 
    301       Ti                2.5000000000    0.5000000000    0.0000000000 
    302       O                 0.5000000000    2.5000000000   -0.5005608276 
    303       Ti                0.5000000000    2.5000000000    0.0000000000 
    304       O                 2.5000000000   -0.5000000000   -0.5005608276 
    305       Ti                2.5000000000   -0.5000000000    0.0000000000 
    306       O                -0.5000000000    2.5000000000   -0.5005608276 
    307       Ti               -0.5000000000    2.5000000000    0.0000000000 
    308       Ti               -2.4995007513   -0.5152695798   -2.1007432351 
    309       O                 2.5000056025    0.5392027897   -2.5208082826 
    310       H                -1.9996755204    1.6925378352   -2.2624444950 
    311       H                 2.0003244796    1.6925378352   -2.2624444950 
    312       O                -0.9996565974   -2.4342051319   -2.0526599449 
    313       O                 1.0003434026   -2.4342051319   -2.0526599449 
    314       O                -2.4995757866   -0.9702699423   -2.0402105830 
    315       O                 2.4906060978    0.9950600968   -1.0129340304 
    316       O                 2.4906060978   -1.0049399032   -1.0129340304 
    317       O                 0.9871953370   -2.4984380204   -1.0144026686 
    318       O                 2.5000000000    1.0000000000    0.0000002457 
    319       O                 1.0000000000    2.5000000000    0.0000002457 
    320       O                 2.5000000000   -1.0000000000    0.0000002457 
    321       O                -1.0000000000    2.5000000000    0.0000002457 
    322       O                -1.0128046630   -2.4984380204   -1.0144026686 
    323       O                -2.4995757866    1.0297300577   -2.0402105830 
    324       Ba               -1.9963776453   -1.9841483355   -1.5370451876 
    325       Ba                2.0036223547   -1.9841483355   -1.5370451876 
    326       Ba                2.0000000000    2.0000000000   -0.5037462655 
    327       Ba                2.0000000000   -2.0000000000   -0.5037462655 
    328       Ba               -2.0000000000    2.0000000000   -0.5037462655 
    329       Ba               -2.0000000000   -2.0000000000   -0.5037462655 
    330       Ba               -1.9963776453    2.0158516645   -1.5370451876 
    331       Ba                2.0036223547    2.0158516645   -1.5370451876 
    332       O                 1.5000056025   -2.4607972103   -2.5208082826 
    333       O                -1.4999943975   -2.4607972103   -2.5208082826 
    334       Ti               -1.4850677578   -2.4753724087   -1.0436983581 
    335       Ti               -2.4850677578   -1.4753724087   -1.0436983581 
    336       O                 2.5000056025   -1.4607972103   -2.5208082826 
    337       Ti               -1.4995007513    2.4847304202   -2.1007432351 
    338       Ti                1.5149322422   -2.4753724087   -1.0436983581 
    339       Ti                1.5004992487    2.4847304202   -2.1007432351 
    340       O                 1.4963521549   -2.4917125946   -1.5046065115 
    341       Ti               -2.4995007513    1.4847304202   -2.1007432351 
    342       O                 2.4963521549   -1.4917125946   -1.5046065115 
    343       O                -1.5036478451   -2.4917125946   -1.5046065115 
    344       O                 2.5000000000    1.5000000000   -0.5005608276 
    345       Ti                2.5000000000    1.5000000000    0.0000000000 
    346       O                 1.5000000000    2.5000000000   -0.5005608276 
    347       Ti                1.5000000000    2.5000000000    0.0000000000 
    348       O                 2.5000000000   -1.5000000000   -0.5005608276 
    349       Ti                2.5000000000   -1.5000000000    0.0000000000 
    350       O                -1.5000000000    2.5000000000   -0.5005608276 
    351       Ti               -1.5000000000    2.5000000000    0.0000000000 
    352       Ti               -2.4850677578    1.5246275913   -1.0436983581 
    353       O                 2.4963521549    1.5082874054   -1.5046065115 
    354       Ti               -2.4995007513   -1.5152695798   -2.1007432351 
    355       O                 2.5000056025    1.5392027897   -2.5208082826 
    356       H                -1.9996755204   -2.3074621648   -2.2624444950 
    357       H                 2.0003244796   -2.3074621648   -2.2624444950 
    358       O                -1.9996565974   -2.4342051319   -2.0526599449 
    359       O                 2.0003434026   -2.4342051319   -2.0526599449 
    360       O                -2.4995757866   -1.9702699423   -2.0402105830 
    361       O                 2.4906060978    1.9950600968   -1.0129340304 
    362       O                 1.9871953370   -2.4984380204   -1.0144026686 
    363       O                 2.4906060978   -2.0049399032   -1.0129340304 
    364       O                 2.5000000000    2.0000000000    0.0000002457 
    365       O                 2.0000000000    2.5000000000    0.0000002457 
    366       O                 2.5000000000   -2.0000000000    0.0000002457 
    367       O                -2.0000000000    2.5000000000    0.0000002457 
    368       O                -2.0128046630   -2.4984380204   -1.0144026686 
    369       O                -2.4995757866    2.0297300577   -2.0402105830 
    370       Ti               -2.4850677578   -2.4753724087   -1.0436983581 
    371       O                 2.5000056025   -2.4607972103   -2.5208082826 
    372       Ti               -2.4995007513    2.4847304202   -2.1007432351 
    373       O                 2.4963521549   -2.4917125946   -1.5046065115 
    374       O                 2.5000000000    2.5000000000   -0.5005608276 
    375       Ti                2.5000000000    2.5000000000    0.0000000000 
