144
5x1x1 BTO with water; top 3 layers free; slab visualization
Ba   0   0   -2.03146445
Ba   -0.02105069921   0.02967258901   -6.085653592
H   1.939071741   0.0271240402   -9.195604512
O   1.957330318   0.03438116291   -8.201790752
H   -0.0494042517   -1.966003687   -9.19498011
O   1.97497628   -0.03137770221   -4.073276949
O   -0.05138906062   -1.978851539   -8.201432844
O   -0.05565717427   2.000372197   -4.074126007
O   2.016356834   0   0.0000009908377482
O   0   2.016356834   0.0000009908377482
O   0   -2.016356834   0.0000009908377482
O   -2.016356834   0   0.0000009908377482
O   -0.05565717427   -2.032341471   -4.074126007
O   -0.05138906062   2.053862129   -8.201432844
O   -2.057737388   -0.03137770221   -4.073276949
H   -0.0494042517   2.066709981   -9.19498011
O   -2.07538335   0.03438116291   -8.201790752
H   -2.093641927   0.0271240402   -9.195604512
Ti   -1.981415232   -1.952839062   -4.107356731
O   1.961206818   -1.977332407   -9.970015489
Ti   1.968209384   -1.983822794   -8.288622319
O   1.976108888   -2.00883659   -6.05862727
O   1.976108888   2.023877078   -6.05862727
Ti   2.051298436   -1.952839062   -4.107356731
O   1.961206818   2.055381261   -9.970015489
Ti   1.968209384   2.048890874   -8.288622319
O   2.016356834   2.016356834   -2.018618491
Ti   2.016356834   2.016356834   0
O   2.016356834   -2.016356834   -2.018618491
Ti   2.016356834   -2.016356834   0
O   -2.016356834   2.016356834   -2.018618491
Ti   -2.016356834   2.016356834   0
O   -2.016356834   -2.016356834   -2.018618491
Ti   -2.016356834   -2.016356834   0
Ti   -2.064504284   -1.983822794   -8.288622319
O   -2.07150685   -1.977332407   -9.970015489
Ti   -1.981415232   2.079874606   -4.107356731
O   -2.05660478   -2.00883659   -6.05862727
O   -2.05660478   2.023877078   -6.05862727
Ti   -2.064504284   2.048890874   -8.288622319
O   -2.07150685   2.055381261   -9.970015489
Ti   2.051298436   2.079874606   -4.107356731
Ba   -0.02105069921   -4.003041079   -6.085653592
Ba   4.011662969   0.02967258901   -6.085653592
Ba   4.032713668   0   -2.03146445
Ba   0   4.032713668   -2.03146445
Ba   0   -4.032713668   -2.03146445
Ba   -4.032713668   0   -2.03146445
Ba   -4.053764367   0.02967258901   -6.085653592
Ba   -0.02105069921   4.062386257   -6.085653592
H   3.983309416   -1.966003687   -9.19498011
O   3.981324607   -1.978851539   -8.201432844
H   1.939071741   -4.005589628   -9.195604512
O   3.977056494   2.000372197   -4.074126007
O   1.957330318   -3.998332505   -8.201790752
O   1.97497628   4.001335966   -4.073276949
O   3.977056494   -2.032341471   -4.074126007
O   3.981324607   2.053862129   -8.201432844
H   3.983309416   2.066709981   -9.19498011
H   1.939071741   4.059837708   -9.195604512
O   -2.057737388   4.001335966   -4.073276949
O   -2.07538335   -3.998332505   -8.201790752
O   4.032713668   2.016356834   0.0000009908377482
O   2.016356834   4.032713668   0.0000009908377482
O   4.032713668   -2.016356834   0.0000009908377482
O   -2.016356834   4.032713668   0.0000009908377482
O   2.016356834   -4.032713668   0.0000009908377482
O   -4.032713668   2.016356834   0.0000009908377482
O   -2.016356834   -4.032713668   0.0000009908377482
O   -4.032713668   -2.016356834   0.0000009908377482
O   1.957330318   4.067094831   -8.201790752
O   1.97497628   -4.06409137   -4.073276949
H   -2.093641927   -4.005589628   -9.195604512
H   -4.08211792   -1.966003687   -9.19498011
O   -4.084102729   -1.978851539   -8.201432844
O   -4.088370842   2.000372197   -4.074126007
O   -2.057737388   -4.06409137   -4.073276949
O   -4.088370842   -2.032341471   -4.074126007
O   -2.07538335   4.067094831   -8.201790752
H   -2.093641927   4.059837708   -9.195604512
O   -4.084102729   2.053862129   -8.201432844
H   -4.08211792   2.066709981   -9.19498011
Ba   4.011662969   -4.003041079   -6.085653592
Ba   -4.053764367   -4.003041079   -6.085653592
Ba   4.032713668   4.032713668   -2.03146445
Ba   4.032713668   -4.032713668   -2.03146445
Ba   -4.032713668   4.032713668   -2.03146445
Ba   -4.032713668   -4.032713668   -2.03146445
Ba   4.011662969   4.062386257   -6.085653592
Ba   -4.053764367   4.062386257   -6.085653592
H   5.971785409   0.0271240402   -9.195604512
O   5.990043986   0.03438116291   -8.201790752
H   -0.0494042517   -5.998717355   -9.19498011
O   6.007689948   -0.03137770221   -4.073276949
O   -0.05138906062   -6.011565207   -8.201432844
O   -0.05565717427   6.033085865   -4.074126007
O   6.049070502   0   0.0000009908377482
O   0   6.049070502   0.0000009908377482
Ti   -1.981415232   -5.98555273   -4.107356731
O   5.993920486   -1.977332407   -9.970015489
Ti   6.000923052   -1.983822794   -8.288622319
O   1.961206818   -6.010046076   -9.970015489
Ti   -6.0141289   -1.952839062   -4.107356731
Ti   2.051298436   -5.98555273   -4.107356731
Ti   1.968209384   -6.016536462   -8.288622319
O   6.008822556   -2.00883659   -6.05862727
O   5.993920486   2.055381261   -9.970015489
O   6.008822556   2.023877078   -6.05862727
Ti   6.000923052   2.048890874   -8.288622319
O   1.976108888   -6.041550259   -6.05862727
O   -2.07150685   -6.010046076   -9.970015489
Ti   -2.064504284   -6.016536462   -8.288622319
Ti   -6.0141289   2.079874606   -4.107356731
O   6.049070502   2.016356834   -2.018618491
Ti   6.049070502   2.016356834   0
O   2.016356834   6.049070502   -2.018618491
Ti   2.016356834   6.049070502   0
O   6.049070502   -2.016356834   -2.018618491
Ti   6.049070502   -2.016356834   0
O   -2.016356834   6.049070502   -2.018618491
Ti   -2.016356834   6.049070502   0
O   -2.05660478   -6.041550259   -6.05862727
H   5.971785409   -4.005589628   -9.195604512
H   3.983309416   -5.998717355   -9.19498011
O   5.990043986   -3.998332505   -8.201790752
O   3.981324607   -6.011565207   -8.201432844
O   6.007689948   4.001335966   -4.073276949
H   5.971785409   4.059837708   -9.195604512
O   3.977056494   6.033085865   -4.074126007
O   5.990043986   4.067094831   -8.201790752
O   6.007689948   -4.06409137   -4.073276949
H   -4.08211792   -5.998717355   -9.19498011
O   -4.084102729   -6.011565207   -8.201432844
O   6.049070502   4.032713668   0.0000009908377482
O   4.032713668   6.049070502   0.0000009908377482
O   6.049070502   -4.032713668   0.0000009908377482
O   -4.032713668   6.049070502   0.0000009908377482
O   -4.088370842   6.033085865   -4.074126007
Ti   -6.0141289   -5.98555273   -4.107356731
O   5.993920486   -6.010046076   -9.970015489
Ti   6.000923052   -6.016536462   -8.288622319
O   6.008822556   -6.041550259   -6.05862727
O   6.049070502   6.049070502   -2.018618491
Ti   6.049070502   6.049070502   0