primitive lattice vectors  3  3  1
  3.00000000  0.00000000  0.00000000
  0.00000000  3.00000000  0.00000000
  0.00000000  0.00000000 80.00000000
number of atoms in unit cell
144
atom, type, position vector
      1       Ba                0.0000000000    0.0000000000   -0.5037462655 
      2       Ba               -0.0052199836    0.0073579707   -1.5090715813 
      3       H                 0.4808354623    0.0067260020   -2.2802522739 
      4       O                 0.4853630779    0.0085255651   -2.0338143064 
      5       H                -0.0122508702   -0.4875138304   -2.2800974397 
      6       O                 0.4897387820   -0.0077807910   -1.0100585571 
      7       O                -0.0127430472   -0.4906997376   -2.0337255552 
      8       O                -0.0138014198    0.4960362578   -1.0102690997 
      9       O                 0.5000000000    0.0000000000    0.0000002457 
     10       O                 0.0000000000    0.5000000000    0.0000002457 
     11       O                 0.0000000000   -0.5000000000    0.0000002457 
     12       O                -0.5000000000    0.0000000000    0.0000002457 
     13       O                -0.0138014198   -0.5039637422   -1.0102690997 
     14       O                -0.0127430472    0.5093002624   -2.0337255552 
     15       O                -0.5102612180   -0.0077807910   -1.0100585571 
     16       H                -0.0122508702    0.5124861696   -2.2800974397 
     17       O                -0.5146369221    0.0085255651   -2.0338143064 
     18       H                -0.5191645377    0.0067260020   -2.2802522739 
     19       Ti               -0.4913354617   -0.4842493721   -1.0185093883 
     20       O                 0.4863243412   -0.4903230356   -2.4722844985 
     21       Ti                0.4880607814   -0.4919324696   -2.0553461023 
     22       O                 0.4900196371   -0.4981351903   -1.5023698107 
     23       O                 0.4900196371    0.5018648097   -1.5023698107 
     24       Ti                0.5086645383   -0.4842493721   -1.0185093883 
     25       O                 0.4863243412    0.5096769644   -2.4722844985 
     26       Ti                0.4880607814    0.5080675304   -2.0553461023 
     27       O                 0.5000000000    0.5000000000   -0.5005608276 
     28       Ti                0.5000000000    0.5000000000    0.0000000000 
     29       O                 0.5000000000   -0.5000000000   -0.5005608276 
     30       Ti                0.5000000000   -0.5000000000    0.0000000000 
     31       O                -0.5000000000    0.5000000000   -0.5005608276 
     32       Ti               -0.5000000000    0.5000000000    0.0000000000 
     33       O                -0.5000000000   -0.5000000000   -0.5005608276 
     34       Ti               -0.5000000000   -0.5000000000    0.0000000000 
     35       Ti               -0.5119392186   -0.4919324696   -2.0553461023 
     36       O                -0.5136756588   -0.4903230356   -2.4722844985 
     37       Ti               -0.4913354617    0.5157506279   -1.0185093883 
     38       O                -0.5099803629   -0.4981351903   -1.5023698107 
     39       O                -0.5099803629    0.5018648097   -1.5023698107 
     40       Ti               -0.5119392186    0.5080675304   -2.0553461023 
     41       O                -0.5136756588    0.5096769644   -2.4722844985 
     42       Ti                0.5086645383    0.5157506279   -1.0185093883 
     43       Ba               -0.0052199836   -0.9926420293   -1.5090715813 
     44       Ba                0.9947800164    0.0073579707   -1.5090715813 
     45       Ba                1.0000000000    0.0000000000   -0.5037462655 
     46       Ba                0.0000000000    1.0000000000   -0.5037462655 
     47       Ba                0.0000000000   -1.0000000000   -0.5037462655 
     48       Ba               -1.0000000000    0.0000000000   -0.5037462655 
     49       Ba               -1.0052199836    0.0073579707   -1.5090715813 
     50       Ba               -0.0052199836    1.0073579707   -1.5090715813 
     51       H                 0.9877491298   -0.4875138304   -2.2800974397 
     52       O                 0.9872569528   -0.4906997376   -2.0337255552 
     53       H                 0.4808354623   -0.9932739980   -2.2802522739 
     54       O                 0.9861985802    0.4960362578   -1.0102690997 
     55       O                 0.4853630779   -0.9914744349   -2.0338143064 
     56       O                 0.4897387820    0.9922192090   -1.0100585571 
     57       O                 0.9861985802   -0.5039637422   -1.0102690997 
     58       O                 0.9872569528    0.5093002624   -2.0337255552 
     59       H                 0.9877491298    0.5124861696   -2.2800974397 
     60       H                 0.4808354623    1.0067260020   -2.2802522739 
     61       O                -0.5102612180    0.9922192090   -1.0100585571 
     62       O                -0.5146369221   -0.9914744349   -2.0338143064 
     63       O                 1.0000000000    0.5000000000    0.0000002457 
     64       O                 0.5000000000    1.0000000000    0.0000002457 
     65       O                 1.0000000000   -0.5000000000    0.0000002457 
     66       O                -0.5000000000    1.0000000000    0.0000002457 
     67       O                 0.5000000000   -1.0000000000    0.0000002457 
     68       O                -1.0000000000    0.5000000000    0.0000002457 
     69       O                -0.5000000000   -1.0000000000    0.0000002457 
     70       O                -1.0000000000   -0.5000000000    0.0000002457 
     71       O                 0.4853630779    1.0085255651   -2.0338143064 
     72       O                 0.4897387820   -1.0077807910   -1.0100585571 
     73       H                -0.5191645377   -0.9932739980   -2.2802522739 
     74       H                -1.0122508702   -0.4875138304   -2.2800974397 
     75       O                -1.0127430472   -0.4906997376   -2.0337255552 
     76       O                -1.0138014198    0.4960362578   -1.0102690997 
     77       O                -0.5102612180   -1.0077807910   -1.0100585571 
     78       O                -1.0138014198   -0.5039637422   -1.0102690997 
     79       O                -0.5146369221    1.0085255651   -2.0338143064 
     80       H                -0.5191645377    1.0067260020   -2.2802522739 
     81       O                -1.0127430472    0.5093002624   -2.0337255552 
     82       H                -1.0122508702    0.5124861696   -2.2800974397 
     83       Ba                0.9947800164   -0.9926420293   -1.5090715813 
     84       Ba               -1.0052199836   -0.9926420293   -1.5090715813 
     85       Ba                1.0000000000    1.0000000000   -0.5037462655 
     86       Ba                1.0000000000   -1.0000000000   -0.5037462655 
     87       Ba               -1.0000000000    1.0000000000   -0.5037462655 
     88       Ba               -1.0000000000   -1.0000000000   -0.5037462655 
     89       Ba                0.9947800164    1.0073579707   -1.5090715813 
     90       Ba               -1.0052199836    1.0073579707   -1.5090715813 
     91       H                 1.4808354623    0.0067260020   -2.2802522739 
     92       O                 1.4853630779    0.0085255651   -2.0338143064 
     93       H                -0.0122508702   -1.4875138304   -2.2800974397 
     94       O                 1.4897387820   -0.0077807910   -1.0100585571 
     95       O                -0.0127430472   -1.4906997376   -2.0337255552 
     96       O                -0.0138014198    1.4960362578   -1.0102690997 
     97       O                 1.5000000000    0.0000000000    0.0000002457 
     98       O                 0.0000000000    1.5000000000    0.0000002457 
     99       Ti               -0.4913354617   -1.4842493721   -1.0185093883 
    100       O                 1.4863243412   -0.4903230356   -2.4722844985 
    101       Ti                1.4880607814   -0.4919324696   -2.0553461023 
    102       O                 0.4863243412   -1.4903230356   -2.4722844985 
    103       Ti               -1.4913354617   -0.4842493721   -1.0185093883 
    104       Ti                0.5086645383   -1.4842493721   -1.0185093883 
    105       Ti                0.4880607814   -1.4919324696   -2.0553461023 
    106       O                 1.4900196371   -0.4981351903   -1.5023698107 
    107       O                 1.4863243412    0.5096769644   -2.4722844985 
    108       O                 1.4900196371    0.5018648097   -1.5023698107 
    109       Ti                1.4880607814    0.5080675304   -2.0553461023 
    110       O                 0.4900196371   -1.4981351903   -1.5023698107 
    111       O                -0.5136756588   -1.4903230356   -2.4722844985 
    112       Ti               -0.5119392186   -1.4919324696   -2.0553461023 
    113       Ti               -1.4913354617    0.5157506279   -1.0185093883 
    114       O                 1.5000000000    0.5000000000   -0.5005608276 
    115       Ti                1.5000000000    0.5000000000    0.0000000000 
    116       O                 0.5000000000    1.5000000000   -0.5005608276 
    117       Ti                0.5000000000    1.5000000000    0.0000000000 
    118       O                 1.5000000000   -0.5000000000   -0.5005608276 
    119       Ti                1.5000000000   -0.5000000000    0.0000000000 
    120       O                -0.5000000000    1.5000000000   -0.5005608276 
    121       Ti               -0.5000000000    1.5000000000    0.0000000000 
    122       O                -0.5099803629   -1.4981351903   -1.5023698107 
    123       H                 1.4808354623   -0.9932739980   -2.2802522739 
    124       H                 0.9877491298   -1.4875138304   -2.2800974397 
    125       O                 1.4853630779   -0.9914744349   -2.0338143064 
    126       O                 0.9872569528   -1.4906997376   -2.0337255552 
    127       O                 1.4897387820    0.9922192090   -1.0100585571 
    128       H                 1.4808354623    1.0067260020   -2.2802522739 
    129       O                 0.9861985802    1.4960362578   -1.0102690997 
    130       O                 1.4853630779    1.0085255651   -2.0338143064 
    131       O                 1.4897387820   -1.0077807910   -1.0100585571 
    132       H                -1.0122508702   -1.4875138304   -2.2800974397 
    133       O                -1.0127430472   -1.4906997376   -2.0337255552 
    134       O                 1.5000000000    1.0000000000    0.0000002457 
    135       O                 1.0000000000    1.5000000000    0.0000002457 
    136       O                 1.5000000000   -1.0000000000    0.0000002457 
    137       O                -1.0000000000    1.5000000000    0.0000002457 
    138       O                -1.0138014198    1.4960362578   -1.0102690997 
    139       Ti               -1.4913354617   -1.4842493721   -1.0185093883 
    140       O                 1.4863243412   -1.4903230356   -2.4722844985 
    141       Ti                1.4880607814   -1.4919324696   -2.0553461023 
    142       O                 1.4900196371   -1.4981351903   -1.5023698107 
    143       O                 1.5000000000    1.5000000000   -0.5005608276 
    144       Ti                1.5000000000    1.5000000000    0.0000000000 
