primitive lattice vectors  5  5  1
  5.00000000  0.00000000  0.00000000
  0.00000000  5.00000000  0.00000000
  0.00000000  0.00000000 80.00000000
number of atoms in unit cell
600
atom, type, position vector
      1       Ba                0.0000000000    0.0000000000   -1.5261388694 
      2       Ba                0.0000000000    0.0000000000   -0.5037462655 
      3       Ba                0.0000000000    0.0000000000    0.5037469551 
      4       Ba                0.0000000000    0.0000000000    1.5261391117 
      5       O                 0.4999891336    0.0000308558   -2.0326112760 
      6       O                 0.5000000000    0.0000000000   -0.9987995952 
      7       O                 0.5000000000    0.0000000000    0.0000002457 
      8       O                 0.5000000000    0.0000000000    0.9987995269 
      9       O                 0.5000000000    0.0000000000    1.9971387538 
     10       O                 0.0000000000    0.5000000000   -0.9987995952 
     11       O                 0.0000000000    0.5000000000    0.0000002457 
     12       O                 0.0000000000    0.5000000000    0.9987995269 
     13       O                 0.0000000000    0.5000000000    1.9971387538 
     14       O                 0.0000014988    0.5000034441   -2.0278416877 
     15       H                 0.0000050294    0.5000057524   -2.2706886482 
     16       H                 0.0000050294   -0.4999942476   -2.2706886482 
     17       O                 0.0000014988   -0.4999965559   -2.0278416877 
     18       O                 0.0000000000   -0.5000000000   -0.9987995952 
     19       O                 0.0000000000   -0.5000000000    0.0000002457 
     20       O                 0.0000000000   -0.5000000000    0.9987995269 
     21       O                 0.0000000000   -0.5000000000    1.9971387538 
     22       O                -0.5000000000    0.0000000000   -0.9987995952 
     23       O                -0.5000000000    0.0000000000    0.0000002457 
     24       O                -0.5000000000    0.0000000000    0.9987995269 
     25       O                -0.5000000000    0.0000000000    1.9971387538 
     26       O                -0.5000108664    0.0000308558   -2.0326112760 
     27       Ti                0.5000000000    0.5000000000   -0.9945756786 
     28       O                 0.5000000000    0.5000000000   -1.5041005275 
     29       Ti                0.5000000000    0.5000000000    0.0000000000 
     30       O                 0.5000000000    0.5000000000   -0.5005608276 
     31       Ti                0.5000000000    0.5000000000    0.9945756879 
     32       O                 0.5000000000    0.5000000000    0.5005611904 
     33       Ti                0.5000000000    0.5000000000    1.9704983581 
     34       O                 0.5000000000    0.5000000000    1.5041008908 
     35       Ti                0.5000029372    0.4999971067   -1.9696994442 
     36       Ti                0.5000000000   -0.5000000000   -0.9945756786 
     37       O                 0.5000000000   -0.5000000000   -1.5041005275 
     38       Ti                0.5000000000   -0.5000000000    0.0000000000 
     39       O                 0.5000000000   -0.5000000000   -0.5005608276 
     40       Ti                0.5000000000   -0.5000000000    0.9945756879 
     41       O                 0.5000000000   -0.5000000000    0.5005611904 
     42       Ti                0.5000000000   -0.5000000000    1.9704983581 
     43       O                 0.5000000000   -0.5000000000    1.5041008908 
     44       Ti                0.5000029372   -0.5000028933   -1.9696994442 
     45       Ti               -0.4999970628    0.4999971067   -1.9696994442 
     46       Ti               -0.5000000000    0.5000000000   -0.9945756786 
     47       O                -0.5000000000    0.5000000000   -1.5041005275 
     48       Ti               -0.5000000000    0.5000000000    0.0000000000 
     49       O                -0.5000000000    0.5000000000   -0.5005608276 
     50       Ti               -0.5000000000    0.5000000000    0.9945756879 
     51       O                -0.5000000000    0.5000000000    0.5005611904 
     52       Ti               -0.5000000000    0.5000000000    1.9704983581 
     53       O                -0.5000000000    0.5000000000    1.5041008908 
     54       Ti               -0.4999970628   -0.5000028933   -1.9696994442 
     55       Ti               -0.5000000000   -0.5000000000   -0.9945756786 
     56       O                -0.5000000000   -0.5000000000   -1.5041005275 
     57       Ti               -0.5000000000   -0.5000000000    0.0000000000 
     58       O                -0.5000000000   -0.5000000000   -0.5005608276 
     59       Ti               -0.5000000000   -0.5000000000    0.9945756879 
     60       O                -0.5000000000   -0.5000000000    0.5005611904 
     61       Ti               -0.5000000000   -0.5000000000    1.9704983581 
     62       O                -0.5000000000   -0.5000000000    1.5041008908 
     63       Ba                1.0000000000    0.0000000000   -1.5261388694 
     64       Ba                1.0000000000    0.0000000000   -0.5037462655 
     65       Ba                1.0000000000    0.0000000000    0.5037469551 
     66       Ba                1.0000000000    0.0000000000    1.5261391117 
     67       Ba                0.0000000000    1.0000000000   -1.5261388694 
     68       Ba                0.0000000000    1.0000000000   -0.5037462655 
     69       Ba                0.0000000000    1.0000000000    0.5037469551 
     70       Ba                0.0000000000    1.0000000000    1.5261391117 
     71       Ba                0.0000000000   -1.0000000000   -1.5261388694 
     72       Ba                0.0000000000   -1.0000000000   -0.5037462655 
     73       Ba                0.0000000000   -1.0000000000    0.5037469551 
     74       Ba                0.0000000000   -1.0000000000    1.5261391117 
     75       Ba               -1.0000000000    0.0000000000   -1.5261388694 
     76       Ba               -1.0000000000    0.0000000000   -0.5037462655 
     77       Ba               -1.0000000000    0.0000000000    0.5037469551 
     78       Ba               -1.0000000000    0.0000000000    1.5261391117 
     79       O                 1.0000000000    0.5000000000   -0.9987995952 
     80       O                 1.0000000000    0.5000000000    0.0000002457 
     81       O                 1.0000000000    0.5000000000    0.9987995269 
     82       O                 1.0000000000    0.5000000000    1.9971387538 
     83       O                 1.0000014988    0.5000034441   -2.0278416877 
     84       O                 0.5000000000    1.0000000000   -0.9987995952 
     85       O                 0.5000000000    1.0000000000    0.0000002457 
     86       O                 0.5000000000    1.0000000000    0.9987995269 
     87       O                 0.5000000000    1.0000000000    1.9971387538 
     88       H                 1.0000050294    0.5000057524   -2.2706886482 
     89       O                 0.4999891336   -0.9999691442   -2.0326112760 
     90       O                 1.0000014988   -0.4999965559   -2.0278416877 
     91       O                 1.0000000000   -0.5000000000   -0.9987995952 
     92       O                 1.0000000000   -0.5000000000    0.0000002457 
     93       O                 1.0000000000   -0.5000000000    0.9987995269 
     94       O                 1.0000000000   -0.5000000000    1.9971387538 
     95       H                 1.0000050294   -0.4999942476   -2.2706886482 
     96       O                 0.4999891336    1.0000308558   -2.0326112760 
     97       O                -0.5000000000    1.0000000000   -0.9987995952 
     98       O                -0.5000000000    1.0000000000    0.0000002457 
     99       O                -0.5000000000    1.0000000000    0.9987995269 
    100       O                -0.5000000000    1.0000000000    1.9971387538 
    101       O                 0.5000000000   -1.0000000000   -0.9987995952 
    102       O                 0.5000000000   -1.0000000000    0.0000002457 
    103       O                 0.5000000000   -1.0000000000    0.9987995269 
    104       O                 0.5000000000   -1.0000000000    1.9971387538 
    105       O                -0.5000108664   -0.9999691442   -2.0326112760 
    106       H                -0.9999949706    0.5000057524   -2.2706886482 
    107       O                -1.0000000000    0.5000000000   -0.9987995952 
    108       O                -1.0000000000    0.5000000000    0.0000002457 
    109       O                -1.0000000000    0.5000000000    0.9987995269 
    110       O                -1.0000000000    0.5000000000    1.9971387538 
    111       O                -0.9999985012    0.5000034441   -2.0278416877 
    112       O                -0.5000108664    1.0000308558   -2.0326112760 
    113       H                -0.9999949706   -0.4999942476   -2.2706886482 
    114       O                -0.5000000000   -1.0000000000   -0.9987995952 
    115       O                -0.5000000000   -1.0000000000    0.0000002457 
    116       O                -0.5000000000   -1.0000000000    0.9987995269 
    117       O                -0.5000000000   -1.0000000000    1.9971387538 
    118       O                -0.9999985012   -0.4999965559   -2.0278416877 
    119       O                -1.0000000000   -0.5000000000   -0.9987995952 
    120       O                -1.0000000000   -0.5000000000    0.0000002457 
    121       O                -1.0000000000   -0.5000000000    0.9987995269 
    122       O                -1.0000000000   -0.5000000000    1.9971387538 
    123       Ba                1.0000000000    1.0000000000   -1.5261388694 
    124       Ba                1.0000000000    1.0000000000   -0.5037462655 
    125       Ba                1.0000000000    1.0000000000    0.5037469551 
    126       Ba                1.0000000000    1.0000000000    1.5261391117 
    127       Ba                1.0000000000   -1.0000000000   -1.5261388694 
    128       Ba                1.0000000000   -1.0000000000   -0.5037462655 
    129       Ba                1.0000000000   -1.0000000000    0.5037469551 
    130       Ba                1.0000000000   -1.0000000000    1.5261391117 
    131       Ba               -1.0000000000    1.0000000000   -1.5261388694 
    132       Ba               -1.0000000000    1.0000000000   -0.5037462655 
    133       Ba               -1.0000000000    1.0000000000    0.5037469551 
    134       Ba               -1.0000000000    1.0000000000    1.5261391117 
    135       Ba               -1.0000000000   -1.0000000000   -1.5261388694 
    136       Ba               -1.0000000000   -1.0000000000   -0.5037462655 
    137       Ba               -1.0000000000   -1.0000000000    0.5037469551 
    138       Ba               -1.0000000000   -1.0000000000    1.5261391117 
    139       O                 1.4999891336    0.0000308558   -2.0326112760 
    140       O                 1.5000000000    0.0000000000   -0.9987995952 
    141       O                 1.5000000000    0.0000000000    0.0000002457 
    142       O                 1.5000000000    0.0000000000    0.9987995269 
    143       O                 1.5000000000    0.0000000000    1.9971387538 
    144       O                 0.0000000000    1.5000000000   -0.9987995952 
    145       O                 0.0000000000    1.5000000000    0.0000002457 
    146       O                 0.0000000000    1.5000000000    0.9987995269 
    147       O                 0.0000000000    1.5000000000    1.9971387538 
    148       O                 0.0000014988    1.5000034441   -2.0278416877 
    149       H                 0.0000050294    1.5000057524   -2.2706886482 
    150       H                 0.0000050294   -1.4999942476   -2.2706886482 
    151       O                 0.0000014988   -1.4999965559   -2.0278416877 
    152       O                 0.0000000000   -1.5000000000   -0.9987995952 
    153       O                 0.0000000000   -1.5000000000    0.0000002457 
    154       O                 0.0000000000   -1.5000000000    0.9987995269 
    155       O                 0.0000000000   -1.5000000000    1.9971387538 
    156       O                -1.5000000000    0.0000000000   -0.9987995952 
    157       O                -1.5000000000    0.0000000000    0.0000002457 
    158       O                -1.5000000000    0.0000000000    0.9987995269 
    159       O                -1.5000000000    0.0000000000    1.9971387538 
    160       O                -1.5000108664    0.0000308558   -2.0326112760 
    161       Ti                1.5000000000    0.5000000000   -0.9945756786 
    162       O                 1.5000000000    0.5000000000   -1.5041005275 
    163       Ti                1.5000000000    0.5000000000    0.0000000000 
    164       O                 1.5000000000    0.5000000000   -0.5005608276 
    165       Ti                1.5000000000    0.5000000000    0.9945756879 
    166       O                 1.5000000000    0.5000000000    0.5005611904 
    167       Ti                1.5000000000    0.5000000000    1.9704983581 
    168       O                 1.5000000000    0.5000000000    1.5041008908 
    169       Ti                1.5000029372    0.4999971067   -1.9696994442 
    170       Ti                0.5000029372    1.4999971067   -1.9696994442 
    171       Ti                0.5000000000    1.5000000000   -0.9945756786 
    172       O                 0.5000000000    1.5000000000   -1.5041005275 
    173       Ti                0.5000000000    1.5000000000    0.0000000000 
    174       O                 0.5000000000    1.5000000000   -0.5005608276 
    175       Ti                0.5000000000    1.5000000000    0.9945756879 
    176       O                 0.5000000000    1.5000000000    0.5005611904 
    177       Ti                0.5000000000    1.5000000000    1.9704983581 
    178       O                 0.5000000000    1.5000000000    1.5041008908 
    179       Ti                1.5000000000   -0.5000000000   -0.9945756786 
    180       O                 1.5000000000   -0.5000000000   -1.5041005275 
    181       Ti                1.5000000000   -0.5000000000    0.0000000000 
    182       O                 1.5000000000   -0.5000000000   -0.5005608276 
    183       Ti                1.5000000000   -0.5000000000    0.9945756879 
    184       O                 1.5000000000   -0.5000000000    0.5005611904 
    185       Ti                1.5000000000   -0.5000000000    1.9704983581 
    186       O                 1.5000000000   -0.5000000000    1.5041008908 
    187       Ti                1.5000029372   -0.5000028933   -1.9696994442 
    188       Ti               -0.4999970628    1.4999971067   -1.9696994442 
    189       Ti               -0.5000000000    1.5000000000   -0.9945756786 
    190       O                -0.5000000000    1.5000000000   -1.5041005275 
    191       Ti               -0.5000000000    1.5000000000    0.0000000000 
    192       O                -0.5000000000    1.5000000000   -0.5005608276 
    193       Ti               -0.5000000000    1.5000000000    0.9945756879 
    194       O                -0.5000000000    1.5000000000    0.5005611904 
    195       Ti               -0.5000000000    1.5000000000    1.9704983581 
    196       O                -0.5000000000    1.5000000000    1.5041008908 
    197       Ti                0.5000000000   -1.5000000000   -0.9945756786 
    198       O                 0.5000000000   -1.5000000000   -1.5041005275 
    199       Ti                0.5000000000   -1.5000000000    0.0000000000 
    200       O                 0.5000000000   -1.5000000000   -0.5005608276 
    201       Ti                0.5000000000   -1.5000000000    0.9945756879 
    202       O                 0.5000000000   -1.5000000000    0.5005611904 
    203       Ti                0.5000000000   -1.5000000000    1.9704983581 
    204       O                 0.5000000000   -1.5000000000    1.5041008908 
    205       Ti                0.5000029372   -1.5000028933   -1.9696994442 
    206       Ti               -1.4999970628    0.4999971067   -1.9696994442 
    207       Ti               -1.5000000000    0.5000000000   -0.9945756786 
    208       O                -1.5000000000    0.5000000000   -1.5041005275 
    209       Ti               -1.5000000000    0.5000000000    0.0000000000 
    210       O                -1.5000000000    0.5000000000   -0.5005608276 
    211       Ti               -1.5000000000    0.5000000000    0.9945756879 
    212       O                -1.5000000000    0.5000000000    0.5005611904 
    213       Ti               -1.5000000000    0.5000000000    1.9704983581 
    214       O                -1.5000000000    0.5000000000    1.5041008908 
    215       Ti               -0.5000000000   -1.5000000000   -0.9945756786 
    216       O                -0.5000000000   -1.5000000000   -1.5041005275 
    217       Ti               -0.5000000000   -1.5000000000    0.0000000000 
    218       O                -0.5000000000   -1.5000000000   -0.5005608276 
    219       Ti               -0.5000000000   -1.5000000000    0.9945756879 
    220       O                -0.5000000000   -1.5000000000    0.5005611904 
    221       Ti               -0.5000000000   -1.5000000000    1.9704983581 
    222       O                -0.5000000000   -1.5000000000    1.5041008908 
    223       Ti               -0.4999970628   -1.5000028933   -1.9696994442 
    224       Ti               -1.4999970628   -0.5000028933   -1.9696994442 
    225       Ti               -1.5000000000   -0.5000000000   -0.9945756786 
    226       O                -1.5000000000   -0.5000000000   -1.5041005275 
    227       Ti               -1.5000000000   -0.5000000000    0.0000000000 
    228       O                -1.5000000000   -0.5000000000   -0.5005608276 
    229       Ti               -1.5000000000   -0.5000000000    0.9945756879 
    230       O                -1.5000000000   -0.5000000000    0.5005611904 
    231       Ti               -1.5000000000   -0.5000000000    1.9704983581 
    232       O                -1.5000000000   -0.5000000000    1.5041008908 
    233       O                 1.5000000000    1.0000000000   -0.9987995952 
    234       O                 1.5000000000    1.0000000000    0.0000002457 
    235       O                 1.5000000000    1.0000000000    0.9987995269 
    236       O                 1.5000000000    1.0000000000    1.9971387538 
    237       O                 1.0000000000    1.5000000000   -0.9987995952 
    238       O                 1.0000000000    1.5000000000    0.0000002457 
    239       O                 1.0000000000    1.5000000000    0.9987995269 
    240       O                 1.0000000000    1.5000000000    1.9971387538 
    241       O                 1.4999891336   -0.9999691442   -2.0326112760 
    242       O                 1.0000014988    1.5000034441   -2.0278416877 
    243       O                 1.4999891336    1.0000308558   -2.0326112760 
    244       H                 1.0000050294    1.5000057524   -2.2706886482 
    245       O                 1.5000000000   -1.0000000000   -0.9987995952 
    246       O                 1.5000000000   -1.0000000000    0.0000002457 
    247       O                 1.5000000000   -1.0000000000    0.9987995269 
    248       O                 1.5000000000   -1.0000000000    1.9971387538 
    249       O                -1.0000000000    1.5000000000   -0.9987995952 
    250       O                -1.0000000000    1.5000000000    0.0000002457 
    251       O                -1.0000000000    1.5000000000    0.9987995269 
    252       O                -1.0000000000    1.5000000000    1.9971387538 
    253       H                -0.9999949706    1.5000057524   -2.2706886482 
    254       O                -0.9999985012    1.5000034441   -2.0278416877 
    255       O                 1.0000014988   -1.4999965559   -2.0278416877 
    256       H                 1.0000050294   -1.4999942476   -2.2706886482 
    257       O                 1.0000000000   -1.5000000000   -0.9987995952 
    258       O                 1.0000000000   -1.5000000000    0.0000002457 
    259       O                 1.0000000000   -1.5000000000    0.9987995269 
    260       O                 1.0000000000   -1.5000000000    1.9971387538 
    261       O                -1.5000000000    1.0000000000   -0.9987995952 
    262       O                -1.5000000000    1.0000000000    0.0000002457 
    263       O                -1.5000000000    1.0000000000    0.9987995269 
    264       O                -1.5000000000    1.0000000000    1.9971387538 
    265       H                -0.9999949706   -1.4999942476   -2.2706886482 
    266       O                -1.5000108664   -0.9999691442   -2.0326112760 
    267       O                -0.9999985012   -1.4999965559   -2.0278416877 
    268       O                -1.5000108664    1.0000308558   -2.0326112760 
    269       O                -1.0000000000   -1.5000000000   -0.9987995952 
    270       O                -1.0000000000   -1.5000000000    0.0000002457 
    271       O                -1.0000000000   -1.5000000000    0.9987995269 
    272       O                -1.0000000000   -1.5000000000    1.9971387538 
    273       O                -1.5000000000   -1.0000000000   -0.9987995952 
    274       O                -1.5000000000   -1.0000000000    0.0000002457 
    275       O                -1.5000000000   -1.0000000000    0.9987995269 
    276       O                -1.5000000000   -1.0000000000    1.9971387538 
    277       Ba                2.0000000000    0.0000000000   -1.5261388694 
    278       Ba                2.0000000000    0.0000000000   -0.5037462655 
    279       Ba                2.0000000000    0.0000000000    0.5037469551 
    280       Ba                2.0000000000    0.0000000000    1.5261391117 
    281       Ba                0.0000000000    2.0000000000   -1.5261388694 
    282       Ba                0.0000000000    2.0000000000   -0.5037462655 
    283       Ba                0.0000000000    2.0000000000    0.5037469551 
    284       Ba                0.0000000000    2.0000000000    1.5261391117 
    285       Ba                0.0000000000   -2.0000000000   -1.5261388694 
    286       Ba                0.0000000000   -2.0000000000   -0.5037462655 
    287       Ba                0.0000000000   -2.0000000000    0.5037469551 
    288       Ba                0.0000000000   -2.0000000000    1.5261391117 
    289       Ba               -2.0000000000    0.0000000000   -1.5261388694 
    290       Ba               -2.0000000000    0.0000000000   -0.5037462655 
    291       Ba               -2.0000000000    0.0000000000    0.5037469551 
    292       Ba               -2.0000000000    0.0000000000    1.5261391117 
    293       O                 2.0000000000    0.5000000000   -0.9987995952 
    294       O                 2.0000000000    0.5000000000    0.0000002457 
    295       O                 2.0000000000    0.5000000000    0.9987995269 
    296       O                 2.0000000000    0.5000000000    1.9971387538 
    297       O                 2.0000014988    0.5000034441   -2.0278416877 
    298       O                 0.5000000000    2.0000000000   -0.9987995952 
    299       O                 0.5000000000    2.0000000000    0.0000002457 
    300       O                 0.5000000000    2.0000000000    0.9987995269 
    301       O                 0.5000000000    2.0000000000    1.9971387538 
    302       H                 2.0000050294    0.5000057524   -2.2706886482 
    303       O                 2.0000000000   -0.5000000000   -0.9987995952 
    304       O                 2.0000000000   -0.5000000000    0.0000002457 
    305       O                 2.0000000000   -0.5000000000    0.9987995269 
    306       O                 2.0000000000   -0.5000000000    1.9971387538 
    307       O                 2.0000014988   -0.4999965559   -2.0278416877 
    308       H                 2.0000050294   -0.4999942476   -2.2706886482 
    309       O                -0.5000000000    2.0000000000   -0.9987995952 
    310       O                -0.5000000000    2.0000000000    0.0000002457 
    311       O                -0.5000000000    2.0000000000    0.9987995269 
    312       O                -0.5000000000    2.0000000000    1.9971387538 
    313       O                 0.4999891336   -1.9999691442   -2.0326112760 
    314       O                 0.4999891336    2.0000308558   -2.0326112760 
    315       O                -0.5000108664   -1.9999691442   -2.0326112760 
    316       O                -0.5000108664    2.0000308558   -2.0326112760 
    317       O                 0.5000000000   -2.0000000000   -0.9987995952 
    318       O                 0.5000000000   -2.0000000000    0.0000002457 
    319       O                 0.5000000000   -2.0000000000    0.9987995269 
    320       O                 0.5000000000   -2.0000000000    1.9971387538 
    321       H                -1.9999949706    0.5000057524   -2.2706886482 
    322       O                -1.9999985012    0.5000034441   -2.0278416877 
    323       O                -2.0000000000    0.5000000000   -0.9987995952 
    324       O                -2.0000000000    0.5000000000    0.0000002457 
    325       O                -2.0000000000    0.5000000000    0.9987995269 
    326       O                -2.0000000000    0.5000000000    1.9971387538 
    327       H                -1.9999949706   -0.4999942476   -2.2706886482 
    328       O                -0.5000000000   -2.0000000000   -0.9987995952 
    329       O                -0.5000000000   -2.0000000000    0.0000002457 
    330       O                -0.5000000000   -2.0000000000    0.9987995269 
    331       O                -0.5000000000   -2.0000000000    1.9971387538 
    332       O                -1.9999985012   -0.4999965559   -2.0278416877 
    333       O                -2.0000000000   -0.5000000000   -0.9987995952 
    334       O                -2.0000000000   -0.5000000000    0.0000002457 
    335       O                -2.0000000000   -0.5000000000    0.9987995269 
    336       O                -2.0000000000   -0.5000000000    1.9971387538 
    337       Ti                1.5000000000    1.5000000000   -0.9945756786 
    338       O                 1.5000000000    1.5000000000   -1.5041005275 
    339       Ti                1.5000000000    1.5000000000    0.0000000000 
    340       O                 1.5000000000    1.5000000000   -0.5005608276 
    341       Ti                1.5000000000    1.5000000000    0.9945756879 
    342       O                 1.5000000000    1.5000000000    0.5005611904 
    343       Ti                1.5000000000    1.5000000000    1.9704983581 
    344       O                 1.5000000000    1.5000000000    1.5041008908 
    345       Ti                1.5000029372    1.4999971067   -1.9696994442 
    346       Ti                1.5000000000   -1.5000000000   -0.9945756786 
    347       O                 1.5000000000   -1.5000000000   -1.5041005275 
    348       Ti                1.5000000000   -1.5000000000    0.0000000000 
    349       O                 1.5000000000   -1.5000000000   -0.5005608276 
    350       Ti                1.5000000000   -1.5000000000    0.9945756879 
    351       O                 1.5000000000   -1.5000000000    0.5005611904 
    352       Ti                1.5000000000   -1.5000000000    1.9704983581 
    353       O                 1.5000000000   -1.5000000000    1.5041008908 
    354       Ti                1.5000029372   -1.5000028933   -1.9696994442 
    355       Ti               -1.4999970628    1.4999971067   -1.9696994442 
    356       Ti               -1.5000000000    1.5000000000   -0.9945756786 
    357       O                -1.5000000000    1.5000000000   -1.5041005275 
    358       Ti               -1.5000000000    1.5000000000    0.0000000000 
    359       O                -1.5000000000    1.5000000000   -0.5005608276 
    360       Ti               -1.5000000000    1.5000000000    0.9945756879 
    361       O                -1.5000000000    1.5000000000    0.5005611904 
    362       Ti               -1.5000000000    1.5000000000    1.9704983581 
    363       O                -1.5000000000    1.5000000000    1.5041008908 
    364       Ti               -1.4999970628   -1.5000028933   -1.9696994442 
    365       Ti               -1.5000000000   -1.5000000000   -0.9945756786 
    366       O                -1.5000000000   -1.5000000000   -1.5041005275 
    367       Ti               -1.5000000000   -1.5000000000    0.0000000000 
    368       O                -1.5000000000   -1.5000000000   -0.5005608276 
    369       Ti               -1.5000000000   -1.5000000000    0.9945756879 
    370       O                -1.5000000000   -1.5000000000    0.5005611904 
    371       Ti               -1.5000000000   -1.5000000000    1.9704983581 
    372       O                -1.5000000000   -1.5000000000    1.5041008908 
    373       Ba                2.0000000000    1.0000000000   -1.5261388694 
    374       Ba                2.0000000000    1.0000000000   -0.5037462655 
    375       Ba                2.0000000000    1.0000000000    0.5037469551 
    376       Ba                2.0000000000    1.0000000000    1.5261391117 
    377       Ba                1.0000000000    2.0000000000   -1.5261388694 
    378       Ba                1.0000000000    2.0000000000   -0.5037462655 
    379       Ba                1.0000000000    2.0000000000    0.5037469551 
    380       Ba                1.0000000000    2.0000000000    1.5261391117 
    381       Ba                2.0000000000   -1.0000000000   -1.5261388694 
    382       Ba                2.0000000000   -1.0000000000   -0.5037462655 
    383       Ba                2.0000000000   -1.0000000000    0.5037469551 
    384       Ba                2.0000000000   -1.0000000000    1.5261391117 
    385       Ba               -1.0000000000    2.0000000000   -1.5261388694 
    386       Ba               -1.0000000000    2.0000000000   -0.5037462655 
    387       Ba               -1.0000000000    2.0000000000    0.5037469551 
    388       Ba               -1.0000000000    2.0000000000    1.5261391117 
    389       Ba                1.0000000000   -2.0000000000   -1.5261388694 
    390       Ba                1.0000000000   -2.0000000000   -0.5037462655 
    391       Ba                1.0000000000   -2.0000000000    0.5037469551 
    392       Ba                1.0000000000   -2.0000000000    1.5261391117 
    393       Ba               -2.0000000000    1.0000000000   -1.5261388694 
    394       Ba               -2.0000000000    1.0000000000   -0.5037462655 
    395       Ba               -2.0000000000    1.0000000000    0.5037469551 
    396       Ba               -2.0000000000    1.0000000000    1.5261391117 
    397       Ba               -1.0000000000   -2.0000000000   -1.5261388694 
    398       Ba               -1.0000000000   -2.0000000000   -0.5037462655 
    399       Ba               -1.0000000000   -2.0000000000    0.5037469551 
    400       Ba               -1.0000000000   -2.0000000000    1.5261391117 
    401       Ba               -2.0000000000   -1.0000000000   -1.5261388694 
    402       Ba               -2.0000000000   -1.0000000000   -0.5037462655 
    403       Ba               -2.0000000000   -1.0000000000    0.5037469551 
    404       Ba               -2.0000000000   -1.0000000000    1.5261391117 
    405       O                 2.4999891336    0.0000308558   -2.0326112760 
    406       O                 2.0000000000    1.5000000000   -0.9987995952 
    407       O                 2.0000000000    1.5000000000    0.0000002457 
    408       O                 2.0000000000    1.5000000000    0.9987995269 
    409       O                 2.0000000000    1.5000000000    1.9971387538 
    410       O                 1.5000000000    2.0000000000   -0.9987995952 
    411       O                 1.5000000000    2.0000000000    0.0000002457 
    412       O                 1.5000000000    2.0000000000    0.9987995269 
    413       O                 1.5000000000    2.0000000000    1.9971387538 
    414       O                 2.0000014988    1.5000034441   -2.0278416877 
    415       H                 2.0000050294    1.5000057524   -2.2706886482 
    416       O                 2.5000000000    0.0000000000   -0.9987995952 
    417       O                 2.5000000000    0.0000000000    0.0000002457 
    418       O                 2.5000000000    0.0000000000    0.9987995269 
    419       O                 2.5000000000    0.0000000000    1.9971387538 
    420       O                 1.4999891336   -1.9999691442   -2.0326112760 
    421       O                 0.0000000000    2.5000000000   -0.9987995952 
    422       O                 0.0000000000    2.5000000000    0.0000002457 
    423       O                 0.0000000000    2.5000000000    0.9987995269 
    424       O                 0.0000000000    2.5000000000    1.9971387538 
    425       O                 1.4999891336    2.0000308558   -2.0326112760 
    426       O                 0.0000014988    2.5000034441   -2.0278416877 
    427       H                 0.0000050294    2.5000057524   -2.2706886482 
    428       O                 2.0000014988   -1.4999965559   -2.0278416877 
    429       O                 2.0000000000   -1.5000000000   -0.9987995952 
    430       O                 2.0000000000   -1.5000000000    0.0000002457 
    431       O                 2.0000000000   -1.5000000000    0.9987995269 
    432       O                 2.0000000000   -1.5000000000    1.9971387538 
    433       H                 2.0000050294   -1.4999942476   -2.2706886482 
    434       O                -1.5000000000    2.0000000000   -0.9987995952 
    435       O                -1.5000000000    2.0000000000    0.0000002457 
    436       O                -1.5000000000    2.0000000000    0.9987995269 
    437       O                -1.5000000000    2.0000000000    1.9971387538 
    438       O                 1.5000000000   -2.0000000000   -0.9987995952 
    439       O                 1.5000000000   -2.0000000000    0.0000002457 
    440       O                 1.5000000000   -2.0000000000    0.9987995269 
    441       O                 1.5000000000   -2.0000000000    1.9971387538 
    442       H                -1.9999949706    1.5000057524   -2.2706886482 
    443       O                -2.0000000000    1.5000000000   -0.9987995952 
    444       O                -2.0000000000    1.5000000000    0.0000002457 
    445       O                -2.0000000000    1.5000000000    0.9987995269 
    446       O                -2.0000000000    1.5000000000    1.9971387538 
    447       O                -1.9999985012    1.5000034441   -2.0278416877 
    448       O                -1.5000108664   -1.9999691442   -2.0326112760 
    449       O                -1.5000108664    2.0000308558   -2.0326112760 
    450       H                -1.9999949706   -1.4999942476   -2.2706886482 
    451       O                -1.9999985012   -1.4999965559   -2.0278416877 
    452       O                -1.5000000000   -2.0000000000   -0.9987995952 
    453       O                -1.5000000000   -2.0000000000    0.0000002457 
    454       O                -1.5000000000   -2.0000000000    0.9987995269 
    455       O                -1.5000000000   -2.0000000000    1.9971387538 
    456       O                -2.0000000000   -1.5000000000   -0.9987995952 
    457       O                -2.0000000000   -1.5000000000    0.0000002457 
    458       O                -2.0000000000   -1.5000000000    0.9987995269 
    459       O                -2.0000000000   -1.5000000000    1.9971387538 
    460       Ti                2.5000000000    0.5000000000   -0.9945756786 
    461       O                 2.5000000000    0.5000000000   -1.5041005275 
    462       Ti                2.5000000000    0.5000000000    0.0000000000 
    463       O                 2.5000000000    0.5000000000   -0.5005608276 
    464       Ti                2.5000000000    0.5000000000    0.9945756879 
    465       O                 2.5000000000    0.5000000000    0.5005611904 
    466       Ti                2.5000000000    0.5000000000    1.9704983581 
    467       O                 2.5000000000    0.5000000000    1.5041008908 
    468       Ti                2.5000029372    0.4999971067   -1.9696994442 
    469       Ti                0.5000029372    2.4999971067   -1.9696994442 
    470       Ti                0.5000000000    2.5000000000   -0.9945756786 
    471       O                 0.5000000000    2.5000000000   -1.5041005275 
    472       Ti                0.5000000000    2.5000000000    0.0000000000 
    473       O                 0.5000000000    2.5000000000   -0.5005608276 
    474       Ti                0.5000000000    2.5000000000    0.9945756879 
    475       O                 0.5000000000    2.5000000000    0.5005611904 
    476       Ti                0.5000000000    2.5000000000    1.9704983581 
    477       O                 0.5000000000    2.5000000000    1.5041008908 
    478       Ti                2.5000000000   -0.5000000000   -0.9945756786 
    479       O                 2.5000000000   -0.5000000000   -1.5041005275 
    480       Ti                2.5000000000   -0.5000000000    0.0000000000 
    481       O                 2.5000000000   -0.5000000000   -0.5005608276 
    482       Ti                2.5000000000   -0.5000000000    0.9945756879 
    483       O                 2.5000000000   -0.5000000000    0.5005611904 
    484       Ti                2.5000000000   -0.5000000000    1.9704983581 
    485       O                 2.5000000000   -0.5000000000    1.5041008908 
    486       Ti                2.5000029372   -0.5000028933   -1.9696994442 
    487       Ti               -0.4999970628    2.4999971067   -1.9696994442 
    488       Ti               -0.5000000000    2.5000000000   -0.9945756786 
    489       O                -0.5000000000    2.5000000000   -1.5041005275 
    490       Ti               -0.5000000000    2.5000000000    0.0000000000 
    491       O                -0.5000000000    2.5000000000   -0.5005608276 
    492       Ti               -0.5000000000    2.5000000000    0.9945756879 
    493       O                -0.5000000000    2.5000000000    0.5005611904 
    494       Ti               -0.5000000000    2.5000000000    1.9704983581 
    495       O                -0.5000000000    2.5000000000    1.5041008908 
    496       O                 2.4999891336   -0.9999691442   -2.0326112760 
    497       O                 2.5000000000    1.0000000000   -0.9987995952 
    498       O                 2.5000000000    1.0000000000    0.0000002457 
    499       O                 2.5000000000    1.0000000000    0.9987995269 
    500       O                 2.5000000000    1.0000000000    1.9971387538 
    501       O                 2.4999891336    1.0000308558   -2.0326112760 
    502       O                 1.0000000000    2.5000000000   -0.9987995952 
    503       O                 1.0000000000    2.5000000000    0.0000002457 
    504       O                 1.0000000000    2.5000000000    0.9987995269 
    505       O                 1.0000000000    2.5000000000    1.9971387538 
    506       O                 1.0000014988    2.5000034441   -2.0278416877 
    507       H                 1.0000050294    2.5000057524   -2.2706886482 
    508       O                 2.5000000000   -1.0000000000   -0.9987995952 
    509       O                 2.5000000000   -1.0000000000    0.0000002457 
    510       O                 2.5000000000   -1.0000000000    0.9987995269 
    511       O                 2.5000000000   -1.0000000000    1.9971387538 
    512       O                -1.0000000000    2.5000000000   -0.9987995952 
    513       O                -1.0000000000    2.5000000000    0.0000002457 
    514       O                -1.0000000000    2.5000000000    0.9987995269 
    515       O                -1.0000000000    2.5000000000    1.9971387538 
    516       O                -0.9999985012    2.5000034441   -2.0278416877 
    517       H                -0.9999949706    2.5000057524   -2.2706886482 
    518       Ba                2.0000000000    2.0000000000   -1.5261388694 
    519       Ba                2.0000000000    2.0000000000   -0.5037462655 
    520       Ba                2.0000000000    2.0000000000    0.5037469551 
    521       Ba                2.0000000000    2.0000000000    1.5261391117 
    522       Ba                2.0000000000   -2.0000000000   -1.5261388694 
    523       Ba                2.0000000000   -2.0000000000   -0.5037462655 
    524       Ba                2.0000000000   -2.0000000000    0.5037469551 
    525       Ba                2.0000000000   -2.0000000000    1.5261391117 
    526       Ba               -2.0000000000    2.0000000000   -1.5261388694 
    527       Ba               -2.0000000000    2.0000000000   -0.5037462655 
    528       Ba               -2.0000000000    2.0000000000    0.5037469551 
    529       Ba               -2.0000000000    2.0000000000    1.5261391117 
    530       Ba               -2.0000000000   -2.0000000000   -1.5261388694 
    531       Ba               -2.0000000000   -2.0000000000   -0.5037462655 
    532       Ba               -2.0000000000   -2.0000000000    0.5037469551 
    533       Ba               -2.0000000000   -2.0000000000    1.5261391117 
    534       Ti                2.5000000000    1.5000000000   -0.9945756786 
    535       O                 2.5000000000    1.5000000000   -1.5041005275 
    536       Ti                2.5000000000    1.5000000000    0.0000000000 
    537       O                 2.5000000000    1.5000000000   -0.5005608276 
    538       Ti                2.5000000000    1.5000000000    0.9945756879 
    539       O                 2.5000000000    1.5000000000    0.5005611904 
    540       Ti                2.5000000000    1.5000000000    1.9704983581 
    541       O                 2.5000000000    1.5000000000    1.5041008908 
    542       Ti                2.5000029372    1.4999971067   -1.9696994442 
    543       Ti                1.5000029372    2.4999971067   -1.9696994442 
    544       Ti                1.5000000000    2.5000000000   -0.9945756786 
    545       O                 1.5000000000    2.5000000000   -1.5041005275 
    546       Ti                1.5000000000    2.5000000000    0.0000000000 
    547       O                 1.5000000000    2.5000000000   -0.5005608276 
    548       Ti                1.5000000000    2.5000000000    0.9945756879 
    549       O                 1.5000000000    2.5000000000    0.5005611904 
    550       Ti                1.5000000000    2.5000000000    1.9704983581 
    551       O                 1.5000000000    2.5000000000    1.5041008908 
    552       Ti                2.5000000000   -1.5000000000   -0.9945756786 
    553       O                 2.5000000000   -1.5000000000   -1.5041005275 
    554       Ti                2.5000000000   -1.5000000000    0.0000000000 
    555       O                 2.5000000000   -1.5000000000   -0.5005608276 
    556       Ti                2.5000000000   -1.5000000000    0.9945756879 
    557       O                 2.5000000000   -1.5000000000    0.5005611904 
    558       Ti                2.5000000000   -1.5000000000    1.9704983581 
    559       O                 2.5000000000   -1.5000000000    1.5041008908 
    560       Ti                2.5000029372   -1.5000028933   -1.9696994442 
    561       Ti               -1.4999970628    2.4999971067   -1.9696994442 
    562       Ti               -1.5000000000    2.5000000000   -0.9945756786 
    563       O                -1.5000000000    2.5000000000   -1.5041005275 
    564       Ti               -1.5000000000    2.5000000000    0.0000000000 
    565       O                -1.5000000000    2.5000000000   -0.5005608276 
    566       Ti               -1.5000000000    2.5000000000    0.9945756879 
    567       O                -1.5000000000    2.5000000000    0.5005611904 
    568       Ti               -1.5000000000    2.5000000000    1.9704983581 
    569       O                -1.5000000000    2.5000000000    1.5041008908 
    570       O                 2.5000000000    2.0000000000   -0.9987995952 
    571       O                 2.5000000000    2.0000000000    0.0000002457 
    572       O                 2.5000000000    2.0000000000    0.9987995269 
    573       O                 2.5000000000    2.0000000000    1.9971387538 
    574       O                 2.0000000000    2.5000000000   -0.9987995952 
    575       O                 2.0000000000    2.5000000000    0.0000002457 
    576       O                 2.0000000000    2.5000000000    0.9987995269 
    577       O                 2.0000000000    2.5000000000    1.9971387538 
    578       O                 2.0000014988    2.5000034441   -2.0278416877 
    579       O                 2.4999891336   -1.9999691442   -2.0326112760 
    580       H                 2.0000050294    2.5000057524   -2.2706886482 
    581       O                 2.4999891336    2.0000308558   -2.0326112760 
    582       O                 2.5000000000   -2.0000000000   -0.9987995952 
    583       O                 2.5000000000   -2.0000000000    0.0000002457 
    584       O                 2.5000000000   -2.0000000000    0.9987995269 
    585       O                 2.5000000000   -2.0000000000    1.9971387538 
    586       O                -2.0000000000    2.5000000000   -0.9987995952 
    587       O                -2.0000000000    2.5000000000    0.0000002457 
    588       O                -2.0000000000    2.5000000000    0.9987995269 
    589       O                -2.0000000000    2.5000000000    1.9971387538 
    590       H                -1.9999949706    2.5000057524   -2.2706886482 
    591       O                -1.9999985012    2.5000034441   -2.0278416877 
    592       Ti                2.5000000000    2.5000000000   -0.9945756786 
    593       O                 2.5000000000    2.5000000000   -1.5041005275 
    594       Ti                2.5000000000    2.5000000000    0.0000000000 
    595       O                 2.5000000000    2.5000000000   -0.5005608276 
    596       Ti                2.5000000000    2.5000000000    0.9945756879 
    597       O                 2.5000000000    2.5000000000    0.5005611904 
    598       Ti                2.5000000000    2.5000000000    1.9704983581 
    599       O                 2.5000000000    2.5000000000    1.5041008908 
    600       Ti                2.5000029372    2.4999971067   -1.9696994442 
