primitive lattice vectors  2  2  1
  8.00000000  0.00000000  0.00000000
  0.00000000  8.00000000  0.00000000
  0.00000000  0.00000000 80.00000000
number of atoms in unit cell
908
atom, type, position vector
      1       C                 0.0051171878   -0.0135592333   -3.1820581969 
      2       Ba                0.0274376225    0.0057088818   -1.5197218880 
      3       Ba                0.0218906797    0.0218411252   -0.4742883436 
      4       P                -0.0824610867    0.0418251616   -2.7414235472 
      5       H                -0.3012019254    0.1808550739   -3.5803200043 
      6       C                -0.3046750117    0.1815140498   -3.3069809489 
      7       C                 0.3262103677    0.1539500420   -3.2931464939 
      8       H                 0.3319046572    0.1540068587   -3.5658324988 
      9       O                 0.0013424627    0.3702235745   -2.5933879333 
     10       C                -0.0138194022   -0.3805796133   -3.2762937484 
     11       O                -0.3264956508   -0.2133558312   -2.6204895162 
     12       H                -0.0140659135   -0.3996543165   -3.5484262350 
     13       H                -0.4677609550   -0.0220193244   -2.2668858892 
     14       O                -0.4695091472    0.0376952923   -0.9947072314 
     15       O                 0.0383228048   -0.4718292261   -0.9952030029 
     16       O                -0.0077945560   -0.4958820525    0.0126477278 
     17       O                -0.4958927796   -0.0078238720    0.0125774613 
     18       O                 0.4998453888   -0.0218270451   -2.0114315761 
     19       O                -0.5011194283    0.0093439725   -2.0269872082 
     20       O                -0.0172636999   -0.5032305279   -1.9868387119 
     21       O                -0.0077648517    0.5040780148    0.0126164273 
     22       O                 0.5041492048   -0.0077978347    0.0125552850 
     23       O                -0.0007086031    0.5150301778   -1.9512643649 
     24       O                 0.5299044487    0.0415939305   -0.9942870928 
     25       O                 0.0366891668    0.5306008755   -0.9984797574 
     26       H                -0.3010631961    0.4410910028   -3.2217739616 
     27       H                 0.3408366879    0.4114290765   -3.2069162936 
     28       H                -0.5370808396    0.0645060335   -3.2246458513 
     29       H                 0.5456217355    0.0198290171   -3.2038750318 
     30       H                -0.2401524209   -0.4972909835   -3.1811513537 
     31       H                 0.2001073020   -0.5205511974   -3.1824395504 
     32       Ti               -0.4561897735   -0.4562058045   -0.0181705164 
     33       O                -0.4797125293   -0.4797934364   -0.4901492064 
     34       O                -0.4848253654   -0.4761387505   -1.4985527404 
     35       Ti               -0.4571982454   -0.5282638204   -1.9575750391 
     36       Ti               -0.5017609082    0.4934423142   -0.9954429586 
     37       Ti                0.4968731570    0.4993225342   -0.9981621111 
     38       O                -0.4796717767    0.5202154800   -0.4901873000 
     39       O                 0.5202730878   -0.4797434303   -0.4901955726 
     40       Ti               -0.4561394494    0.5437497504   -0.0180926708 
     41       Ti                0.5438122313   -0.4561846591   -0.0181245158 
     42       Ti                0.4991372710   -0.5062126359   -0.9971121796 
     43       O                -0.4905628511    0.5150129709   -1.4943538907 
     44       Ti               -0.5005197820   -0.5053984408   -0.9947407773 
     45       Ti               -0.4469578091    0.5560098062   -1.9563870174 
     46       O                 0.5264765365   -0.4818224190   -1.4890810009 
     47       O                 0.5203785138    0.5202556386   -0.4902156894 
     48       O                 0.5311483125    0.5212198194   -1.4933978826 
     49       Ti                0.5614791173   -0.4901506574   -1.9654341961 
     50       Ti                0.5402787472    0.5405836093   -1.9680102218 
     51       Ti                0.5438779555    0.5437143785   -0.0182310321 
     52       Ba               -0.9780955508    0.0218099210   -0.4742858097 
     53       Ba                0.0218822768   -0.9781417256   -0.4742421684 
     54       Ba               -0.9799091023    0.0208695106   -1.5198643388 
     55       Ba                0.0430633841   -1.0011002425   -1.5119477827 
     56       Ba                1.0170791203    0.0194556399   -1.5174397703 
     57       Ba                0.0219023557    1.0218197410   -0.4742031468 
     58       Ba                1.0219135920    0.0218184145   -0.4742871470 
     59       Ba                0.0264053451    1.0257846659   -1.5025594038 
     60       O                -0.9596015628   -0.4679223613   -0.9946265612 
     61       O                -0.4710209050   -0.9595485766   -0.9979874942 
     62       O                -0.9608356863    0.5292769794   -0.9936881355 
     63       O                 0.5308475556   -0.9610949709   -0.9848402263 
     64       O                 0.5156580557   -0.9711145818   -1.9991230673 
     65       O                -0.4958918036    0.9921187873    0.0126296975 
     66       O                 0.9921693646   -0.4959019708    0.0126110341 
     67       O                 0.5022442007    0.9899070452   -2.0008211483 
     68       O                 0.9905057225    0.5029159578   -2.0079197978 
     69       O                -0.5062403722   -0.9894388724   -1.9870993584 
     70       O                 0.5042017826    0.9921089299    0.0126226176 
     71       O                 0.9922601785    0.5040382600    0.0125907157 
     72       O                -0.4881899723    1.0008909672   -1.9903306013 
     73       O                -1.0077752380   -0.4959548058    0.0126267195 
     74       O                -0.4958938461   -1.0079098840    0.0126497645 
     75       O                -1.0134806048   -0.4910047191   -1.9952865798 
     76       O                -1.0077772090    0.5040271261    0.0125991717 
     77       O                 0.5041105546   -1.0077960360    0.0126134930 
     78       O                 1.0138513633   -0.4967314019   -1.9878830251 
     79       O                -1.0113690977    0.5113593405   -2.0053295812 
     80       O                 1.0386102839   -0.4682693460   -0.9923220251 
     81       O                -0.4711478988    1.0389335521   -0.9970052711 
     82       O                 0.5305581096    1.0382637527   -0.9885365358 
     83       O                 1.0398579859    0.5321521041   -0.9930549957 
     84       Ba               -0.9780886854   -0.9781960504   -0.4742029931 
     85       Ba               -0.9888645779   -0.9835554451   -1.5028498255 
     86       Ba               -0.9781014095    1.0218229210   -0.4742480671 
     87       Ba                1.0219415600   -0.9781446557   -0.4742883464 
     88       Ba               -0.9803570752    1.0212190978   -1.5115805664 
     89       Ba                1.0147649684   -0.9954669382   -1.5108638770 
     90       Ba                1.0216080335    1.0209597778   -1.5119140807 
     91       Ba                1.0219213560    1.0218576020   -0.4742084602 
     92       O                -1.4682527474    0.0404746910   -0.9969719702 
     93       O                 0.0258307025   -1.4732868337   -0.9848393712 
     94       O                -0.0285363023   -1.4867578119   -1.9945018799 
     95       O                -1.4958823760   -0.0078543567    0.0126288852 
     96       O                -0.0077325011   -1.4959226870    0.0126196328 
     97       O                -1.4993150548   -0.0017903595   -2.0012298845 
     98       O                -0.0077681103    1.5040621640    0.0126302373 
     99       O                 1.5041044870   -0.0078027867    0.0125895471 
    100       O                 1.5078244085   -0.0094670362   -2.0026662712 
    101       O                -0.0092596663    1.5134971889   -1.9960389396 
    102       Ti               -1.4561510790   -0.4562105773   -0.0180737063 
    103       Ti               -0.4561185870   -1.4562631120   -0.0180923663 
    104       O                 0.0359171229    1.5295979503   -0.9946371583 
    105       O                 1.5299403617    0.0416412443   -0.9960028778 
    106       Ti               -1.4625500982   -0.4531883911   -1.9642341844 
    107       Ti               -0.4652961783   -1.4811530543   -1.9585091937 
    108       Ti               -1.4561445750    0.5437569199   -0.0181160046 
    109       Ti                0.5438534976   -1.4561678360   -0.0180902847 
    110       O                -1.4814381814   -0.4733262378   -1.4931096426 
    111       O                -1.4796865810   -0.4797854163   -0.4901580709 
    112       O                -0.4796952545   -1.4797877280   -0.4901695890 
    113       O                -0.4854414071   -1.4784155376   -1.4947078639 
    114       Ti               -1.4576509070    0.5455223890   -1.9738654086 
    115       O                -1.4796800250    0.5201863355   -0.4901844121 
    116       O                 0.5203915313   -1.4796771970   -0.4901805010 
    117       O                 0.5221186499   -1.4803660379   -1.4544866882 
    118       O                -1.4805748193    0.5229950376   -1.4998783520 
    119       Ti                1.4956245780    0.4991642246   -0.9980503296 
    120       Ti                1.4950725570   -0.5035144193   -0.9974073136 
    121       Ti               -0.5020988241    1.4966443208   -0.9953575803 
    122       Ti               -1.5022337852    0.4992184986   -0.9981013507 
    123       Ti                0.4969393767    1.5030883094   -0.9961574801 
    124       Ti                0.5660135793   -1.4791477862   -2.0700621953 
    125       Ti               -1.5044057006   -0.4991801025   -0.9963065073 
    126       Ti               -0.4948864937   -1.5058969212   -0.9915353594 
    127       Ti                0.4991148840   -1.5077353492   -1.0039230078 
    128       O                -0.4796972966    1.5202551540   -0.4901703337 
    129       O                 1.5203668130   -0.4797009776   -0.4901684370 
    130       O                 0.5212380199    1.5067739006   -1.4912696590 
    131       O                -0.4820142212    1.5217099873   -1.4945757387 
    132       O                 1.5241440793   -0.4770466156   -1.4923224536 
    133       O                 1.5177374155    0.5222795844   -1.5009374207 
    134       O                 0.5203403660    1.5202741550   -0.4901648431 
    135       O                 1.5203966930    0.5203015945   -0.4902173388 
    136       Ti               -0.4561681135    1.5437680350   -0.0182044679 
    137       Ti                1.5438256820   -0.4561936819   -0.0181979960 
    138       Ti                1.5440645855   -0.4580612696   -1.9629678884 
    139       Ti               -0.4596029856    1.5489397927   -1.9640058371 
    140       Ti                1.5383922623    0.5447625851   -1.9752704018 
    141       Ti                0.5438367865    1.5437781810   -0.0181693634 
    142       Ti                1.5438454070    0.5437809162   -0.0181321814 
    143       Ti                0.5474369239    1.5427624308   -1.9641577037 
    144       H                -0.3281782746    1.6046302699   -2.4795212820 
    145       O                 0.5649043168   -1.5651996573   -2.4679572763 
    146       O                -0.9605673402   -1.4687484375   -0.9907380613 
    147       O                -1.4716196569   -0.9580980279   -0.9943875286 
    148       O                -1.4958645090    0.9921089870    0.0125973078 
    149       O                 0.9922040082   -1.4958778220    0.0126864679 
    150       O                -1.4677087231    1.0375581142   -0.9951326822 
    151       O                 1.4996968731    0.9934675994   -2.0056987055 
    152       O                -1.4990964598    0.9956310518   -2.0047106399 
    153       O                -1.4961918704   -1.0029270288   -1.9908929960 
    154       O                 1.5040955000    0.9921456433    0.0126097908 
    155       O                 0.9922093624    1.5040887240    0.0126750900 
    156       O                 0.9914932542    1.5060074172   -2.0008739699 
    157       O                -1.0131251542   -1.4919945387   -1.9962329574 
    158       O                -1.4958560830   -1.0078390220    0.0126413047 
    159       O                -1.0078011610   -1.4959951200    0.0125708124 
    160       O                -1.0008186268    1.5013623915   -2.0008417564 
    161       O                -0.9609394606    1.5291837962   -0.9939170533 
    162       O                 1.5303210053   -0.9603203162   -0.9928122321 
    163       O                 1.0434323643   -1.4761229517   -0.9884882629 
    164       O                -1.0077734000    1.5040347660    0.0126230257 
    165       O                 1.5041436280   -1.0078526340    0.0126236765 
    166       O                 1.5203886353   -1.0024946862   -1.9910599287 
    167       O                 1.0474394459   -1.4901103862   -1.9663013877 
    168       O                 1.0412420200    1.5280516023   -0.9947432495 
    169       O                 1.5325234752    1.0389354880   -0.9957496978 
    170       Ba                0.0300322777   -1.9730210712   -1.5063619242 
    171       Ba               -1.9780394220    0.0218421215   -0.4743139844 
    172       Ba                0.0219221786   -1.9781248560   -0.4743105227 
    173       Ba               -1.9820042700    0.0263418612   -1.5142561710 
    174       O                -1.9613861093   -0.4659470550   -0.9926004185 
    175       Ba                2.0179957300    0.0263418612   -1.5142561710 
    176       O                -0.4732979566   -1.9629768850   -0.9960322559 
    177       Ba                0.0219221786    2.0218751440   -0.4743105227 
    178       Ba                2.0219605780    0.0218421215   -0.4743139844 
    179       Ba                0.0300322777    2.0269789288   -1.5063619242 
    180       O                -1.9597455330    0.5312406884   -0.9965602849 
    181       O                 0.5285200976   -1.9763469238   -0.9849564676 
    182       O                 1.9867878788    0.5071864739   -2.0087060424 
    183       O                -0.4998383181   -1.9903350318   -1.9860350795 
    184       O                 0.5106347458    1.9884317013   -1.9605339701 
    185       O                -0.4958820338    1.9921461840    0.0126353719 
    186       O                 1.9921861450   -0.4959245733    0.0126477167 
    187       O                 0.5041371125    1.9921555200    0.0126198498 
    188       O                 1.9922045320    0.5040580921    0.0126351910 
    189       O                 1.9974316729   -0.4931023353   -1.9945850511 
    190       Ti               -1.4561807150   -1.4562370830   -0.0181928108 
    191       O                -2.0025683271   -0.4931023353   -1.9945850511 
    192       Ti               -1.4703824464   -1.4525162280   -1.9668757204 
    193       O                -2.0078138550   -0.4959245733    0.0126477167 
    194       O                -0.4958820338   -2.0078538160    0.0126353719 
    195       O                -2.0077954680    0.5040580921    0.0126351910 
    196       O                 0.5041371125   -2.0078444800    0.0126198498 
    197       O                -0.4998383181    2.0096649682   -1.9860350795 
    198       O                 0.5106347458   -2.0115682987   -1.9605339701 
    199       O                -2.0132121212    0.5071864739   -2.0087060424 
    200       O                 2.0386138907   -0.4659470550   -0.9926004185 
    201       O                -0.4732979566    2.0370231150   -0.9960322559 
    202       O                 0.5285200976    2.0236530762   -0.9849564676 
    203       O                -1.4797810880   -1.4798187610   -0.4901619677 
    204       O                -1.4804638487   -1.4808616499   -1.4922832958 
    205       O                 2.0402544670    0.5312406884   -0.9965602849 
    206       Ti                1.5319798604   -1.4522797170   -1.9617529086 
    207       Ti               -1.4525351810    1.5399188301   -1.9715797678 
    208       O                -1.4768429238    1.5177831991   -1.4974001499 
    209       Ti                1.4973321427    1.4990770053   -0.9982868736 
    210       Ti               -1.5022120505    1.4967612765   -0.9973999701 
    211       O                -1.4796655460    1.5202903220   -0.4901599062 
    212       O                 1.5203181070   -1.4797475230   -0.4901887506 
    213       Ti               -1.4561441630    1.5437917440   -0.0181056859 
    214       Ti                1.5438323750   -1.4562462830   -0.0182163069 
    215       Ti               -1.5010558605   -1.5039467174   -0.9957019331 
    216       Ti                1.5006498494   -1.5055998939   -0.9965944996 
    217       O                 1.5397931059   -1.4802994957   -1.4863762513 
    218       O                 1.5203410310    1.5202996220   -0.4901983965 
    219       O                 1.5220044387    1.5195217420   -1.4978712480 
    220       Ti                1.5438334500    1.5437827500   -0.0182310306 
    221       Ti                1.5445456999    1.5435648084   -1.9730875106 
    222       Ba               -1.9780850800   -0.9781634340   -0.4742322809 
    223       Ba               -0.9781096155   -1.9781567190   -0.4742858983 
    224       Ba               -0.9856711400   -1.9768967402   -1.5074585651 
    225       Ba               -1.9800847749   -0.9797932301   -1.5082627662 
    226       Ba                1.0199902359   -1.9756144868   -1.5102205178 
    227       Ba               -1.9780514160    1.0218524330   -0.4742699287 
    228       Ba                1.0218739230   -1.9781370760   -0.4742744578 
    229       Ba               -1.9809829249    1.0221691620   -1.5168297985 
    230       Ba                2.0199152251   -0.9797932301   -1.5082627662 
    231       Ba               -0.9781096155    2.0218432810   -0.4742858983 
    232       Ba                2.0219149200   -0.9781634340   -0.4742322809 
    233       Ba               -0.9856711400    2.0231032598   -1.5074585651 
    234       Ba                2.0190170751    1.0221691620   -1.5168297985 
    235       Ba                1.0218739230    2.0218629240   -0.4742744578 
    236       Ba                2.0219485840    1.0218524330   -0.4742699287 
    237       Ba                1.0199902359    2.0243855132   -1.5102205178 
    238       H                -0.3281782746   -2.3953697301   -2.4795212820 
    239       O                -1.9580412572   -1.4700078123   -0.9875690448 
    240       O                -1.4694088806   -1.9630384013   -0.9940769824 
    241       O                -2.4700596383    0.0416412443   -0.9960028778 
    242       O                 0.0359171229   -2.4704020497   -0.9946371583 
    243       O                -1.4894617049    1.9856668254   -2.0019783574 
    244       O                -1.9583491396    1.5275327594   -0.9958847836 
    245       O                -0.0092596663   -2.4865028111   -1.9960389396 
    246       O                -1.4958689010    1.9921364420    0.0126680713 
    247       O                 1.9921954640   -1.4959750250    0.0126350862 
    248       O                -2.4921755915   -0.0094670362   -2.0026662712 
    249       O                -1.9913207310   -1.4996762504   -1.9982116917 
    250       Ti               -0.4596029856   -2.4510602073   -1.9640058371 
    251       O                 1.5356329758   -1.9651226476   -0.9929281358 
    252       O                -2.4958955130   -0.0078027867    0.0125895471 
    253       O                -0.0077681103   -2.4959378360    0.0126302373 
    254       O                 1.9940530830    1.5013999007   -2.0044165252 
    255       O                 1.5040563470    1.9921483980    0.0125945053 
    256       O                 1.9921966630    1.5040724430    0.0126215579 
    257       Ti               -2.4561743180   -0.4561936819   -0.0181979960 
    258       Ti               -0.4561681135   -2.4562319650   -0.0182044679 
    259       Ti               -2.4559354145   -0.4580612696   -1.9629678884 
    260       O                 1.5125577921    1.9890252253   -2.0002046641 
    261       O                 0.5649043168    2.4348003427   -2.4679572763 
    262       O                 2.5006849452   -0.0017903595   -2.0012298845 
    263       O                -1.4958689010   -2.0078635580    0.0126680713 
    264       O                -2.0078045360   -1.4959750250    0.0126350862 
    265       O                -0.0077325011    2.5040773130    0.0126196328 
    266       O                 2.5041176240   -0.0078543567    0.0126288852 
    267       O                -1.4894617049   -2.0143331746   -2.0019783574 
    268       O                -2.0059469170    1.5013999007   -2.0044165252 
    269       O                 2.0086792690   -1.4996762504   -1.9982116917 
    270       O                -2.0078033370    1.5040724430    0.0126215579 
    271       O                 1.5040563470   -2.0078516020    0.0125945053 
    272       O                -1.4694088806    2.0369615987   -0.9940769824 
    273       O                -0.0285363023    2.5132421881   -1.9945018799 
    274       Ti               -2.4561545930    0.5437809162   -0.0181321814 
    275       Ti                0.5438367865   -2.4562218190   -0.0181693634 
    276       O                 2.0419587428   -1.4700078123   -0.9875690448 
    277       O                 1.5125577921   -2.0109747747   -2.0002046641 
    278       Ti                0.5474369239   -2.4572375692   -1.9641577037 
    279       Ti               -2.4616077377    0.5447625851   -1.9752704018 
    280       O                -2.4758559207   -0.4770466156   -1.4923224536 
    281       O                -0.4820142212   -2.4782900127   -1.4945757387 
    282       O                -2.4796331870   -0.4797009776   -0.4901684370 
    283       O                -0.4796972966   -2.4797448460   -0.4901703337 
    284       O                 0.0258307025    2.5267131663   -0.9848393712 
    285       O                 2.5317472526    0.0404746910   -0.9969719702 
    286       O                -2.4796033070    0.5203015945   -0.4902173388 
    287       O                 0.5203403660   -2.4797258450   -0.4901648431 
    288       O                -2.4822625845    0.5222795844   -1.5009374207 
    289       Ti                0.4991148840    2.4922646508   -1.0039230078 
    290       Ti               -0.4948864937    2.4941030788   -0.9915353594 
    291       Ti                2.4955942994   -0.4991801025   -0.9963065073 
    292       Ti                0.4969393767   -2.4969116906   -0.9961574801 
    293       Ti                2.4977662148    0.4992184986   -0.9981013507 
    294       O                 0.5212380199   -2.4932260994   -1.4912696590 
    295       O                 1.5356329758    2.0348773524   -0.9929281358 
    296       O                 2.0416508604    1.5275327594   -0.9958847836 
    297       Ti               -0.5020988241   -2.5033556792   -0.9953575803 
    298       Ti               -2.5043754220    0.4991642246   -0.9980503296 
    299       Ti               -2.5049274430   -0.5035144193   -0.9974073136 
    300       Ti               -0.4652961783    2.5188469457   -1.9585091937 
    301       O                 2.5185618186   -0.4733262378   -1.4931096426 
    302       O                -0.4796952545    2.5202122720   -0.4901695890 
    303       O                 2.5203134190   -0.4797854163   -0.4901580709 
    304       O                -0.4854414071    2.5215844624   -1.4947078639 
    305       O                 2.5194251807    0.5229950376   -1.4998783520 
    306       O                 0.5221186499    2.5196339621   -1.4544866882 
    307       O                 2.5203199750    0.5201863355   -0.4901844121 
    308       O                 0.5203915313    2.5203228030   -0.4901805010 
    309       Ti                2.5374499018   -0.4531883911   -1.9642341844 
    310       Ti                0.5660135793    2.5208522138   -2.0700621953 
    311       Ti               -0.4561185870    2.5437368880   -0.0180923663 
    312       Ti                2.5438489210   -0.4562105773   -0.0180737063 
    313       Ti                2.5423490930    0.5455223890   -1.9738654086 
    314       Ti                2.5438554250    0.5437569199   -0.0181160046 
    315       Ti                0.5438534976    2.5438321640   -0.0180902847 
    316       O                -2.4696789947   -0.9603203162   -0.9928122321 
    317       O                -0.9609394606   -2.4708162038   -0.9939170533 
    318       O                -2.4796113647   -1.0024946862   -1.9910599287 
    319       O                -2.4674765248    1.0389354880   -0.9957496978 
    320       O                 1.0412420200   -2.4719483977   -0.9947432495 
    321       O                 0.9914932542   -2.4939925828   -2.0008739699 
    322       O                -2.4959045000    0.9921456433    0.0126097908 
    323       O                 0.9922093624   -2.4959112760    0.0126750900 
    324       O                -2.5003031269    0.9934675994   -2.0056987055 
    325       O                -1.0008186268   -2.4986376085   -2.0008417564 
    326       O                -2.4958563720   -1.0078526340    0.0126236765 
    327       O                 2.5009035402    0.9956310518   -2.0047106399 
    328       O                -1.0077734000   -2.4959652340    0.0126230257 
    329       O                 2.5041354910    0.9921089870    0.0125973078 
    330       O                 0.9922040082    2.5041221780    0.0126864679 
    331       O                 2.5038081296   -1.0029270288   -1.9908929960 
    332       O                -1.0078011610    2.5040048800    0.0125708124 
    333       O                 2.5041439170   -1.0078390220    0.0126413047 
    334       O                 2.5283803431   -0.9580980279   -0.9943875286 
    335       O                -1.0131251542    2.5080054613   -1.9962329574 
    336       O                -0.9605673402    2.5312515625   -0.9907380613 
    337       O                 1.0474394459    2.5098896138   -1.9663013877 
    338       O                 1.0434323643    2.5238770483   -0.9884882629 
    339       O                 2.5322912769    1.0375581142   -0.9951326822 
    340       Ba               -1.9780665370   -1.9781559910   -0.4743044715 
    341       Ba               -1.9776437017   -1.9794378956   -1.5167512077 
    342       Ba               -1.9776437017    2.0205621044   -1.5167512077 
    343       Ba               -1.9780665370    2.0218440090   -0.4743044715 
    344       Ba                2.0219334630   -1.9781559910   -0.4743044715 
    345       Ba                2.0223562983   -1.9794378956   -1.5167512077 
    346       Ti               -1.4561441630   -2.4562082560   -0.0181056859 
    347       Ti               -2.4561676250   -1.4562462830   -0.0182163069 
    348       Ti               -1.4525351810   -2.4600811699   -1.9715797678 
    349       Ba                2.0223562983    2.0205621044   -1.5167512077 
    350       Ba                2.0219334630    2.0218440090   -0.4743044715 
    351       Ti               -2.4680201396   -1.4522797170   -1.9617529086 
    352       O                -2.4602068941   -1.4802994957   -1.4863762513 
    353       O                -1.4796655460   -2.4797096780   -0.4901599062 
    354       O                -2.4796818930   -1.4797475230   -0.4901887506 
    355       O                -1.4768429238   -2.4822168009   -1.4974001499 
    356       Ti               -2.4554543001    1.5435648084   -1.9730875106 
    357       Ti               -2.4561665500    1.5437827500   -0.0182310306 
    358       Ti                1.5438334500   -2.4562172500   -0.0182310306 
    359       Ti                1.5445456999   -2.4564351916   -1.9730875106 
    360       O                -2.4779955613    1.5195217420   -1.4978712480 
    361       O                -2.4796589690    1.5202996220   -0.4901983965 
    362       O                 1.5203410310   -2.4797003780   -0.4901983965 
    363       O                 1.5220044387   -2.4804782580   -1.4978712480 
    364       Ti                1.5006498494    2.4944001061   -0.9965944996 
    365       Ti                2.4977879495    1.4967612765   -0.9973999701 
    366       Ti               -1.5010558605    2.4960532826   -0.9957019331 
    367       Ti                1.4973321427   -2.5009229947   -0.9982868736 
    368       Ti                2.4989441395   -1.5039467174   -0.9957019331 
    369       Ti                2.5296175536   -1.4525162280   -1.9668757204 
    370       Ti               -2.5026678573    1.4990770053   -0.9982868736 
    371       Ti               -2.4993501506   -1.5055998939   -0.9965944996 
    372       Ti               -1.5022120505   -2.5032387235   -0.9973999701 
    373       O                -1.4804638487    2.5191383501   -1.4922832958 
    374       O                 2.5195361513   -1.4808616499   -1.4922832958 
    375       O                -1.4797810880    2.5201812390   -0.4901619677 
    376       O                 2.5202189120   -1.4798187610   -0.4901619677 
    377       Ti               -1.4561807150    2.5437629170   -0.0181928108 
    378       Ti                2.5438192850   -1.4562370830   -0.0181928108 
    379       Ti               -1.4703824464    2.5474837720   -1.9668757204 
    380       O                 1.5203181070    2.5202524770   -0.4901887506 
    381       O                 2.5203344540    1.5202903220   -0.4901599062 
    382       O                 2.5231570762    1.5177831991   -1.4974001499 
    383       O                 1.5397931059    2.5197005043   -1.4863762513 
    384       Ti                1.5319798604    2.5477202830   -1.9617529086 
    385       Ba                0.0264053451   -2.9742153341   -1.5025594038 
    386       Ti                1.5438323750    2.5437537170   -0.0182163069 
    387       Ti                2.5438558370    1.5437917440   -0.0181056859 
    388       Ti                2.5474648190    1.5399188301   -1.9715797678 
    389       Ba               -2.9780864080    0.0218184145   -0.4742871470 
    390       Ba                0.0219023557   -2.9781802590   -0.4742031468 
    391       Ba               -2.9829208797    0.0194556399   -1.5174397703 
    392       O                -2.9613897161   -0.4682693460   -0.9923220251 
    393       O                -0.4711478988   -2.9610664479   -0.9970052711 
    394       Ba                0.0430633841    2.9988997575   -1.5119477827 
    395       O                -2.9601420141    0.5321521041   -0.9930549957 
    396       O                 0.5305581096   -2.9617362473   -0.9885365358 
    397       Ba                3.0200908977    0.0208695106   -1.5198643388 
    398       Ba                0.0218822768    3.0218582744   -0.4742421684 
    399       Ba                3.0219044492    0.0218099210   -0.4742858097 
    400       O                 2.9865193952   -0.4910047191   -1.9952865798 
    401       O                -2.9861486367   -0.4967314019   -1.9878830251 
    402       O                 2.9886309023    0.5113593405   -2.0053295812 
    403       O                -0.4958938461    2.9920901160    0.0126497645 
    404       O                 2.9922247620   -0.4959548058    0.0126267195 
    405       O                 2.9922227910    0.5040271261    0.0125991717 
    406       O                 0.5041105546    2.9922039640    0.0126134930 
    407       O                -0.4881899723   -2.9991090328   -1.9903306013 
    408       O                -3.0078306354   -0.4959019708    0.0126110341 
    409       O                -0.4958918036   -3.0078812127    0.0126296975 
    410       O                -3.0077398215    0.5040382600    0.0125907157 
    411       O                 0.5042017826   -3.0078910701    0.0126226176 
    412       O                -3.0094942775    0.5029159578   -2.0079197978 
    413       O                 0.5022442007   -3.0100929548   -2.0008211483 
    414       O                -0.5062403722    3.0105611276   -1.9870993584 
    415       O                 0.5156580557    3.0288854182   -1.9991230673 
    416       O                 3.0403984372   -0.4679223613   -0.9946265612 
    417       O                -0.4710209050    3.0404514234   -0.9979874942 
    418       O                 3.0391643137    0.5292769794   -0.9936881355 
    419       O                 0.5308475556    3.0389050291   -0.9848402263 
    420       Ba               -2.9780584400   -0.9781446557   -0.4742883464 
    421       Ba               -0.9781014095   -2.9781770790   -0.4742480671 
    422       Ba               -0.9803570752   -2.9787809022   -1.5115805664 
    423       Ba               -2.9852350316   -0.9954669382   -1.5108638770 
    424       Ba               -2.9780786440    1.0218576020   -0.4742084602 
    425       Ba               -2.9783919665    1.0209597778   -1.5119140807 
    426       Ba                1.0219213560   -2.9781423980   -0.4742084602 
    427       Ba                1.0216080335   -2.9790402222   -1.5119140807 
    428       O                -2.4643670242   -1.9651226476   -0.9929281358 
    429       O                -1.9583491396   -2.4724672406   -0.9958847836 
    430       Ba                3.0111354221   -0.9835554451   -1.5028498255 
    431       Ba                1.0147649684    3.0045330618   -1.5108638770 
    432       Ba               -0.9888645779    3.0164445549   -1.5028498255 
    433       Ba               -0.9780886854    3.0218039496   -0.4742029931 
    434       Ba                3.0219113146   -0.9781960504   -0.4742029931 
    435       O                -2.4874422079    1.9890252253   -2.0002046641 
    436       Ba                3.0196429248    1.0212190978   -1.5115805664 
    437       Ba                3.0218985905    1.0218229210   -0.4742480671 
    438       Ba                1.0219415600    3.0218553443   -0.4742883464 
    439       O                -2.4959436530    1.9921483980    0.0125945053 
    440       O                 1.9921966630   -2.4959275570    0.0126215579 
    441       O                -2.4643670242    2.0348773524   -0.9929281358 
    442       O                -1.9913207310    2.5003237496   -1.9982116917 
    443       O                 1.9940530830   -2.4986000993   -2.0044165252 
    444       O                -2.4874422079   -2.0109747747   -2.0002046641 
    445       O                -1.9580412572    2.5299921877   -0.9875690448 
    446       O                 1.9921954640    2.5040249750    0.0126350862 
    447       O                 2.5041310990    1.9921364420    0.0126680713 
    448       O                 2.5105382951    1.9856668254   -2.0019783574 
    449       O                 2.5305911194   -1.9630384013   -0.9940769824 
    450       O                -2.0078033370   -2.4959275570    0.0126215579 
    451       O                -2.4959436530   -2.0078516020    0.0125945053 
    452       O                -2.0059469170   -2.4986000993   -2.0044165252 
    453       O                 2.0416508604   -2.4724672406   -0.9958847836 
    454       O                 2.0086792690    2.5003237496   -1.9982116917 
    455       O                -2.0078045360    2.5040249750    0.0126350862 
    456       O                 2.5041310990   -2.0078635580    0.0126680713 
    457       O                 2.5105382951   -2.0143331746   -2.0019783574 
    458       O                 2.5305911194    2.0369615987   -0.9940769824 
    459       O                 2.0419587428    2.5299921877   -0.9875690448 
    460       O                -2.9565676357   -1.4761229517   -0.9884882629 
    461       O                -1.4677087231   -2.9624418858   -0.9951326822 
    462       O                -2.9525605541   -1.4901103862   -1.9663013877 
    463       O                -2.9587579800    1.5280516023   -0.9947432495 
    464       O                 1.5325234752   -2.9610645120   -0.9957496978 
    465       O                 2.9868748458   -1.4919945387   -1.9962329574 
    466       O                -1.4958560830    2.9921609780    0.0126413047 
    467       O                 2.9921988390   -1.4959951200    0.0125708124 
    468       O                 1.5041436280    2.9921473660    0.0126236765 
    469       O                 2.9922266000    1.5040347660    0.0126230257 
    470       O                -1.4961918704    2.9970729712   -1.9908929960 
    471       O                 2.9991813732    1.5013623915   -2.0008417564 
    472       O                -1.4990964598   -3.0043689482   -2.0047106399 
    473       O                -3.0077959918   -1.4958778220    0.0126864679 
    474       O                -1.4958645090   -3.0078910130    0.0125973078 
    475       O                 1.4996968731   -3.0065324006   -2.0056987055 
    476       O                 1.5203886353    2.9975053138   -1.9910599287 
    477       O                -3.0077906376    1.5040887240    0.0126750900 
    478       O                 1.5040955000   -3.0078543567    0.0126097908 
    479       O                -3.0085067458    1.5060074172   -2.0008739699 
    480       O                 3.0394326598   -1.4687484375   -0.9907380613 
    481       O                -1.4716196569    3.0419019721   -0.9943875286 
    482       O                 3.0390605394    1.5291837962   -0.9939170533 
    483       O                 1.5303210053    3.0396796838   -0.9928122321 
    484       H                -3.4543782645    0.0198290171   -3.2038750318 
    485       H                 3.4629191604    0.0645060335   -3.2246458513 
    486       O                 0.0366891668   -3.4693991245   -0.9984797574 
    487       O                -3.4700955513    0.0415939305   -0.9942870928 
    488       Ti               -0.4469578091   -3.4439901938   -1.9563870174 
    489       Ti               -2.4554543001   -2.4564351916   -1.9730875106 
    490       Ti               -3.4385208827   -0.4901506574   -1.9654341961 
    491       Ti               -2.4561665500   -2.4562172500   -0.0182310306 
    492       O                -0.0007086031   -3.4849698222   -1.9512643649 
    493       H                 0.2001073020    3.4794488026   -3.1824395504 
    494       Ti               -3.4561877687   -0.4561846591   -0.0181245158 
    495       Ti               -0.4561394494   -3.4562502496   -0.0180926708 
    496       O                -3.4958507952   -0.0077978347    0.0125552850 
    497       O                -0.0077648517   -3.4959219852    0.0126164273 
    498       O                -0.0172636999    3.4967694721   -1.9868387119 
    499       Ti               -3.4561220445    0.5437143785   -0.0182310321 
    500       Ti                0.5438779555   -3.4562856215   -0.0182310321 
    501       O                 3.4988805717    0.0093439725   -2.0269872082 
    502       O                -3.5001546112   -0.0218270451   -2.0114315761 
    503       Ti                0.5402787472   -3.4594163907   -1.9680102218 
    504       Ti               -0.4571982454    3.4717361796   -1.9575750391 
    505       Ti               -3.4597212528    0.5405836093   -1.9680102218 
    506       O                 3.5041072204   -0.0078238720    0.0125774613 
    507       O                -0.0077945560    3.5041179475    0.0126477278 
    508       O                -2.4779955613   -2.4804782580   -1.4978712480 
    509       O                -3.4735234635   -0.4818224190   -1.4890810009 
    510       O                -2.4796589690   -2.4797003780   -0.4901983965 
    511       O                -3.4688516875    0.5212198194   -1.4933978826 
    512       H                -0.2401524209    3.5027090165   -3.1811513537 
    513       O                -3.4797269122   -0.4797434303   -0.4901955726 
    514       O                -0.4796717767   -3.4797845200   -0.4901873000 
    515       O                -3.4796214862    0.5202556386   -0.4902156894 
    516       O                 0.5203785138   -3.4797443614   -0.4902156894 
    517       O                 0.5311483125   -3.4787801806   -1.4933978826 
    518       O                -0.4905628511   -3.4849870291   -1.4943538907 
    519       O                -2.4602068941    2.5197005043   -1.4863762513 
    520       O                 0.0383228048    3.5281707739   -0.9952030029 
    521       Ti                0.4991372710    3.4937873641   -0.9971121796 
    522       Ti               -0.5005197820    3.4946015592   -0.9947407773 
    523       O                 3.5304908528    0.0376952923   -0.9947072314 
    524       Ti               -2.4993501506    2.4944001061   -0.9965944996 
    525       Ti                2.4989441395    2.4960532826   -0.9957019331 
    526       H                 3.5322390450   -0.0220193244   -2.2668858892 
    527       Ti                3.4982390918    0.4934423142   -0.9954429586 
    528       O                -2.4796818930    2.5202524770   -0.4901887506 
    529       O                 2.5203344540   -2.4797096780   -0.4901599062 
    530       Ti                3.4994802180   -0.5053984408   -0.9947407773 
    531       Ti                0.4968731570   -3.5006774658   -0.9981621111 
    532       Ti               -2.4561676250    2.5437537170   -0.0182163069 
    533       Ti                2.5438558370   -2.4562082560   -0.0181056859 
    534       Ti                2.4977879495   -2.5032387235   -0.9973999701 
    535       Ti               -3.5008627290   -0.5062126359   -0.9971121796 
    536       Ti               -2.5026678573   -2.5009229947   -0.9982868736 
    537       Ti               -3.5031268430    0.4993225342   -0.9981621111 
    538       O                 2.5231570762   -2.4822168009   -1.4974001499 
    539       Ti                2.5474648190   -2.4600811699   -1.9715797678 
    540       Ti               -0.5017609082   -3.5065576858   -0.9954429586 
    541       O                 3.5094371489    0.5150129709   -1.4943538907 
    542       Ti               -2.4680201396    2.5477202830   -1.9617529086 
    543       O                 3.5151746346   -0.4761387505   -1.4985527404 
    544       O                -0.4797125293    3.5202065636   -0.4901492064 
    545       O                 3.5202874707   -0.4797934364   -0.4901492064 
    546       Ti                0.5614791173    3.5098493426   -1.9654341961 
    547       O                -0.4848253654    3.5238612495   -1.4985527404 
    548       O                 0.5264765365    3.5181775810   -1.4890810009 
    549       O                 0.5202730878    3.5202565697   -0.4901955726 
    550       O                 3.5203282233    0.5202154800   -0.4901873000 
    551       O                 2.5195361513    2.5191383501   -1.4922832958 
    552       O                 2.5202189120    2.5201812390   -0.4901619677 
    553       H                -0.3010631961   -3.5589089972   -3.2217739616 
    554       Ti               -0.4561897735    3.5437941955   -0.0181705164 
    555       Ti                3.5438102265   -0.4562058045   -0.0181705164 
    556       Ba               -1.9780514160   -2.9781475670   -0.4742699287 
    557       Ba               -2.9781260770   -1.9781370760   -0.4742744578 
    558       Ba               -2.9800097641   -1.9756144868   -1.5102205178 
    559       Ba               -1.9809829249   -2.9778308380   -1.5168297985 
    560       Ti                3.5428017546   -0.5282638204   -1.9575750391 
    561       Ti                0.5438122313    3.5438153409   -0.0181245158 
    562       Ti                3.5438605506    0.5437497504   -0.0180926708 
    563       Ti                2.5296175536    2.5474837720   -1.9668757204 
    564       Ti                3.5530421909    0.5560098062   -1.9563870174 
    565       Ti                2.5438192850    2.5437629170   -0.0181928108 
    566       Ba                2.0190170751   -2.9778308380   -1.5168297985 
    567       Ba               -2.9781260770    2.0218629240   -0.4742744578 
    568       Ba                2.0219485840   -2.9781475670   -0.4742699287 
    569       O                -3.4691524444   -0.9610949709   -0.9848402263 
    570       H                -0.0140659135    3.6003456835   -3.5484262350 
    571       O                -0.9608356863   -3.4707230206   -0.9936881355 
    572       Ba               -2.9800097641    2.0243855132   -1.5102205178 
    573       H                 0.3408366879   -3.5885709235   -3.2069162936 
    574       Ba                3.0143288600   -1.9768967402   -1.5074585651 
    575       Ba               -1.9800847749    3.0202067699   -1.5082627662 
    576       Ba               -1.9780850800    3.0218365660   -0.4742322809 
    577       Ba                3.0218903845   -1.9781567190   -0.4742858983 
    578       O                -3.4843419443   -0.9711145818   -1.9991230673 
    579       C                -0.0138194022    3.6194203867   -3.2762937484 
    580       O                 1.0398579859   -3.4678478959   -0.9930549957 
    581       O                -3.4694418904    1.0382637527   -0.9885365358 
    582       O                 0.0013424627   -3.6297764255   -2.5933879333 
    583       Ba                3.0143288600    2.0231032598   -1.5074585651 
    584       O                 3.4937596278   -0.9894388724   -1.9870993584 
    585       O                -1.0113690977   -3.4886406595   -2.0053295812 
    586       Ba                2.0199152251    3.0202067699   -1.5082627662 
    587       O                -3.4957982174    0.9921089299    0.0126226176 
    588       O                 0.9922601785   -3.4959617400    0.0125907157 
    589       O                 0.9905057225   -3.4970840422   -2.0079197978 
    590       O                -3.4977557993    0.9899070452   -2.0008211483 
    591       Ba                2.0219149200    3.0218365660   -0.4742322809 
    592       Ba                3.0218903845    2.0218432810   -0.4742858983 
    593       O                -3.4958894454   -1.0077960360    0.0126134930 
    594       O                -1.0077772090   -3.4959728739    0.0125991717 
    595       O                 3.5041081964    0.9921187873    0.0126296975 
    596       O                 0.9921693646    3.5040980292    0.0126110341 
    597       O                -1.0077752380    3.5040451942    0.0126267195 
    598       O                 3.5041061539   -1.0079098840    0.0126497645 
    599       O                 1.0138513633    3.5032685981   -1.9878830251 
    600       O                 3.5118100277    1.0008909672   -1.9903306013 
    601       O                -1.0134806048    3.5089952809   -1.9952865798 
    602       O                 3.5289790950   -0.9595485766   -0.9979874942 
    603       O                -0.9596015628    3.5320776387   -0.9946265612 
    604       H                -3.6680953428    0.1540068587   -3.5658324988 
    605       C                -3.6737896323    0.1539500420   -3.2931464939 
    606       O                 3.5288521012    1.0389335521   -0.9970052711 
    607       O                 3.6735043492   -0.2133558312   -2.6204895162 
    608       O                 1.0386102839    3.5317306540   -0.9923220251 
    609       H                -3.6591633121    0.4114290765   -3.2069162936 
    610       C                 3.6953249883    0.1815140498   -3.3069809489 
    611       H                 3.6987980746    0.1808550739   -3.5803200043 
    612       H                 3.6989368039    0.4410910028   -3.2217739616 
    613       Ti               -3.4339864207   -1.4791477862   -2.0700621953 
    614       Ti               -1.4576509070   -3.4544776110   -1.9738654086 
    615       Ti               -3.4561465024   -1.4561678360   -0.0180902847 
    616       Ti               -1.4561445750   -3.4562430801   -0.0181160046 
    617       O                -3.4350956832   -1.5651996573   -2.4679572763 
    618       O                -1.4805748193   -3.4770049624   -1.4998783520 
    619       O                -3.4778813501   -1.4803660379   -1.4544866882 
    620       O                -3.4796084687   -1.4796771970   -0.4901805010 
    621       O                -1.4796800250   -3.4798136645   -0.4901844121 
    622       Ti               -3.4525630761    1.5427624308   -1.9641577037 
    623       Ti                1.5383922623   -3.4552374149   -1.9752704018 
    624       Ti               -3.4561632135    1.5437781810   -0.0181693634 
    625       Ti                1.5438454070   -3.4562190838   -0.0181321814 
    626       O                -3.4787619801    1.5067739006   -1.4912696590 
    627       H                 3.7598475791   -0.4972909835   -3.1811513537 
    628       O                 1.5177374155   -3.4777204156   -1.5009374207 
    629       O                -3.4796596340    1.5202741550   -0.4901648431 
    630       O                 1.5203966930   -3.4796984055   -0.4902173388 
    631       O                -0.3264956508    3.7866441688   -2.6204895162 
    632       Ti                1.4950725570    3.4964855807   -0.9974073136 
    633       Ti                3.4979011759    1.4966443208   -0.9953575803 
    634       Ti                1.4956245780   -3.5008357754   -0.9980503296 
    635       Ti               -1.5022337852   -3.5007815014   -0.9981013507 
    636       Ti               -1.5044057006    3.5008198975   -0.9963065073 
    637       Ti               -3.5008851160   -1.5077353492   -1.0039230078 
    638       Ti               -3.5030606233    1.5030883094   -0.9961574801 
    639       O                 3.5145585929   -1.4784155376   -1.4947078639 
    640       Ti                3.5051135063   -1.5058969212   -0.9915353594 
    641       O                -1.4796865810    3.5202145837   -0.4901580709 
    642       O                 3.5203047455   -1.4797877280   -0.4901695890 
    643       O                -1.4814381814    3.5266737622   -1.4931096426 
    644       C                -0.3046750117   -3.8184859502   -3.3069809489 
    645       H                -0.3012019254   -3.8191449261   -3.5803200043 
    646       Ti               -1.4561510790    3.5437894227   -0.0180737063 
    647       Ti                3.5438814130   -1.4562631120   -0.0180923663 
    648       Ti                3.5347038217   -1.4811530543   -1.9585091937 
    649       O                 3.5179857788    1.5217099873   -1.4945757387 
    650       O                 3.5203027034    1.5202551540   -0.4901703337 
    651       O                 1.5203668130    3.5202990224   -0.4901684370 
    652       H                -3.7998926980   -0.5205511974   -3.1824395504 
    653       Ti               -1.4625500982    3.5468116089   -1.9642341844 
    654       O                 1.5241440793    3.5229533844   -1.4923224536 
    655       O                -2.4674765248   -2.9610645120   -0.9957496978 
    656       O                -2.9587579800   -2.4719483977   -0.9947432495 
    657       C                 0.3262103677   -3.8460499580   -3.2931464939 
    658       H                 0.3319046572   -3.8459931413   -3.5658324988 
    659       Ti                1.5440645855    3.5419387304   -1.9629678884 
    660       Ti                3.5403970144    1.5489397927   -1.9640058371 
    661       Ti                3.5438318865    1.5437680350   -0.0182044679 
    662       Ti                1.5438256820    3.5438063181   -0.0181979960 
    663       O                -2.9525605541    2.5098896138   -1.9663013877 
    664       O                -2.9565676357    2.5238770483   -0.9884882629 
    665       O                -2.4796113647    2.9975053138   -1.9910599287 
    666       O                -2.4958563720    2.9921473660    0.0126236765 
    667       O                 2.9922266000   -2.4959652340    0.0126230257 
    668       O                 2.5322912769   -2.9624418858   -0.9951326822 
    669       O                 2.9868748458    2.5080054613   -1.9962329574 
    670       O                 2.9921988390    2.5040048800    0.0125708124 
    671       O                 2.5041439170    2.9921609780    0.0126413047 
    672       O                 2.9991813732   -2.4986376085   -2.0008417564 
    673       O                 2.5038081296    2.9970729712   -1.9908929960 
    674       O                -3.0085067458   -2.4939925828   -2.0008739699 
    675       O                -3.0077906376   -2.4959112760    0.0126750900 
    676       O                -2.4959045000   -3.0078543567    0.0126097908 
    677       O                 2.5009035402   -3.0043689482   -2.0047106399 
    678       O                -2.5003031269   -3.0065324006   -2.0056987055 
    679       O                -3.0077959918    2.5041221780    0.0126864679 
    680       O                 2.5041354910   -3.0078910130    0.0125973078 
    681       O                -2.4696789947    3.0396796838   -0.9928122321 
    682       O                 3.0390605394   -2.4708162038   -0.9939170533 
    683       P                 3.9175389133    0.0418251616   -2.7414235472 
    684       O                 3.0394326598    2.5312515625   -0.9907380613 
    685       O                 2.5283803431    3.0419019721   -0.9943875286 
    686       P                -0.0824610867   -3.9581748384   -2.7414235472 
    687       H                -0.5370808396   -3.9354939665   -3.2246458513 
    688       Ba               -3.9725623775    0.0057088818   -1.5197218880 
    689       Ba               -3.9781093203    0.0218411252   -0.4742883436 
    690       Ba                0.0218906797   -3.9781588748   -0.4742883436 
    691       O                -1.9597455330   -3.4687593116   -0.9965602849 
    692       C                 0.0051171878    3.9864407667   -3.1820581969 
    693       O                -3.9616771952   -0.4718292261   -0.9952030029 
    694       O                -0.4695091472   -3.9623047077   -0.9947072314 
    695       O                 0.5299044487   -3.9584060695   -0.9942870928 
    696       Ba                0.0274376225   -3.9942911182   -1.5197218880 
    697       O                -3.4714799024   -1.9763469238   -0.9849564676 
    698       C                -3.9948828122   -0.0135592333   -3.1820581969 
    699       O                -3.9633108332    0.5306008755   -0.9984797574 
    700       C                 3.9861805978   -0.3805796133   -3.2762937484 
    701       H                -0.4677609550    3.9779806756   -2.2668858892 
    702       H                 3.9859340865   -0.3996543165   -3.5484262350 
    703       H                 3.6718217254    1.6046302699   -2.4795212820 
    704       O                 0.4998453888    3.9781729549   -2.0114315761 
    705       O                 3.9827363001   -0.5032305279   -1.9868387119 
    706       O                -3.9986575373    0.3702235745   -2.5933879333 
    707       O                -3.4893652542    1.9884317013   -1.9605339701 
    708       H                 0.5456217355   -3.9801709829   -3.2038750318 
    709       O                -3.4714799024    2.0236530762   -0.9849564676 
    710       O                 1.9867878788   -3.4928135261   -2.0087060424 
    711       O                -0.5011194283   -3.9906560275   -2.0269872082 
    712       O                -0.4958927796    3.9921761280    0.0125774613 
    713       O                 3.9922054440   -0.4958820525    0.0126477278 
    714       O                -3.4958628875    1.9921555200    0.0126198498 
    715       O                 1.9922045320   -3.4959419079    0.0126351910 
    716       O                 0.5041492048    3.9922021653    0.0125552850 
    717       O                 3.9922351483    0.5040780148    0.0126164273 
    718       O                 2.0402544670   -3.4687593116   -0.9965602849 
    719       O                 3.5001616819   -1.9903350318   -1.9860350795 
    720       O                -3.4893652542   -2.0115682987   -1.9605339701 
    721       O                 1.9921861450    3.5040754267    0.0126477167 
    722       O                 3.5041179662    1.9921461840    0.0126353719 
    723       O                -3.4958628875   -2.0078444800    0.0126198498 
    724       O                -2.0132121212   -3.4928135261   -2.0087060424 
    725       O                -2.0077954680   -3.4959419079    0.0126351910 
    726       O                 3.9992913969    0.5150301778   -1.9512643649 
    727       O                 1.9974316729    3.5068976647   -1.9945850511 
    728       O                 3.5001616819    2.0096649682   -1.9860350795 
    729       O                 3.5267020434   -1.9629768850   -0.9960322559 
    730       O                -2.0025683271    3.5068976647   -1.9945850511 
    731       O                -2.0078138550    3.5040754267    0.0126477167 
    732       O                 3.5041179662   -2.0078538160    0.0126353719 
    733       O                -1.9613861093    3.5340529450   -0.9926004185 
    734       O                 3.5267020434    2.0370231150   -0.9960322559 
    735       O                 2.0386138907    3.5340529450   -0.9926004185 
    736       Ba               -3.9569366159   -1.0011002425   -1.5119477827 
    737       Ba               -3.9781177232   -0.9781417256   -0.4742421684 
    738       Ba               -0.9780955508   -3.9781900790   -0.4742858097 
    739       Ba               -0.9799091023   -3.9791304894   -1.5198643388 
    740       Ba               -3.9735946549    1.0257846659   -1.5025594038 
    741       Ba               -3.9780976443    1.0218197410   -0.4742031468 
    742       Ba                1.0219135920   -3.9781815855   -0.4742871470 
    743       Ba                1.0170791203   -3.9805443601   -1.5174397703 
    744       O                -3.4350956832    2.4348003427   -2.4679572763 
    745       Ba               -2.9780786440   -2.9781423980   -0.4742084602 
    746       Ba               -2.9783919665   -2.9790402222   -1.5119140807 
    747       O                -1.4682527474   -3.9595253090   -0.9969719702 
    748       Ba               -2.9852350316    3.0045330618   -1.5108638770 
    749       Ti               -3.4525630761   -2.4572375692   -1.9641577037 
    750       O                -3.9741692975   -1.4732868337   -0.9848393712 
    751       Ti               -3.4561632135   -2.4562218190   -0.0181693634 
    752       Ti               -2.4561545930   -3.4562190838   -0.0181321814 
    753       O                 3.9714636977   -1.4867578119   -1.9945018799 
    754       Ba                3.0196429248   -2.9787809022   -1.5115805664 
    755       Ti               -2.4616077377   -3.4552374149   -1.9752704018 
    756       Ba               -2.9780584400    3.0218553443   -0.4742883464 
    757       Ba                3.0218985905   -2.9781770790   -0.4742480671 
    758       O                 1.5299403617   -3.9583587557   -0.9960028778 
    759       O                -3.9640828771    1.5295979503   -0.9946371583 
    760       Ti               -3.4339864207    2.5208522138   -2.0700621953 
    761       Ba                3.0111354221    3.0164445549   -1.5028498255 
    762       O                -1.4958823760    3.9921456433    0.0126288852 
    763       O                 3.9922674989   -1.4959226870    0.0126196328 
    764       O                 1.5078244085    3.9905329638   -2.0026662712 
    765       O                 1.5041044870    3.9921972133    0.0125895471 
    766       O                 3.9922318897    1.5040621640    0.0126302373 
    767       O                 3.9907403337    1.5134971889   -1.9960389396 
    768       O                -1.4993150548    3.9982096405   -2.0012298845 
    769       O                -2.4822625845   -3.4777204156   -1.5009374207 
    770       O                -2.4796033070   -3.4796984055   -0.4902173388 
    771       O                -3.4796596340   -2.4797258450   -0.4901648431 
    772       Ba                3.0219113146    3.0218039496   -0.4742029931 
    773       O                -3.4787619801   -2.4932260994   -1.4912696590 
    774       Ti                2.5423490930   -3.4544776110   -1.9738654086 
    775       Ti               -3.4561465024    2.5438321640   -0.0180902847 
    776       Ti                2.5438554250   -3.4562430801   -0.0181160046 
    777       O                 2.5194251807   -3.4770049624   -1.4998783520 
    778       O                -3.4778813501    2.5196339621   -1.4544866882 
    779       O                -3.4796084687    2.5203228030   -0.4901805010 
    780       O                 2.5203199750   -3.4798136645   -0.4901844121 
    781       Ti               -3.5008851160    2.4922646508   -1.0039230078 
    782       Ti                2.4955942994    3.5008198975   -0.9963065073 
    783       Ti                2.4977662148   -3.5007815014   -0.9981013507 
    784       Ti               -2.5049274430    3.4964855807   -0.9974073136 
    785       Ti                3.4979011759   -2.5033556792   -0.9953575803 
    786       Ti                3.5051135063    2.4941030788   -0.9915353594 
    787       Ti               -3.5030606233   -2.4969116906   -0.9961574801 
    788       O                 3.5179857788   -2.4782900127   -1.4945757387 
    789       Ti               -2.5043754220   -3.5008357754   -0.9980503296 
    790       O                -2.4758559207    3.5229533844   -1.4923224536 
    791       O                -2.4796331870    3.5202990224   -0.4901684370 
    792       O                 3.5203027034   -2.4797448460   -0.4901703337 
    793       Ti                3.5403970144   -2.4510602073   -1.9640058371 
    794       Ti               -2.4559354145    3.5419387304   -1.9629678884 
    795       Ti               -2.4561743180    3.5438063181   -0.0181979960 
    796       Ti                3.5438318865   -2.4562319650   -0.0182044679 
    797       O                 3.5145585929    2.5215844624   -1.4947078639 
    798       O                 2.5203134190    3.5202145837   -0.4901580709 
    799       O                 3.5203047455    2.5202122720   -0.4901695890 
    800       O                 2.5185618186    3.5266737622   -1.4931096426 
    801       Ti                3.5347038217    2.5188469457   -1.9585091937 
    802       Ti                2.5374499018    3.5468116089   -1.9642341844 
    803       Ti                2.5438489210    3.5437894227   -0.0180737063 
    804       Ti                3.5438814130    2.5437368880   -0.0180923663 
    805       H                 3.6718217254   -2.3953697301   -2.4795212820 
    806       Ba               -3.9699677223   -1.9730210712   -1.5063619242 
    807       Ba               -1.9820042700   -3.9736581388   -1.5142561710 
    808       Ba               -3.9780778214   -1.9781248560   -0.4743105227 
    809       Ba               -1.9780394220   -3.9781578785   -0.4743139844 
    810       Ba                2.0179957300   -3.9736581388   -1.5142561710 
    811       Ba               -3.9699677223    2.0269789288   -1.5063619242 
    812       Ba               -3.9780778214    2.0218751440   -0.4743105227 
    813       Ba                2.0219605780   -3.9781578785   -0.4743139844 
    814       O                -2.9601420141   -3.4678478959   -0.9930549957 
    815       O                -3.4694418904   -2.9617362473   -0.9885365358 
    816       O                 2.9886309023   -3.4886406595   -2.0053295812 
    817       O                -3.4958894454    2.9922039640    0.0126134930 
    818       O                 2.9922227910   -3.4959728739    0.0125991717 
    819       O                -2.9861486367    3.5032685981   -1.9878830251 
    820       O                 3.5288521012   -2.9610664479   -0.9970052711 
    821       O                 3.5041061539    2.9920901160    0.0126497645 
    822       O                 2.9922247620    3.5040451942    0.0126267195 
    823       O                 2.9865193952    3.5089952809   -1.9952865798 
    824       O                -2.9613897161    3.5317306540   -0.9923220251 
    825       O                -3.4957982174   -3.0078910701    0.0126226176 
    826       O                -3.0077398215   -3.4959617400    0.0125907157 
    827       O                 3.4937596278    3.0105611276   -1.9870993584 
    828       O                -3.4691524444    3.0389050291   -0.9848402263 
    829       O                 3.0391643137   -3.4707230206   -0.9936881355 
    830       O                -3.0094942775   -3.4970840422   -2.0079197978 
    831       O                -3.4977557993   -3.0100929548   -2.0008211483 
    832       O                -3.4843419443    3.0288854182   -1.9991230673 
    833       O                -3.0078306354    3.5040980292    0.0126110341 
    834       O                 3.5041081964   -3.0078812127    0.0126296975 
    835       O                 3.5118100277   -2.9991090328   -1.9903306013 
    836       O                 3.5289790950    3.0404514234   -0.9979874942 
    837       O                 3.0403984372    3.5320776387   -0.9946265612 
    838       O                -2.4700596383   -3.9583587557   -0.9960028778 
    839       O                -3.9640828771   -2.4704020497   -0.9946371583 
    840       O                 2.5317472526   -3.9595253090   -0.9969719702 
    841       O                 3.9714636977    2.5132421881   -1.9945018799 
    842       O                 3.9907403337   -2.4865028111   -1.9960389396 
    843       O                -2.4921755915    3.9905329638   -2.0026662712 
    844       O                -2.4958955130    3.9921972133    0.0125895471 
    845       O                 3.9922318897   -2.4959378360    0.0126302373 
    846       O                -3.9741692975    2.5267131663   -0.9848393712 
    847       O                 2.5041176240    3.9921456433    0.0126288852 
    848       O                 3.9922674989    2.5040773130    0.0126196328 
    849       O                 2.5006849452    3.9982096405   -2.0012298845 
    850       Ti               -3.4561220445   -3.4562856215   -0.0182310321 
    851       Ti               -3.4597212528   -3.4594163907   -1.9680102218 
    852       O                -3.4688516875   -3.4787801806   -1.4933978826 
    853       Ti               -3.4385208827    3.5098493426   -1.9654341961 
    854       O                -3.4796214862   -3.4797443614   -0.4902156894 
    855       O                -3.4735234635    3.5181775810   -1.4890810009 
    856       Ti                3.4994802180    3.4946015592   -0.9947407773 
    857       O                 3.5094371489   -3.4849870291   -1.4943538907 
    858       Ti               -3.5008627290    3.4937873641   -0.9971121796 
    859       Ti                3.5530421909   -3.4439901938   -1.9563870174 
    860       O                -3.4797269122    3.5202565697   -0.4901955726 
    861       O                 3.5203282233   -3.4797845200   -0.4901873000 
    862       Ti               -3.4561877687    3.5438153409   -0.0181245158 
    863       Ti                3.5438605506   -3.4562502496   -0.0180926708 
    864       Ti               -3.5031268430   -3.5006774658   -0.9981621111 
    865       Ti                3.4982390918   -3.5065576858   -0.9954429586 
    866       Ti                3.5428017546    3.4717361796   -1.9575750391 
    867       Ba               -3.9735946549   -2.9742153341   -1.5025594038 
    868       Ba               -3.9569366159    2.9988997575   -1.5119477827 
    869       Ba               -3.9780976443   -2.9781802590   -0.4742031468 
    870       Ba               -2.9780864080   -3.9781815855   -0.4742871470 
    871       Ba               -2.9829208797   -3.9805443601   -1.5174397703 
    872       O                 3.5151746346    3.5238612495   -1.4985527404 
    873       O                 3.5202874707    3.5202065636   -0.4901492064 
    874       Ba                3.0200908977   -3.9791304894   -1.5198643388 
    875       Ba               -3.9781177232    3.0218582744   -0.4742421684 
    876       Ba                3.0219044492   -3.9781900790   -0.4742858097 
    877       Ti                3.5438102265    3.5437941955   -0.0181705164 
    878       H                -3.6591633121   -3.5885709235   -3.2069162936 
    879       H                 3.6989368039   -3.5589089972   -3.2217739616 
    880       H                 3.7598475791    3.5027090165   -3.1811513537 
    881       H                -3.7998926980    3.4794488026   -3.1824395504 
    882       H                 3.4629191604   -3.9354939665   -3.2246458513 
    883       O                -3.4700955513   -3.9584060695   -0.9942870928 
    884       O                -3.9633108332   -3.4693991245   -0.9984797574 
    885       H                -3.4543782645   -3.9801709829   -3.2038750318 
    886       O                 3.6735043492    3.7866441688   -2.6204895162 
    887       O                -3.5001546112    3.9781729549   -2.0114315761 
    888       O                 3.9827363001    3.4967694721   -1.9868387119 
    889       O                 3.9992913969   -3.4849698222   -1.9512643649 
    890       O                -3.9616771952    3.5281707739   -0.9952030029 
    891       O                -3.4958507952    3.9922021653    0.0125552850 
    892       O                 3.9922351483   -3.4959219852    0.0126164273 
    893       O                 3.5304908528   -3.9623047077   -0.9947072314 
    894       O                 3.4988805717   -3.9906560275   -2.0269872082 
    895       O                 3.5041072204    3.9921761280    0.0125774613 
    896       O                 3.9922054440    3.5041179475    0.0126477278 
    897       C                 3.6953249883   -3.8184859502   -3.3069809489 
    898       H                -3.6680953428   -3.8459931413   -3.5658324988 
    899       H                 3.6987980746   -3.8191449261   -3.5803200043 
    900       C                -3.6737896323   -3.8460499580   -3.2931464939 
    901       H                 3.5322390450    3.9779806756   -2.2668858892 
    902       H                 3.9859340865    3.6003456835   -3.5484262350 
    903       C                 3.9861805978    3.6194203867   -3.2762937484 
    904       O                -3.9986575373   -3.6297764255   -2.5933879333 
    905       P                 3.9175389133   -3.9581748384   -2.7414235472 
    906       Ba               -3.9781093203   -3.9781588748   -0.4742883436 
    907       Ba               -3.9725623775   -3.9942911182   -1.5197218880 
    908       C                -3.9948828122    3.9864407667   -3.1820581969 
