primitive lattice vectors  3  3  1
  9.00000000  0.00000000  0.00000000
  0.00000000  9.00000000  0.00000000
  0.00000000  0.00000000 80.00000000
number of atoms in unit cell
126
atom, type, position vector
      1       Ba                0.0000000000    0.0000002314   -1.4783395214 
      2       Ba                0.0000000000    0.0000000000   -0.5037462655 
      3       O                 0.4999244540    0.0000062220   -2.0199661666 
      4       O                 0.5000000000    0.0000000000   -0.9987995952 
      5       O                 0.5000000000    0.0000000000    0.0000002457 
      6       O                 0.0000000000    0.5000000000   -0.9987995952 
      7       O                 0.0000000000    0.5000000000    0.0000002457 
      8       O                 0.0000023955    0.5000008594   -2.0075242013 
      9       H                -0.0000012965    0.5000015273   -2.2525552492 
     10       Ti                0.5000011846    0.4999973938   -1.9607427501 
     11       Ti                0.5000000000    0.5000000000   -0.9945756786 
     12       Ti                0.5000000000    0.5000000000    0.0000000000 
     13       O                 0.5000000000    0.5000000000   -0.5005608276 
     14       O                 0.5000041493    0.5000058647   -1.5069787791 
     15       H                -0.0000012965   -2.4999984727   -2.2525552492 
     16       O                 0.0000023955   -2.4999991406   -2.0075242013 
     17       O                 0.0000000000   -2.5000000000   -0.9987995952 
     18       O                 0.0000000000   -2.5000000000    0.0000002457 
     19       O                -2.5000000000    0.0000000000   -0.9987995952 
     20       O                -2.5000000000    0.0000000000    0.0000002457 
     21       O                -2.5000755460    0.0000062220   -2.0199661666 
     22       O                 0.5000041493   -2.4999941353   -1.5069787791 
     23       Ti                0.5000000000   -2.5000000000   -0.9945756786 
     24       Ti                0.5000000000   -2.5000000000    0.0000000000 
     25       O                 0.5000000000   -2.5000000000   -0.5005608276 
     26       Ti                0.5000011846   -2.5000026062   -1.9607427501 
     27       O                -2.4999958507    0.5000058647   -1.5069787791 
     28       Ti               -2.4999988154    0.4999973938   -1.9607427501 
     29       Ti               -2.5000000000    0.5000000000   -0.9945756786 
     30       Ti               -2.5000000000    0.5000000000    0.0000000000 
     31       O                -2.5000000000    0.5000000000   -0.5005608276 
     32       Ba                3.0000000000    0.0000002314   -1.4783395214 
     33       Ba                3.0000000000    0.0000000000   -0.5037462655 
     34       Ba                0.0000000000    3.0000000000   -0.5037462655 
     35       Ba                0.0000000000    3.0000002314   -1.4783395214 
     36       Ba                0.0000000000   -2.9999997686   -1.4783395214 
     37       Ba                0.0000000000   -3.0000000000   -0.5037462655 
     38       Ba               -3.0000000000    0.0000002314   -1.4783395214 
     39       Ba               -3.0000000000    0.0000000000   -0.5037462655 
     40       H                 2.9999987035    0.5000015273   -2.2525552492 
     41       O                 3.0000000000    0.5000000000   -0.9987995952 
     42       O                 3.0000000000    0.5000000000    0.0000002457 
     43       O                 0.4999244540    3.0000062220   -2.0199661666 
     44       O                 3.0000023955    0.5000008594   -2.0075242013 
     45       O                 0.5000000000    3.0000000000   -0.9987995952 
     46       O                 0.5000000000    3.0000000000    0.0000002457 
     47       O                 0.4999244540   -2.9999937780   -2.0199661666 
     48       O                 0.5000000000   -3.0000000000   -0.9987995952 
     49       O                 0.5000000000   -3.0000000000    0.0000002457 
     50       O                -2.9999976045    0.5000008594   -2.0075242013 
     51       O                -3.0000000000    0.5000000000   -0.9987995952 
     52       O                -3.0000000000    0.5000000000    0.0000002457 
     53       H                -3.0000012965    0.5000015273   -2.2525552492 
     54       O                 3.4999244540    0.0000062220   -2.0199661666 
     55       O                 3.5000000000    0.0000000000   -0.9987995952 
     56       O                 3.5000000000    0.0000000000    0.0000002457 
     57       O                 0.0000000000    3.5000000000   -0.9987995952 
     58       O                 0.0000000000    3.5000000000    0.0000002457 
     59       O                 0.0000023955    3.5000008594   -2.0075242013 
     60       H                -0.0000012965    3.5000015273   -2.2525552492 
     61       Ti                3.5000000000    0.5000000000   -0.9945756786 
     62       Ti                3.5000000000    0.5000000000    0.0000000000 
     63       O                 3.5000000000    0.5000000000   -0.5005608276 
     64       Ti                3.5000011846    0.4999973938   -1.9607427501 
     65       Ti                0.5000011846    3.4999973938   -1.9607427501 
     66       O                 3.5000041493    0.5000058647   -1.5069787791 
     67       Ti                0.5000000000    3.5000000000   -0.9945756786 
     68       Ti                0.5000000000    3.5000000000    0.0000000000 
     69       O                 0.5000000000    3.5000000000   -0.5005608276 
     70       O                 0.5000041493    3.5000058647   -1.5069787791 
     71       O                -2.4999958507   -2.4999941353   -1.5069787791 
     72       Ti               -2.5000000000   -2.5000000000   -0.9945756786 
     73       Ti               -2.5000000000   -2.5000000000    0.0000000000 
     74       O                -2.5000000000   -2.5000000000   -0.5005608276 
     75       Ti               -2.4999988154   -2.5000026062   -1.9607427501 
     76       H                 2.9999987035   -2.4999984727   -2.2525552492 
     77       O                 3.0000000000   -2.5000000000   -0.9987995952 
     78       O                 3.0000000000   -2.5000000000    0.0000002457 
     79       O                 3.0000023955   -2.4999991406   -2.0075242013 
     80       O                -2.5000000000    3.0000000000   -0.9987995952 
     81       O                -2.5000000000    3.0000000000    0.0000002457 
     82       O                -2.9999976045   -2.4999991406   -2.0075242013 
     83       O                -2.5000000000   -3.0000000000   -0.9987995952 
     84       O                -2.5000000000   -3.0000000000    0.0000002457 
     85       O                -3.0000000000   -2.5000000000   -0.9987995952 
     86       O                -3.0000000000   -2.5000000000    0.0000002457 
     87       H                -3.0000012965   -2.4999984727   -2.2525552492 
     88       O                -2.5000755460    3.0000062220   -2.0199661666 
     89       O                -2.5000755460   -2.9999937780   -2.0199661666 
     90       Ba                3.0000000000    3.0000000000   -0.5037462655 
     91       Ba                3.0000000000    3.0000002314   -1.4783395214 
     92       Ba                3.0000000000   -2.9999997686   -1.4783395214 
     93       Ba                3.0000000000   -3.0000000000   -0.5037462655 
     94       Ba               -3.0000000000    3.0000000000   -0.5037462655 
     95       Ba               -3.0000000000    3.0000002314   -1.4783395214 
     96       Ba               -3.0000000000   -2.9999997686   -1.4783395214 
     97       Ba               -3.0000000000   -3.0000000000   -0.5037462655 
     98       O                 3.5000041493   -2.4999941353   -1.5069787791 
     99       Ti                3.5000000000   -2.5000000000   -0.9945756786 
    100       Ti                3.5000000000   -2.5000000000    0.0000000000 
    101       O                 3.5000000000   -2.5000000000   -0.5005608276 
    102       Ti                3.5000011846   -2.5000026062   -1.9607427501 
    103       Ti               -2.4999988154    3.4999973938   -1.9607427501 
    104       Ti               -2.5000000000    3.5000000000   -0.9945756786 
    105       Ti               -2.5000000000    3.5000000000    0.0000000000 
    106       O                -2.5000000000    3.5000000000   -0.5005608276 
    107       O                -2.4999958507    3.5000058647   -1.5069787791 
    108       O                 3.4999244540    3.0000062220   -2.0199661666 
    109       O                 3.4999244540   -2.9999937780   -2.0199661666 
    110       O                 3.5000000000    3.0000000000   -0.9987995952 
    111       O                 3.5000000000    3.0000000000    0.0000002457 
    112       O                 3.0000000000    3.5000000000   -0.9987995952 
    113       O                 3.0000000000    3.5000000000    0.0000002457 
    114       H                 2.9999987035    3.5000015273   -2.2525552492 
    115       O                 3.0000023955    3.5000008594   -2.0075242013 
    116       O                 3.5000000000   -3.0000000000   -0.9987995952 
    117       O                 3.5000000000   -3.0000000000    0.0000002457 
    118       O                -2.9999976045    3.5000008594   -2.0075242013 
    119       O                -3.0000000000    3.5000000000   -0.9987995952 
    120       O                -3.0000000000    3.5000000000    0.0000002457 
    121       H                -3.0000012965    3.5000015273   -2.2525552492 
    122       Ti                3.5000011846    3.4999973938   -1.9607427501 
    123       Ti                3.5000000000    3.5000000000   -0.9945756786 
    124       Ti                3.5000000000    3.5000000000    0.0000000000 
    125       O                 3.5000000000    3.5000000000   -0.5005608276 
    126       O                 3.5000041493    3.5000058647   -1.5069787791 
