primitive lattice vectors  3  3  1
  3.00000000  0.00000000  0.00000000
  0.00000000  3.00000000  0.00000000
  0.00000000  0.00000000 80.00000000
number of atoms in unit cell
126
atom, type, position vector
      1       Ba                0.0000000000    0.0000000000   -0.5037462655 
      2       Ba                0.0000048266   -0.0136477213   -1.4753631839 
      3       H                 0.0000056197   -0.2563607045   -2.1832809010 
      4       O                 0.0000055091   -0.4887600548   -2.0909739260 
      5       O                 0.5000000000    0.0000000000   -0.9987995952 
      6       O                 0.5000000000    0.0000000000    0.0000002457 
      7       O                 0.0000000000    0.5000000000   -0.9987995952 
      8       O                 0.0000000000    0.5000000000    0.0000002457 
      9       O                 0.0000000000   -0.5000000000   -0.9987995952 
     10       O                 0.0000000000   -0.5000000000    0.0000002457 
     11       O                -0.5000000000    0.0000000000   -0.9987995952 
     12       O                -0.5000000000    0.0000000000    0.0000002457 
     13       O                 0.5000045181   -0.0135743918   -2.0282430581 
     14       O                -0.4999954819   -0.0135743918   -2.0282430581 
     15       O                 0.0000055091    0.5112399452   -2.0909739260 
     16       Ti                0.5000018265    0.4589027319   -1.9841073653 
     17       Ti               -0.4999981735    0.4589027319   -1.9841073653 
     18       O                 0.5000118971    0.4847834183   -1.5292129795 
     19       O                -0.4999881029    0.4847834183   -1.5292129795 
     20       Ti                0.5000000000    0.5000000000   -0.9945756786 
     21       Ti                0.5000000000    0.5000000000    0.0000000000 
     22       O                 0.5000000000    0.5000000000   -0.5005608276 
     23       Ti                0.5000000000   -0.5000000000   -0.9945756786 
     24       Ti                0.5000000000   -0.5000000000    0.0000000000 
     25       O                 0.5000000000   -0.5000000000   -0.5005608276 
     26       Ti               -0.5000000000    0.5000000000   -0.9945756786 
     27       Ti               -0.5000000000    0.5000000000    0.0000000000 
     28       O                -0.5000000000    0.5000000000   -0.5005608276 
     29       Ti               -0.5000000000   -0.5000000000   -0.9945756786 
     30       Ti               -0.5000000000   -0.5000000000    0.0000000000 
     31       O                -0.5000000000   -0.5000000000   -0.5005608276 
     32       O                 0.5000118971   -0.5152165817   -1.5292129795 
     33       O                -0.4999881029   -0.5152165817   -1.5292129795 
     34       Ti                0.5000018265   -0.5410972681   -1.9841073653 
     35       Ti               -0.4999981735   -0.5410972681   -1.9841073653 
     36       H                 0.0000056197    0.7436392955   -2.1832809010 
     37       Ba                0.0000048266    0.9863522787   -1.4753631839 
     38       Ba                1.0000000000    0.0000000000   -0.5037462655 
     39       Ba                0.0000000000    1.0000000000   -0.5037462655 
     40       Ba                0.0000000000   -1.0000000000   -0.5037462655 
     41       Ba               -1.0000000000    0.0000000000   -0.5037462655 
     42       Ba                1.0000048266   -0.0136477213   -1.4753631839 
     43       Ba               -0.9999951734   -0.0136477213   -1.4753631839 
     44       Ba                0.0000048266   -1.0136477213   -1.4753631839 
     45       H                 1.0000056197   -0.2563607045   -2.1832809010 
     46       H                -0.9999943803   -0.2563607045   -2.1832809010 
     47       O                 0.5000045181    0.9864256082   -2.0282430581 
     48       O                -0.4999954819    0.9864256082   -2.0282430581 
     49       O                 1.0000055091   -0.4887600548   -2.0909739260 
     50       O                -0.9999944909   -0.4887600548   -2.0909739260 
     51       O                 1.0000000000    0.5000000000   -0.9987995952 
     52       O                 1.0000000000    0.5000000000    0.0000002457 
     53       O                 0.5000000000    1.0000000000   -0.9987995952 
     54       O                 0.5000000000    1.0000000000    0.0000002457 
     55       O                 1.0000000000   -0.5000000000   -0.9987995952 
     56       O                 1.0000000000   -0.5000000000    0.0000002457 
     57       O                -0.5000000000    1.0000000000   -0.9987995952 
     58       O                -0.5000000000    1.0000000000    0.0000002457 
     59       O                 0.5000000000   -1.0000000000   -0.9987995952 
     60       O                 0.5000000000   -1.0000000000    0.0000002457 
     61       O                -1.0000000000    0.5000000000   -0.9987995952 
     62       O                -1.0000000000    0.5000000000    0.0000002457 
     63       O                -0.5000000000   -1.0000000000   -0.9987995952 
     64       O                -0.5000000000   -1.0000000000    0.0000002457 
     65       O                -1.0000000000   -0.5000000000   -0.9987995952 
     66       O                -1.0000000000   -0.5000000000    0.0000002457 
     67       O                 1.0000055091    0.5112399452   -2.0909739260 
     68       O                -0.9999944909    0.5112399452   -2.0909739260 
     69       O                 0.5000045181   -1.0135743918   -2.0282430581 
     70       O                -0.4999954819   -1.0135743918   -2.0282430581 
     71       H                 1.0000056197    0.7436392955   -2.1832809010 
     72       H                -0.9999943803    0.7436392955   -2.1832809010 
     73       H                 0.0000056197   -1.2563607045   -2.1832809010 
     74       Ba                1.0000048266    0.9863522787   -1.4753631839 
     75       Ba               -0.9999951734    0.9863522787   -1.4753631839 
     76       Ba                1.0000000000    1.0000000000   -0.5037462655 
     77       Ba                1.0000000000   -1.0000000000   -0.5037462655 
     78       Ba               -1.0000000000    1.0000000000   -0.5037462655 
     79       Ba               -1.0000000000   -1.0000000000   -0.5037462655 
     80       Ba                1.0000048266   -1.0136477213   -1.4753631839 
     81       Ba               -0.9999951734   -1.0136477213   -1.4753631839 
     82       O                 0.0000055091   -1.4887600548   -2.0909739260 
     83       O                 1.5000000000    0.0000000000   -0.9987995952 
     84       O                 1.5000000000    0.0000000000    0.0000002457 
     85       O                 0.0000000000    1.5000000000   -0.9987995952 
     86       O                 0.0000000000    1.5000000000    0.0000002457 
     87       O                 1.5000045181   -0.0135743918   -2.0282430581 
     88       Ti                0.5000018265    1.4589027319   -1.9841073653 
     89       Ti               -0.4999981735    1.4589027319   -1.9841073653 
     90       O                 0.5000118971    1.4847834183   -1.5292129795 
     91       O                -0.4999881029    1.4847834183   -1.5292129795 
     92       Ti                1.5000018265    0.4589027319   -1.9841073653 
     93       O                 1.5000118971    0.4847834183   -1.5292129795 
     94       Ti                1.5000000000    0.5000000000   -0.9945756786 
     95       Ti                1.5000000000    0.5000000000    0.0000000000 
     96       O                 1.5000000000    0.5000000000   -0.5005608276 
     97       Ti                0.5000000000    1.5000000000   -0.9945756786 
     98       Ti                0.5000000000    1.5000000000    0.0000000000 
     99       O                 0.5000000000    1.5000000000   -0.5005608276 
    100       Ti                1.5000000000   -0.5000000000   -0.9945756786 
    101       Ti                1.5000000000   -0.5000000000    0.0000000000 
    102       O                 1.5000000000   -0.5000000000   -0.5005608276 
    103       Ti               -0.5000000000    1.5000000000   -0.9945756786 
    104       Ti               -0.5000000000    1.5000000000    0.0000000000 
    105       O                -0.5000000000    1.5000000000   -0.5005608276 
    106       O                 1.5000118971   -0.5152165817   -1.5292129795 
    107       Ti                1.5000018265   -0.5410972681   -1.9841073653 
    108       H                 1.0000056197   -1.2563607045   -2.1832809010 
    109       H                -0.9999943803   -1.2563607045   -2.1832809010 
    110       O                 1.0000055091   -1.4887600548   -2.0909739260 
    111       O                -0.9999944909   -1.4887600548   -2.0909739260 
    112       O                 1.5000045181    0.9864256082   -2.0282430581 
    113       O                 1.5000000000    1.0000000000   -0.9987995952 
    114       O                 1.5000000000    1.0000000000    0.0000002457 
    115       O                 1.0000000000    1.5000000000   -0.9987995952 
    116       O                 1.0000000000    1.5000000000    0.0000002457 
    117       O                 1.5000000000   -1.0000000000   -0.9987995952 
    118       O                 1.5000000000   -1.0000000000    0.0000002457 
    119       O                -1.0000000000    1.5000000000   -0.9987995952 
    120       O                -1.0000000000    1.5000000000    0.0000002457 
    121       O                 1.5000045181   -1.0135743918   -2.0282430581 
    122       Ti                1.5000018265    1.4589027319   -1.9841073653 
    123       O                 1.5000118971    1.4847834183   -1.5292129795 
    124       Ti                1.5000000000    1.5000000000   -0.9945756786 
    125       Ti                1.5000000000    1.5000000000    0.0000000000 
    126       O                 1.5000000000    1.5000000000   -0.5005608276 
