126
5x1x1 layer relax top 2 free
Ba  0  0  -2.03146445
Ba  0.00001946429579  -0.05503735222  -5.949717277
H  0.000022662641  -1.033829317  -8.804546731
O  0.00002221662287  -1.971029353  -8.432299131
O  2.016356834  0  -4.027872779
O  2.016356834  0  0.0000009908377482
O  0  2.016356834  -4.027872779
O  0  2.016356834  0.0000009908377482
O  0  -2.016356834  -4.027872779
O  0  -2.016356834  0.0000009908377482
O  -2.016356834  0  -4.027872779
O  -2.016356834  0  0.0000009908377482
O  2.016375054  -0.05474163535  -8.179323503
O  -2.016338614  -0.05474163535  -8.179323503
O  0.00002221662287  2.061684315  -8.432299131
Ti  2.0163642  1.850623319  -8.001336891
Ti  -2.016349468  1.850623319  -8.001336891
O  2.016404812  1.954992717  -6.166878084
O  -2.016308856  1.954992717  -6.166878084
Ti  2.016356834  2.016356834  -4.010838933
Ti  2.016356834  2.016356834  0
O  2.016356834  2.016356834  -2.018618491
Ti  2.016356834  -2.016356834  -4.010838933
Ti  2.016356834  -2.016356834  0
O  2.016356834  -2.016356834  -2.018618491
Ti  -2.016356834  2.016356834  -4.010838933
Ti  -2.016356834  2.016356834  0
O  -2.016356834  2.016356834  -2.018618491
Ti  -2.016356834  -2.016356834  -4.010838933
Ti  -2.016356834  -2.016356834  0
O  -2.016356834  -2.016356834  -2.018618491
O  2.016404812  -2.077720951  -6.166878084
O  -2.016308856  -2.077720951  -6.166878084
Ti  2.0163642  -2.182090349  -8.001336891
Ti  -2.016349468  -2.182090349  -8.001336891
H  0.000022662641  2.998884351  -8.804546731
Ba  0.00001946429579  3.977676316  -5.949717277
Ba  4.032713668  0  -2.03146445
Ba  0  4.032713668  -2.03146445
Ba  0  -4.032713668  -2.03146445
Ba  -4.032713668  0  -2.03146445
Ba  4.032733132  -0.05503735222  -5.949717277
Ba  -4.032694204  -0.05503735222  -5.949717277
Ba  0.00001946429579  -4.08775102  -5.949717277
H  4.032736331  -1.033829317  -8.804546731
H  -4.032691005  -1.033829317  -8.804546731
O  2.016375054  3.977972033  -8.179323503
O  -2.016338614  3.977972033  -8.179323503
O  4.032735885  -1.971029353  -8.432299131
O  -4.032691451  -1.971029353  -8.432299131
O  4.032713668  2.016356834  -4.027872779
O  4.032713668  2.016356834  0.0000009908377482
O  2.016356834  4.032713668  -4.027872779
O  2.016356834  4.032713668  0.0000009908377482
O  4.032713668  -2.016356834  -4.027872779
O  4.032713668  -2.016356834  0.0000009908377482
O  -2.016356834  4.032713668  -4.027872779
O  -2.016356834  4.032713668  0.0000009908377482
O  2.016356834  -4.032713668  -4.027872779
O  2.016356834  -4.032713668  0.0000009908377482
O  -4.032713668  2.016356834  -4.027872779
O  -4.032713668  2.016356834  0.0000009908377482
O  -2.016356834  -4.032713668  -4.027872779
O  -2.016356834  -4.032713668  0.0000009908377482
O  -4.032713668  -2.016356834  -4.027872779
O  -4.032713668  -2.016356834  0.0000009908377482
O  4.032735885  2.061684315  -8.432299131
O  -4.032691451  2.061684315  -8.432299131
O  2.016375054  -4.087455303  -8.179323503
O  -2.016338614  -4.087455303  -8.179323503
H  4.032736331  2.998884351  -8.804546731
H  -4.032691005  2.998884351  -8.804546731
H  0.000022662641  -5.066542985  -8.804546731
Ba  4.032733132  3.977676316  -5.949717277
Ba  -4.032694204  3.977676316  -5.949717277
Ba  4.032713668  4.032713668  -2.03146445
Ba  4.032713668  -4.032713668  -2.03146445
Ba  -4.032713668  4.032713668  -2.03146445
Ba  -4.032713668  -4.032713668  -2.03146445
Ba  4.032733132  -4.08775102  -5.949717277
Ba  -4.032694204  -4.08775102  -5.949717277
O  0.00002221662287  -6.003743021  -8.432299131
O  6.049070502  0  -4.027872779
O  6.049070502  0  0.0000009908377482
O  0  6.049070502  -4.027872779
O  0  6.049070502  0.0000009908377482
O  6.049088722  -0.05474163535  -8.179323503
Ti  2.0163642  5.883336987  -8.001336891
Ti  -2.016349468  5.883336987  -8.001336891
O  2.016404812  5.987706385  -6.166878084
O  -2.016308856  5.987706385  -6.166878084
Ti  6.049077868  1.850623319  -8.001336891
O  6.04911848  1.954992717  -6.166878084
Ti  6.049070502  2.016356834  -4.010838933
Ti  6.049070502  2.016356834  0
O  6.049070502  2.016356834  -2.018618491
Ti  2.016356834  6.049070502  -4.010838933
Ti  2.016356834  6.049070502  0
O  2.016356834  6.049070502  -2.018618491
Ti  6.049070502  -2.016356834  -4.010838933
Ti  6.049070502  -2.016356834  0
O  6.049070502  -2.016356834  -2.018618491
Ti  -2.016356834  6.049070502  -4.010838933
Ti  -2.016356834  6.049070502  0
O  -2.016356834  6.049070502  -2.018618491
O  6.04911848  -2.077720951  -6.166878084
Ti  6.049077868  -2.182090349  -8.001336891
H  4.032736331  -5.066542985  -8.804546731
H  -4.032691005  -5.066542985  -8.804546731
O  4.032735885  -6.003743021  -8.432299131
O  -4.032691451  -6.003743021  -8.432299131
O  6.049088722  3.977972033  -8.179323503
O  6.049070502  4.032713668  -4.027872779
O  6.049070502  4.032713668  0.0000009908377482
O  4.032713668  6.049070502  -4.027872779
O  4.032713668  6.049070502  0.0000009908377482
O  6.049070502  -4.032713668  -4.027872779
O  6.049070502  -4.032713668  0.0000009908377482
O  -4.032713668  6.049070502  -4.027872779
O  -4.032713668  6.049070502  0.0000009908377482
O  6.049088722  -4.087455303  -8.179323503
Ti  6.049077868  5.883336987  -8.001336891
O  6.04911848  5.987706385  -6.166878084
Ti  6.049070502  6.049070502  -4.010838933
Ti  6.049070502  6.049070502  0
O  6.049070502  6.049070502  -2.018618491

O  4.032713668  -4.032713668  0.0000009908377482
O  -4.032713668  4.032713668  -4.027872779
O  -4.032713668  -4.032713668  0.0000009908377482
O  4.032733132  -4.08775102  -8.179323503
Ti  -4.032694204  -4.08775102  -8.001336891
Ti  0.00002221662287  -6.003743021  -8.001336891
O  6.049070502  0  -6.166878084
O  6.049070502  0  -6.166878084
Ti  0  6.049070502  -8.001336891
O  0  6.049070502  -6.166878084
Ti  6.049088722  -0.05474163535  -4.010838933
Ti  2.0163642  5.883336987  0
O  -2.016349468  5.883336987  -2.018618491
Ti  2.016404812  5.987706385  -4.010838933
Ti  -2.016308856  5.987706385  0
O  6.049077868  1.850623319  -2.018618491
Ti  6.04911848  1.954992717  -4.010838933
Ti  6.049070502  2.016356834  0
O  6.049070502  2.016356834  -2.018618491
Ti  6.049070502  2.016356834  -4.010838933
Ti  2.016356834  6.049070502  0
O  2.016356834  6.049070502  -2.018618491
O  2.016356834  6.049070502  -6.166878084
Ti  6.049070502  -2.016356834  -8.001336891
H  6.049070502  -2.016356834  -8.804546731
H  6.049070502  -2.016356834  -8.804546731
O  -2.016356834  6.049070502  -8.432299131
O  -2.016356834  6.049070502  -8.432299131
O  -2.016356834  6.049070502  -8.179323503
O  6.04911848  -2.077720951  -4.027872779
O  6.049077868  -2.182090349  0.0000009908377482
O  4.032736331  -5.066542985  -4.027872779
O  -4.032691005  -5.066542985  0.0000009908377482
O  4.032735885  -6.003743021  -4.027872779
O  -4.032691451  -6.003743021  0.0000009908377482
O  6.049088722  3.977972033  -4.027872779
O  6.049070502  4.032713668  0.0000009908377482
O  6.049070502  4.032713668  -8.179323503
Ti  4.032713668  6.049070502  -8.001336891
O  4.032713668  6.049070502  -6.166878084
Ti  6.049070502  -4.032713668  -4.010838933
Ti  6.049070502  -4.032713668  0
O  -4.032713668  6.049070502  -2.018618491
