primitive lattice vectors  2  2  1
  2.00000000  0.00000000  0.00000000
  0.00000000  2.00000000  0.00000000
  0.00000000  0.00000000 80.00000000
number of atoms in unit cell
 60
atom, type, position vector
      1       Ba                0.0000000000    0.0000000000   -1.5246352441 
      2       Ba                0.0000000000    0.0000000000   -0.5037462655 
      3       H                 0.0033454666   -0.4948721446   -2.2431977741 
      4       O                 0.5000000000    0.0000000000   -1.9969527363 
      5       O                 0.5000000000    0.0000000000   -1.0004395592 
      6       O                 0.5000000000    0.0000000000    0.0000002457 
      7       O                 0.0000000000    0.5000000000   -1.9969527363 
      8       O                 0.0000000000    0.5000000000   -1.0004395592 
      9       O                 0.0000000000    0.5000000000    0.0000002457 
     10       O                 0.0000000000   -0.5000000000   -1.9969527363 
     11       O                 0.0000000000   -0.5000000000   -1.0004395592 
     12       O                 0.0000000000   -0.5000000000    0.0000002457 
     13       O                -0.5000000000    0.0000000000   -1.9969527363 
     14       O                -0.5000000000    0.0000000000   -1.0004395592 
     15       O                -0.5000000000    0.0000000000    0.0000002457 
     16       H                 0.0033454666    0.5051278554   -2.2431977741 
     17       O                 0.4935095000   -0.4885386638   -2.4295485155 
     18       O                -0.5064905000   -0.4885386638   -2.4295485155 
     19       Ti                0.5000000000    0.5000000000   -1.9700336908 
     20       Ti                0.5000000000    0.5000000000   -0.9966469491 
     21       O                 0.5000000000    0.5000000000   -1.5032996502 
     22       Ti                0.5000000000    0.5000000000    0.0000000000 
     23       O                 0.5000000000    0.5000000000   -0.5005608276 
     24       Ti                0.5000000000   -0.5000000000   -1.9700336908 
     25       Ti                0.5000000000   -0.5000000000   -0.9966469491 
     26       O                 0.5000000000   -0.5000000000   -1.5032996502 
     27       Ti                0.5000000000   -0.5000000000    0.0000000000 
     28       O                 0.5000000000   -0.5000000000   -0.5005608276 
     29       Ti               -0.5000000000    0.5000000000   -1.9700336908 
     30       Ti               -0.5000000000    0.5000000000   -0.9966469491 
     31       O                -0.5000000000    0.5000000000   -1.5032996502 
     32       Ti               -0.5000000000    0.5000000000    0.0000000000 
     33       O                -0.5000000000    0.5000000000   -0.5005608276 
     34       Ti               -0.5000000000   -0.5000000000   -1.9700336908 
     35       Ti               -0.5000000000   -0.5000000000   -0.9966469491 
     36       O                -0.5000000000   -0.5000000000   -1.5032996502 
     37       Ti               -0.5000000000   -0.5000000000    0.0000000000 
     38       O                -0.5000000000   -0.5000000000   -0.5005608276 
     39       O                 0.4935095000    0.5114613362   -2.4295485155 
     40       O                -0.5064905000    0.5114613362   -2.4295485155 
     41       Ba                1.0000000000    0.0000000000   -1.5246352441 
     42       Ba                1.0000000000    0.0000000000   -0.5037462655 
     43       Ba                0.0000000000    1.0000000000   -1.5246352441 
     44       Ba                0.0000000000    1.0000000000   -0.5037462655 
     45       H                -0.9966545334   -0.4948721446   -2.2431977741 
     46       H                -0.9966545334    0.5051278554   -2.2431977741 
     47       O                 1.0000000000    0.5000000000   -1.9969527363 
     48       O                 1.0000000000    0.5000000000   -1.0004395592 
     49       O                 1.0000000000    0.5000000000    0.0000002457 
     50       O                 0.5000000000    1.0000000000   -1.9969527363 
     51       O                 0.5000000000    1.0000000000   -1.0004395592 
     52       O                 0.5000000000    1.0000000000    0.0000002457 
     53       O                 1.0000000000   -0.5000000000   -1.9969527363 
     54       O                 1.0000000000   -0.5000000000   -1.0004395592 
     55       O                 1.0000000000   -0.5000000000    0.0000002457 
     56       O                -0.5000000000    1.0000000000   -1.9969527363 
     57       O                -0.5000000000    1.0000000000   -1.0004395592 
     58       O                -0.5000000000    1.0000000000    0.0000002457 
     59       Ba                1.0000000000    1.0000000000   -1.5246352441 
     60       Ba                1.0000000000    1.0000000000   -0.5037462655 
