primitive lattice vectors  2  1  1
  8.00000000  0.00000000  0.00000000
  0.00000000  4.00000000  0.00000000
  0.00000000  0.00000000100.00000000
number of atoms in unit cell
450
atom, type, position vector
      1       Ba                0.0218906797    0.0218411252   -0.4742883436 
      2       Ba                0.0355815134    0.0342869750   -1.5359176759 
      3       O                 0.0351543923   -0.4681683587   -1.0004181720 
      4       O                -0.4697361338    0.0364750909   -1.0010566582 
      5       O                -0.4914953320   -0.0090721942   -2.0127129429 
      6       O                -0.0077945560   -0.4958820525    0.0126477278 
      7       O                -0.4958927796   -0.0078238720    0.0125774613 
      8       O                -0.0067166934   -0.5002496743   -2.0118090156 
      9       O                -0.0077648517    0.5040780148    0.0126164273 
     10       O                 0.5041492048   -0.0077978347    0.0125552850 
     11       O                 0.5128072430   -0.0175829472   -2.0306953892 
     12       O                -0.0028631629    0.5194379147   -2.0240316941 
     13       O                 0.0200052980    0.5265278024   -0.9879057583 
     14       O                 0.5270513848    0.0235575034   -0.9856083011 
     15       Ti               -0.4561897735   -0.4562058045   -0.0181705164 
     16       Ti               -0.4547922480   -0.4581569933   -1.9784610490 
     17       O                -0.4790097211   -0.4804606641   -1.5068482908 
     18       O                -0.4797125293   -0.4797934364   -0.4901492064 
     19       Ti                0.4929132464   -0.4879942681   -0.9992515930 
     20       Ti               -0.4899839174    0.4933380409   -0.9991425281 
     21       Ti                0.4916502620    0.5008364322   -1.0074640886 
     22       O                -0.4763934698    0.5182084035   -1.5128397891 
     23       O                 0.5178963072   -0.4786332591   -1.5110851469 
     24       O                -0.4796717767    0.5202154800   -0.4901873000 
     25       O                 0.5202730878   -0.4797434303   -0.4901955726 
     26       Ti               -0.4997263985   -0.5014314384   -1.0003876093 
     27       Ti               -0.4505294961    0.5474359323   -1.9833740630 
     28       Ti               -0.4561394494    0.5437497504   -0.0180926708 
     29       Ti                0.5438122313   -0.4561846591   -0.0181245158 
     30       Ti                0.5452851896   -0.4576926143   -1.9838425781 
     31       O                 0.5179741723    0.5168843412   -1.4576107676 
     32       O                 0.5203785138    0.5202556386   -0.4902156894 
     33       Ti                0.5438779555    0.5437143785   -0.0182310321 
     34       Ti                0.5671127532    0.5998997208   -2.1161215111 
     35       H                 0.6311252702    0.5658397283   -3.1937504153 
     36       O                 0.6078465038    0.7427838503   -2.5580733377 
     37       Ba               -0.9748318781    0.0230900957   -1.5200989609 
     38       Ba               -0.9780955508    0.0218099210   -0.4742858097 
     39       Ba                0.0218822768   -0.9781417256   -0.4742421684 
     40       Ba                0.0254260452   -0.9794508580   -1.5185287691 
     41       Ba                1.0057121385    0.0363620541   -1.5286950550 
     42       Ba                0.0330651770    1.0201887578   -1.5235850977 
     43       Ba                0.0219023557    1.0218197410   -0.4742031468 
     44       Ba                1.0219135920    0.0218184145   -0.4742871470 
     45       O                -0.4679920754   -0.9581648096   -0.9982647583 
     46       O                -0.9586329474   -0.4688578635   -0.9985817929 
     47       O                 0.5300419384   -0.9565670457   -0.9993593610 
     48       O                -0.9585087048    0.5292490778   -0.9996750183 
     49       O                -0.4958918036    0.9921187873    0.0126296975 
     50       O                 0.9921693646   -0.4959019708    0.0126110341 
     51       C                 0.8457229197    0.7193189954   -3.2602674225 
     52       O                 0.5042017826    0.9921089299    0.0126226176 
     53       O                 0.9922601785    0.5040382600    0.0125907157 
     54       O                -0.5012966925    0.9959901383   -2.0108629605 
     55       O                 0.9991323399   -0.5035941046   -2.0078409937 
     56       O                -1.0077752380   -0.4959548058    0.0126267195 
     57       O                -0.4958938461   -1.0079098840    0.0126497645 
     58       H                 0.2684472270    1.0916026525   -3.1858129635 
     59       O                -1.0101867592   -0.4968330723   -2.0098152229 
     60       O                -1.0077772090    0.5040271261    0.0125991717 
     61       O                 0.5041105546   -1.0077960360    0.0126134930 
     62       O                -0.4954052811   -1.0121929568   -2.0099965664 
     63       O                 0.9985837129    0.5262966078   -2.0030733129 
     64       H                 0.8655548526    0.7254653569   -3.5326196393 
     65       O                -1.0114392471    0.5039216036   -2.0129648469 
     66       O                 0.5062329036   -1.0191253480   -2.0161386695 
     67       O                 1.0389831033   -0.4675243153   -0.9990310386 
     68       O                -0.4720523767    1.0375567925   -0.9997476313 
     69       O                 0.5188940383    1.0176064347   -1.9644016974 
     70       O                 0.5258383050    1.0293482680   -0.9827873971 
     71       O                 1.0427366816    0.5231685467   -0.9886510547 
     72       H                 1.0698493296    0.5994117501   -3.1623103685 
     73       C                 0.4875983059    1.2345073439   -3.2612412709 
     74       H                 0.4941344630    1.2401438802   -3.5342662741 
     75       C                 0.8089259163    1.0775808919   -3.1307972218 
     76       P                 0.8219535556    1.0685373487   -2.6702340147 
     77       Ba               -0.9759224222   -0.9782345848   -1.5161360912 
     78       Ba               -0.9780886854   -0.9781960504   -0.4742029931 
     79       Ba                1.0162517069   -0.9778679694   -1.5132245217 
     80       Ba               -0.9745974433    1.0197913818   -1.5151927461 
     81       Ba               -0.9781014095    1.0218229210   -0.4742480671 
     82       Ba                1.0219415600   -0.9781446557   -0.4742883464 
     83       Ba                1.0042206595    1.0169499493   -1.5087979096 
     84       Ba                1.0219213560    1.0218576020   -0.4742084602 
     85       O                -1.4649860716    0.0368627931   -0.9968457735 
     86       O                 0.0370004024   -1.4652550405   -0.9969961019 
     87       O                -1.4958823760   -0.0078543567    0.0126288852 
     88       O                -0.0077325011   -1.4959226870    0.0126196328 
     89       O                -1.4987582001   -0.0094676165   -2.0088661345 
     90       O                 1.5009343451   -0.0109244438   -2.0057761705 
     91       O                -0.0069460206   -1.5011372323   -2.0085716079 
     92       O                -0.0077681103    1.5040621640    0.0126302373 
     93       O                 1.5041044870   -0.0078027867    0.0125895471 
     94       O                -0.0181234786    1.5062407160   -2.0126621208 
     95       O                 0.6141459234    1.3846151401   -2.5330292921 
     96       Ti               -1.4561510790   -0.4562105773   -0.0180737063 
     97       Ti               -0.4561185870   -1.4562631120   -0.0180923663 
     98       O                 0.0244010853    1.5282333995   -0.9858701981 
     99       Ti               -1.4595059359   -0.4579808884   -1.9760436740 
    100       Ti               -0.4552066142   -1.4633121128   -1.9743735828 
    101       O                 1.5346397696    0.0353808795   -0.9937316755 
    102       O                -0.4772284410   -1.4792555873   -1.5015762213 
    103       Ti               -1.4561445750    0.5437569199   -0.0181160046 
    104       Ti                0.5438534976   -1.4561678360   -0.0180902847 
    105       O                -1.4792145781   -0.4796873165   -1.5025637282 
    106       O                -1.4796865810   -0.4797854163   -0.4901580709 
    107       O                -0.4796952545   -1.4797877280   -0.4901695890 
    108       Ti               -1.4584846515    0.5447612914   -1.9773760142 
    109       H                 0.4580918986    1.4894712743   -3.1708302195 
    110       Ti                0.5466590673   -1.4668450042   -1.9804774289 
    111       O                -1.4789034261    0.5179964027   -1.5038311801 
    112       O                -1.4796800250    0.5201863355   -0.4901844121 
    113       O                 0.5203915313   -1.4796771970   -0.4901805010 
    114       Ti               -0.4911345475    1.4924597299   -0.9994449823 
    115       Ti                0.4936952538    1.4918200821   -1.0076335088 
    116       O                 0.5183752006   -1.4854237174   -1.5071000796 
    117       Ti                1.4927854555   -0.4971192116   -1.0004228585 
    118       Ti                1.4950514250    0.4955450300   -0.9999832698 
    119       Ti               -1.4951686876    0.4953903167   -0.9989616925 
    120       Ti                0.4958814773   -1.4996409614   -0.9987262763 
    121       O                 1.1778025855    1.0543785765   -2.5548456531 
    122       Ti               -1.5014610058   -0.5006455627   -0.9995091583 
    123       Ti               -0.4972749721   -1.5045351512   -1.0000420240 
    124       O                 1.5189943937   -0.4790940752   -1.4999284158 
    125       O                -0.4816674120    1.5190662285   -1.5034165349 
    126       O                -0.4796972966    1.5202551540   -0.4901703337 
    127       O                 1.5203668130   -0.4797009776   -0.4901684370 
    128       Ti                1.5363797073   -0.4556186245   -1.9744164425 
    129       O                 1.5206582564    0.5132935291   -1.4979138303 
    130       O                 0.5203403660    1.5202741550   -0.4901648431 
    131       O                 1.5203966930    0.5203015945   -0.4902173388 
    132       Ti               -0.4581786569    1.5422711058   -1.9783651264 
    133       Ti               -0.4561681135    1.5437680350   -0.0182044679 
    134       Ti                1.5438256820   -0.4561936819   -0.0181979960 
    135       O                 0.5185856690    1.5260838389   -1.4634841411 
    136       Ti                0.5438367865    1.5437781810   -0.0181693634 
    137       Ti                1.5438454070    0.5437809162   -0.0181321814 
    138       Ti                1.5395147620    0.5626284911   -1.9745864776 
    139       Ti                0.5801658331    1.5332301429   -2.0838174914 
    140       C                 1.1129380452    1.2839080454   -3.2387454113 
    141       H                 1.1184734712    1.2967175813   -3.5116531023 
    142       O                -0.9581213666   -1.4677374544   -0.9962594978 
    143       O                -1.4668843173   -0.9595733557   -0.9956535935 
    144       H                 1.3440553697    1.1709484168   -3.1506034925 
    145       O                -1.4958645090    0.9921089870    0.0125973078 
    146       O                 0.9922040082   -1.4958778220    0.0126864679 
    147       O                -1.4643210221    1.0385937411   -0.9957498568 
    148       O                -1.4966886595    0.9932904846   -2.0043388427 
    149       O                 1.0368114467   -1.4679506975   -0.9953236506 
    150       O                 1.5040955000    0.9921456433    0.0126097908 
    151       O                 0.9922093624    1.5040887240    0.0126750900 
    152       O                 0.9986336917   -1.5004364195   -2.0026029954 
    153       O                -1.4958560830   -1.0078390220    0.0126413047 
    154       O                -1.0078011610   -1.4959951200    0.0125708124 
    155       O                -1.0105510725   -1.4953695409   -2.0036993888 
    156       O                 1.5297675710   -0.9587674182   -0.9949508070 
    157       O                -1.4980578129   -1.0091309686   -2.0053255940 
    158       O                -0.9599049482    1.5328338128   -0.9940865952 
    159       O                -1.0077734000    1.5040347660    0.0126230257 
    160       O                 1.5041436280   -1.0078526340    0.0126236765 
    161       O                 1.5044604506   -1.0141469369   -2.0025861016 
    162       O                -1.0146603292    1.5073176957   -2.0090231704 
    163       O                 1.0139150722    1.5128626770   -1.9756639122 
    164       O                 1.5205544066    1.0070032555   -1.9581131389 
    165       O                 1.0419270719    1.5265234951   -0.9886562676 
    166       O                 1.5332566548    1.0361317072   -0.9946716851 
    167       H                 1.1019940282    1.5387191081   -3.1433457933 
    168       Ba               -1.9780394220    0.0218421215   -0.4743139844 
    169       Ba                0.0219221786   -1.9781248560   -0.4743105227 
    170       Ba               -1.9826824734    0.0236594706   -1.5190179023 
    171       Ba                0.0349182625   -1.9945180186   -1.5277787924 
    172       O                -1.9571334532   -0.4689230500   -0.9974161603 
    173       O                -0.4673390447   -1.9584627347   -0.9986398496 
    174       Ba                2.0173175266    0.0236594706   -1.5190179023 
    175       Ba                2.0219605780    0.0218421215   -0.4743139844 
    176       O                 0.5264854645   -1.9539493769   -0.9884509010 
    177       O                -1.9536252156    0.5283914163   -0.9959598679 
    178       O                 1.9894117663   -0.4984833461   -2.0073489789 
    179       O                 1.9876044510    0.5080292693   -2.0102726656 
    180       O                 0.5147564838    1.9866522181   -2.0334475438 
    181       O                -0.4958820338    1.9921461840    0.0126353719 
    182       O                 1.9921861450   -0.4959245733    0.0126477167 
    183       O                 0.5041371125    1.9921555200    0.0126198498 
    184       O                 1.9922045320    0.5040580921    0.0126351910 
    185       Ti               -1.4561807150   -1.4562370830   -0.0181928108 
    186       O                -0.5004558551    1.9977848545   -2.0047428378 
    187       Ti               -1.4588754554   -1.4588531667   -1.9679225116 
    188       O                -2.0078138550   -0.4959245733    0.0126477167 
    189       O                -2.0077954680    0.5040580921    0.0126351910 
    190       O                -2.0105882337   -0.4984833461   -2.0073489789 
    191       O                -2.0123955490    0.5080292693   -2.0102726656 
    192       O                -1.4773636293   -1.4768578871   -1.4960988981 
    193       O                -1.4797810880   -1.4798187610   -0.4901619677 
    194       O                 2.0428665468   -0.4689230500   -0.9974161603 
    195       O                 2.0463747844    0.5283914163   -0.9959598679 
    196       Ti               -1.4939541295    1.4967333141   -0.9967954010 
    197       Ti                1.4966609072    1.4950443510   -0.9982114671 
    198       Ti                1.4935168943   -1.5014312729   -0.9981660619 
    199       O                 1.5189157245   -1.4793350483   -1.4938140710 
    200       O                -1.4761833915    1.5221080695   -1.4972327182 
    201       O                -1.4796655460    1.5202903220   -0.4901599062 
    202       O                 1.5203181070   -1.4797475230   -0.4901887506 
    203       Ti               -1.5002743370   -1.5004649728   -0.9978799424 
    204       Ti               -1.4561441630    1.5437917440   -0.0181056859 
    205       Ti                1.5438323750   -1.4562462830   -0.0182163069 
    206       Ti                1.5413942794   -1.4619800387   -1.9649343856 
    207       Ti               -1.4619899048    1.5467563829   -1.9689769343 
    208       O                 1.5203410310    1.5202996220   -0.4901983965 
    209       O                 1.5295100196    1.5280135549   -1.4892021829 
    210       Ti                1.5438334500    1.5437827500   -0.0182310306 
    211       Ti                1.5477875001    1.5415231096   -1.9635162888 
    212       Ba               -1.9780850800   -0.9781634340   -0.4742322809 
    213       Ba               -0.9781096155   -1.9781567190   -0.4742858983 
    214       Ba               -0.9747560448   -1.9805345046   -1.5105809491 
    215       Ba               -1.9812440549   -0.9759710408   -1.5127420528 
    216       Ba               -1.9742725054    1.0200708646   -1.5038606513 
    217       Ba               -1.9780514160    1.0218524330   -0.4742699287 
    218       Ba                1.0218739230   -1.9781370760   -0.4742744578 
    219       Ba                1.0087390321   -1.9914216820   -1.5153210613 
    220       Ba                2.0187559451   -0.9759710408   -1.5127420528 
    221       Ba                2.0219149200   -0.9781634340   -0.4742322809 
    222       Ba                2.0219485840    1.0218524330   -0.4742699287 
    223       Ba                2.0257274946    1.0200708646   -1.5038606513 
    224       O                -1.4673299287   -1.9582194458   -0.9947788726 
    225       O                -1.9585045415   -1.4678140755   -0.9949520595 
    226       O                -2.4653602304    0.0353808795   -0.9937316755 
    227       O                -1.9543748126    1.5302506605   -0.9918997392 
    228       O                 1.5293364733   -1.9586591398   -0.9913524285 
    229       O                -1.4958689010    1.9921364420    0.0126680713 
    230       O                 1.9921954640   -1.4959750250    0.0126350862 
    231       O                 1.9928549284   -1.4965652448   -1.9945035635 
    232       O                -2.4958955130   -0.0078027867    0.0125895471 
    233       O                 1.5040563470    1.9921483980    0.0125945053 
    234       O                 1.9921966630    1.5040724430    0.0126215579 
    235       O                -1.4991250097    1.9983897881   -2.0006271030 
    236       Ti               -2.4561743180   -0.4561936819   -0.0181979960 
    237       O                -2.4990656549   -0.0109244438   -2.0057761705 
    238       O                 1.5111999473    1.9930071016   -1.9949522365 
    239       O                 2.5012417999   -0.0094676165   -2.0088661345 
    240       O                -2.0071450716   -1.4965652448   -1.9945035635 
    241       O                -2.0078045360   -1.4959750250    0.0126350862 
    242       O                 2.5041176240   -0.0078543567    0.0126288852 
    243       O                -1.9998682716    1.5078398309   -1.9951996431 
    244       O                 2.0001317284    1.5078398309   -1.9951996431 
    245       Ti               -2.4636202927   -0.4556186245   -1.9744164425 
    246       O                -2.0078033370    1.5040724430    0.0126215579 
    247       O                 2.0414954585   -1.4678140755   -0.9949520595 
    248       Ti               -2.4561545930    0.5437809162   -0.0181321814 
    249       Ti               -2.4604852380    0.5626284911   -1.9745864776 
    250       O                -2.4796331870   -0.4797009776   -0.4901684370 
    251       O                -2.4810056063   -0.4790940752   -1.4999284158 
    252       O                -2.4793417436    0.5132935291   -1.4979138303 
    253       O                -2.4796033070    0.5203015945   -0.4902173388 
    254       O                 2.5350139284    0.0368627931   -0.9968457735 
    255       Ti                2.4985389942   -0.5006455627   -0.9995091583 
    256       Ti                2.5048313124    0.4953903167   -0.9989616925 
    257       Ti               -2.5049485750    0.4955450300   -0.9999832698 
    258       O                 2.0456251874    1.5302506605   -0.9918997392 
    259       Ti               -2.5072145445   -0.4971192116   -1.0004228585 
    260       O                 2.5203134190   -0.4797854163   -0.4901580709 
    261       O                 2.5207854219   -0.4796873165   -1.5025637282 
    262       O                 2.5203199750    0.5201863355   -0.4901844121 
    263       O                 2.5210965739    0.5179964027   -1.5038311801 
    264       Ti                2.5404940641   -0.4579808884   -1.9760436740 
    265       Ti                2.5438489210   -0.4562105773   -0.0180737063 
    266       Ti                2.5415153485    0.5447612914   -1.9773760142 
    267       Ti                2.5438554250    0.5437569199   -0.0181160046 
    268       O                -2.4702324290   -0.9587674182   -0.9949508070 
    269       O                -2.4667433452    1.0361317072   -0.9946716851 
    270       O                -2.4794455934    1.0070032555   -1.9581131389 
    271       O                -2.4959045000    0.9921456433    0.0126097908 
    272       O                -2.4958563720   -1.0078526340    0.0126236765 
    273       O                 2.5033113405    0.9932904846   -2.0043388427 
    274       O                 2.5041354910    0.9921089870    0.0125973078 
    275       O                -2.4955395494   -1.0141469369   -2.0025861016 
    276       O                 2.5019421871   -1.0091309686   -2.0053255940 
    277       O                 2.5041439170   -1.0078390220    0.0126413047 
    278       O                 2.5331156827   -0.9595733557   -0.9956535935 
    279       O                 2.5356789779    1.0385937411   -0.9957498568 
    280       Ba               -1.9780665370   -1.9781559910   -0.4743044715 
    281       Ba               -1.9784848710   -1.9781846196   -1.5039678829 
    282       Ba                2.0215151290   -1.9781846196   -1.5039678829 
    283       Ba                2.0219334630   -1.9781559910   -0.4743044715 
    284       Ti               -2.4561676250   -1.4562462830   -0.0182163069 
    285       Ti               -2.4586057206   -1.4619800387   -1.9649343856 
    286       O                -2.4796818930   -1.4797475230   -0.4901887506 
    287       O                -2.4810842755   -1.4793350483   -1.4938140710 
    288       Ti               -2.4522124999    1.5415231096   -1.9635162888 
    289       Ti               -2.4561665500    1.5437827500   -0.0182310306 
    290       H                -2.6559446303    1.1709484168   -3.1506034925 
    291       O                -2.4704899804    1.5280135549   -1.4892021829 
    292       O                -2.4796589690    1.5202996220   -0.4901983965 
    293       Ti                2.4997256630   -1.5004649728   -0.9978799424 
    294       Ti               -2.5033390928    1.4950443510   -0.9982114671 
    295       Ti                2.5060458705    1.4967333141   -0.9967954010 
    296       Ti               -2.5064831057   -1.5014312729   -0.9981660619 
    297       O                 2.5202189120   -1.4798187610   -0.4901619677 
    298       O                 2.5226363707   -1.4768578871   -1.4960988981 
    299       Ti                2.5411245446   -1.4588531667   -1.9679225116 
    300       Ti                2.5438192850   -1.4562370830   -0.0181928108 
    301       O                 2.5203344540    1.5202903220   -0.4901599062 
    302       O                 2.5238166085    1.5221080695   -1.4972327182 
    303       Ti                2.5380100952    1.5467563829   -1.9689769343 
    304       Ti                2.5438558370    1.5437917440   -0.0181056859 
    305       Ba               -2.9780864080    0.0218184145   -0.4742871470 
    306       H                -2.9301506704    0.5994117501   -3.1623103685 
    307       Ba               -2.9942878615    0.0363620541   -1.5286950550 
    308       O                -2.9610168967   -0.4675243153   -0.9990310386 
    309       O                -2.9572633184    0.5231685467   -0.9886510547 
    310       O                -2.8221974145    1.0543785765   -2.5548456531 
    311       Ba                3.0219044492    0.0218099210   -0.4742858097 
    312       Ba                3.0251681219    0.0230900957   -1.5200989609 
    313       O                 2.9885607529    0.5039216036   -2.0129648469 
    314       O                 2.9898132408   -0.4968330723   -2.0098152229 
    315       O                 2.9922247620   -0.4959548058    0.0126267195 
    316       O                 2.9922227910    0.5040271261    0.0125991717 
    317       O                -3.0008676601   -0.5035941046   -2.0078409937 
    318       O                -3.0014162871    0.5262966078   -2.0030733129 
    319       O                -3.0078306354   -0.4959019708    0.0126110341 
    320       O                -3.0077398215    0.5040382600    0.0125907157 
    321       O                 3.0413670526   -0.4688578635   -0.9985817929 
    322       O                 3.0414912952    0.5292490778   -0.9996750183 
    323       Ba               -2.9780584400   -0.9781446557   -0.4742883464 
    324       Ba               -2.9837482931   -0.9778679694   -1.5132245217 
    325       Ba               -2.9780786440    1.0218576020   -0.4742084602 
    326       O                -2.4706635267   -1.9586591398   -0.9913524285 
    327       C                -2.8870619548    1.2839080454   -3.2387454113 
    328       H                -2.8815265288    1.2967175813   -3.5116531023 
    329       Ba               -2.9957793405    1.0169499493   -1.5087979096 
    330       Ba                3.0219113146   -0.9781960504   -0.4742029931 
    331       Ba                3.0240775778   -0.9782345848   -1.5161360912 
    332       O                -2.4888000527    1.9930071016   -1.9949522365 
    333       Ba                3.0218985905    1.0218229210   -0.4742480671 
    334       Ba                3.0254025567    1.0197913818   -1.5151927461 
    335       O                -2.4959436530    1.9921483980    0.0125945053 
    336       O                 2.5041310990    1.9921364420    0.0126680713 
    337       O                 2.5008749903    1.9983897881   -2.0006271030 
    338       O                 2.5326700713   -1.9582194458   -0.9947788726 
    339       H                -3.1344451474    0.7254653569   -3.5326196393 
    340       C                -3.1542770803    0.7193189954   -3.2602674225 
    341       H                -2.8980059718    1.5387191081   -3.1433457933 
    342       O                -2.9631885533   -1.4679506975   -0.9953236506 
    343       O                -2.9580729281    1.5265234951   -0.9886562676 
    344       O                 2.9894489275   -1.4953695409   -2.0036993888 
    345       O                 2.9853396708    1.5073176957   -2.0090231704 
    346       O                 2.9921988390   -1.4959951200    0.0125708124 
    347       O                -2.9860849278    1.5128626770   -1.9756639122 
    348       O                 2.9922266000    1.5040347660    0.0126230257 
    349       P                -3.1780464444    1.0685373487   -2.6702340147 
    350       O                -3.0013663083   -1.5004364195   -2.0026029954 
    351       O                -3.0077959918   -1.4958778220    0.0126864679 
    352       O                -3.0077906376    1.5040887240    0.0126750900 
    353       C                -3.1910740837    1.0775808919   -3.1307972218 
    354       O                 3.0418786334   -1.4677374544   -0.9962594978 
    355       O                 3.0400950518    1.5328338128   -0.9940865952 
    356       H                -3.3688747298    0.5658397283   -3.1937504153 
    357       O                -3.3921534962    0.7427838503   -2.5580733377 
    358       O                -3.4729486152    0.0235575034   -0.9856083011 
    359       Ti               -3.4328872468    0.5998997208   -2.1161215111 
    360       Ti               -3.4547148104   -0.4576926143   -1.9838425781 
    361       Ti               -3.4561877687   -0.4561846591   -0.0181245158 
    362       O                -3.4871927570   -0.0175829472   -2.0306953892 
    363       O                -3.4958507952   -0.0077978347    0.0125552850 
    364       Ti               -3.4561220445    0.5437143785   -0.0182310321 
    365       O                 3.5041072204   -0.0078238720    0.0125774613 
    366       O                 3.5085046680   -0.0090721942   -2.0127129429 
    367       O                -3.4797269122   -0.4797434303   -0.4901955726 
    368       O                -3.4821036928   -0.4786332591   -1.5110851469 
    369       O                -3.4796214862    0.5202556386   -0.4902156894 
    370       O                -3.4820258277    0.5168843412   -1.4576107676 
    371       O                 3.5302638662    0.0364750909   -1.0010566582 
    372       Ti                3.5002736015   -0.5014314384   -1.0003876093 
    373       Ti               -3.5070867536   -0.4879942681   -0.9992515930 
    374       Ti               -3.5083497380    0.5008364322   -1.0074640886 
    375       Ti                3.5100160826    0.4933380409   -0.9991425281 
    376       O                 3.5202874707   -0.4797934364   -0.4901492064 
    377       O                 3.5209902789   -0.4804606641   -1.5068482908 
    378       O                 3.5203282233    0.5202154800   -0.4901873000 
    379       O                 3.5236065302    0.5182084035   -1.5128397891 
    380       Ti                3.5438102265   -0.4562058045   -0.0181705164 
    381       Ti                3.5452077520   -0.4581569933   -1.9784610490 
    382       Ba               -2.9781260770   -1.9781370760   -0.4742744578 
    383       Ti                3.5438605506    0.5437497504   -0.0180926708 
    384       Ti                3.5494705039    0.5474359323   -1.9833740630 
    385       Ba               -2.9912609679   -1.9914216820   -1.5153210613 
    386       O                -3.4699580616   -0.9565670457   -0.9993593610 
    387       Ba                3.0218903845   -1.9781567190   -0.4742858983 
    388       Ba                3.0252439552   -1.9805345046   -1.5105809491 
    389       O                -3.4741616950    1.0293482680   -0.9827873971 
    390       O                -3.4811059617    1.0176064347   -1.9644016974 
    391       O                -3.4957982174    0.9921089299    0.0126226176 
    392       O                 3.4987033075    0.9959901383   -2.0108629605 
    393       O                -3.4958894454   -1.0077960360    0.0126134930 
    394       O                -3.4937670964   -1.0191253480   -2.0161386695 
    395       O                 3.5041081964    0.9921187873    0.0126296975 
    396       O                 3.5041061539   -1.0079098840    0.0126497645 
    397       O                 3.5045947189   -1.0121929568   -2.0099965664 
    398       O                -3.3858540766    1.3846151401   -2.5330292921 
    399       O                 3.5320079246   -0.9581648096   -0.9982647583 
    400       O                 3.5279476233    1.0375567925   -0.9997476313 
    401       H                -3.5058655370    1.2401438802   -3.5342662741 
    402       C                -3.5124016941    1.2345073439   -3.2612412709 
    403       Ti               -3.4198341669    1.5332301429   -2.0838174914 
    404       Ti               -3.4561465024   -1.4561678360   -0.0180902847 
    405       Ti               -3.4533409327   -1.4668450042   -1.9804774289 
    406       O                -3.4796084687   -1.4796771970   -0.4901805010 
    407       Ti               -3.4561632135    1.5437781810   -0.0181693634 
    408       O                -3.4816247994   -1.4854237174   -1.5071000796 
    409       O                -3.4796596340    1.5202741550   -0.4901648431 
    410       O                -3.4814143310    1.5260838389   -1.4634841411 
    411       Ti               -3.5063047462    1.4918200821   -1.0076335088 
    412       Ti               -3.5041185227   -1.4996409614   -0.9987262763 
    413       Ti                3.5027250279   -1.5045351512   -1.0000420240 
    414       Ti                3.5088654525    1.4924597299   -0.9994449823 
    415       O                 3.5203047455   -1.4797877280   -0.4901695890 
    416       O                 3.5227715590   -1.4792555873   -1.5015762213 
    417       Ti                3.5438814130   -1.4562631120   -0.0180923663 
    418       O                 3.5183325880    1.5190662285   -1.5034165349 
    419       O                 3.5203027034    1.5202551540   -0.4901703337 
    420       Ti                3.5447933858   -1.4633121128   -1.9743735828 
    421       H                -3.5419081014    1.4894712743   -3.1708302195 
    422       Ti                3.5418213431    1.5422711058   -1.9783651264 
    423       Ti                3.5438318865    1.5437680350   -0.0182044679 
    424       H                -3.7315527730    1.0916026525   -3.1858129635 
    425       Ba               -3.9644184866    0.0342869750   -1.5359176759 
    426       Ba               -3.9781093203    0.0218411252   -0.4742883436 
    427       O                -3.4735145355   -1.9539493769   -0.9884509010 
    428       O                -3.9648456077   -0.4681683587   -1.0004181720 
    429       O                -3.4852435162    1.9866522181   -2.0334475438 
    430       O                -3.9799947020    0.5265278024   -0.9879057583 
    431       O                 3.9922054440   -0.4958820525    0.0126477278 
    432       O                -3.4958628875    1.9921555200    0.0126198498 
    433       O                 3.9922351483    0.5040780148    0.0126164273 
    434       O                 3.9932833066   -0.5002496743   -2.0118090156 
    435       O                 3.4995441449    1.9977848545   -2.0047428378 
    436       O                 3.9971368371    0.5194379147   -2.0240316941 
    437       O                 3.5041179662    1.9921461840    0.0126353719 
    438       O                 3.5326609553   -1.9584627347   -0.9986398496 
    439       Ba               -3.9745739548   -0.9794508580   -1.5185287691 
    440       Ba               -3.9669348230    1.0201887578   -1.5235850977 
    441       Ba               -3.9781177232   -0.9781417256   -0.4742421684 
    442       Ba               -3.9780976443    1.0218197410   -0.4742031468 
    443       O                -3.9629995976   -1.4652550405   -0.9969961019 
    444       O                 3.9818765214    1.5062407160   -2.0126621208 
    445       O                -3.9755989147    1.5282333995   -0.9858701981 
    446       O                 3.9922674989   -1.4959226870    0.0126196328 
    447       O                 3.9930539794   -1.5011372323   -2.0085716079 
    448       O                 3.9922318897    1.5040621640    0.0126302373 
    449       Ba               -3.9650817375   -1.9945180186   -1.5277787924 
    450       Ba               -3.9780778214   -1.9781248560   -0.4743105227 
