primitive lattice vectors  2  2  1
  8.00000000  0.00000000  0.00000000
  0.00000000  8.00000000  0.00000000
  0.00000000  0.00000000100.00000000
number of atoms in unit cell
900
atom, type, position vector
      1       Ba                0.0218906797    0.0218411252   -0.4742883436 
      2       Ba                0.0355815134    0.0342869750   -1.5359176759 
      3       O                 0.0351543923   -0.4681683587   -1.0004181720 
      4       O                -0.4697361338    0.0364750909   -1.0010566582 
      5       O                -0.4914953320   -0.0090721942   -2.0127129429 
      6       O                -0.0077945560   -0.4958820525    0.0126477278 
      7       O                -0.4958927796   -0.0078238720    0.0125774613 
      8       O                -0.0067166934   -0.5002496743   -2.0118090156 
      9       O                -0.0077648517    0.5040780148    0.0126164273 
     10       O                 0.5041492048   -0.0077978347    0.0125552850 
     11       O                 0.5128072430   -0.0175829472   -2.0306953892 
     12       O                -0.0028631629    0.5194379147   -2.0240316941 
     13       O                 0.0200052980    0.5265278024   -0.9879057583 
     14       O                 0.5270513848    0.0235575034   -0.9856083011 
     15       Ti               -0.4561897735   -0.4562058045   -0.0181705164 
     16       Ti               -0.4547922480   -0.4581569933   -1.9784610490 
     17       O                -0.4790097211   -0.4804606641   -1.5068482908 
     18       O                -0.4797125293   -0.4797934364   -0.4901492064 
     19       Ti                0.4929132464   -0.4879942681   -0.9992515930 
     20       Ti               -0.4899839174    0.4933380409   -0.9991425281 
     21       Ti                0.4916502620    0.5008364322   -1.0074640886 
     22       O                -0.4763934698    0.5182084035   -1.5128397891 
     23       O                 0.5178963072   -0.4786332591   -1.5110851469 
     24       O                -0.4796717767    0.5202154800   -0.4901873000 
     25       O                 0.5202730878   -0.4797434303   -0.4901955726 
     26       Ti               -0.4997263985   -0.5014314384   -1.0003876093 
     27       Ti               -0.4505294961    0.5474359323   -1.9833740630 
     28       Ti               -0.4561394494    0.5437497504   -0.0180926708 
     29       Ti                0.5438122313   -0.4561846591   -0.0181245158 
     30       Ti                0.5452851896   -0.4576926143   -1.9838425781 
     31       O                 0.5179741723    0.5168843412   -1.4576107676 
     32       O                 0.5203785138    0.5202556386   -0.4902156894 
     33       Ti                0.5438779555    0.5437143785   -0.0182310321 
     34       Ti                0.5671127532    0.5998997208   -2.1161215111 
     35       H                 0.6311252702    0.5658397283   -3.1937504153 
     36       O                 0.6078465038    0.7427838503   -2.5580733377 
     37       Ba               -0.9748318781    0.0230900957   -1.5200989609 
     38       Ba               -0.9780955508    0.0218099210   -0.4742858097 
     39       Ba                0.0218822768   -0.9781417256   -0.4742421684 
     40       Ba                0.0254260452   -0.9794508580   -1.5185287691 
     41       Ba                1.0057121385    0.0363620541   -1.5286950550 
     42       Ba                0.0330651770    1.0201887578   -1.5235850977 
     43       Ba                0.0219023557    1.0218197410   -0.4742031468 
     44       Ba                1.0219135920    0.0218184145   -0.4742871470 
     45       O                -0.4679920754   -0.9581648096   -0.9982647583 
     46       O                -0.9586329474   -0.4688578635   -0.9985817929 
     47       O                 0.5300419384   -0.9565670457   -0.9993593610 
     48       O                -0.9585087048    0.5292490778   -0.9996750183 
     49       O                -0.4958918036    0.9921187873    0.0126296975 
     50       O                 0.9921693646   -0.4959019708    0.0126110341 
     51       C                 0.8457229197    0.7193189954   -3.2602674225 
     52       O                 0.5042017826    0.9921089299    0.0126226176 
     53       O                 0.9922601785    0.5040382600    0.0125907157 
     54       O                -0.5012966925    0.9959901383   -2.0108629605 
     55       O                 0.9991323399   -0.5035941046   -2.0078409937 
     56       O                -1.0077752380   -0.4959548058    0.0126267195 
     57       O                -0.4958938461   -1.0079098840    0.0126497645 
     58       H                 0.2684472270    1.0916026525   -3.1858129635 
     59       O                -1.0101867592   -0.4968330723   -2.0098152229 
     60       O                -1.0077772090    0.5040271261    0.0125991717 
     61       O                 0.5041105546   -1.0077960360    0.0126134930 
     62       O                -0.4954052811   -1.0121929568   -2.0099965664 
     63       O                 0.9985837129    0.5262966078   -2.0030733129 
     64       H                 0.8655548526    0.7254653569   -3.5326196393 
     65       O                -1.0114392471    0.5039216036   -2.0129648469 
     66       O                 0.5062329036   -1.0191253480   -2.0161386695 
     67       O                 1.0389831033   -0.4675243153   -0.9990310386 
     68       O                -0.4720523767    1.0375567925   -0.9997476313 
     69       O                 0.5188940383    1.0176064347   -1.9644016974 
     70       O                 0.5258383050    1.0293482680   -0.9827873971 
     71       O                 1.0427366816    0.5231685467   -0.9886510547 
     72       H                 1.0698493296    0.5994117501   -3.1623103685 
     73       C                 0.4875983059    1.2345073439   -3.2612412709 
     74       H                 0.4941344630    1.2401438802   -3.5342662741 
     75       C                 0.8089259163    1.0775808919   -3.1307972218 
     76       P                 0.8219535556    1.0685373487   -2.6702340147 
     77       Ba               -0.9759224222   -0.9782345848   -1.5161360912 
     78       Ba               -0.9780886854   -0.9781960504   -0.4742029931 
     79       Ba                1.0162517069   -0.9778679694   -1.5132245217 
     80       Ba               -0.9745974433    1.0197913818   -1.5151927461 
     81       Ba               -0.9781014095    1.0218229210   -0.4742480671 
     82       Ba                1.0219415600   -0.9781446557   -0.4742883464 
     83       Ba                1.0042206595    1.0169499493   -1.5087979096 
     84       Ba                1.0219213560    1.0218576020   -0.4742084602 
     85       O                -1.4649860716    0.0368627931   -0.9968457735 
     86       O                 0.0370004024   -1.4652550405   -0.9969961019 
     87       O                -1.4958823760   -0.0078543567    0.0126288852 
     88       O                -0.0077325011   -1.4959226870    0.0126196328 
     89       O                -1.4987582001   -0.0094676165   -2.0088661345 
     90       O                 1.5009343451   -0.0109244438   -2.0057761705 
     91       O                -0.0069460206   -1.5011372323   -2.0085716079 
     92       O                -0.0077681103    1.5040621640    0.0126302373 
     93       O                 1.5041044870   -0.0078027867    0.0125895471 
     94       O                -0.0181234786    1.5062407160   -2.0126621208 
     95       O                 0.6141459234    1.3846151401   -2.5330292921 
     96       Ti               -1.4561510790   -0.4562105773   -0.0180737063 
     97       Ti               -0.4561185870   -1.4562631120   -0.0180923663 
     98       O                 0.0244010853    1.5282333995   -0.9858701981 
     99       Ti               -1.4595059359   -0.4579808884   -1.9760436740 
    100       Ti               -0.4552066142   -1.4633121128   -1.9743735828 
    101       O                 1.5346397696    0.0353808795   -0.9937316755 
    102       O                -0.4772284410   -1.4792555873   -1.5015762213 
    103       Ti               -1.4561445750    0.5437569199   -0.0181160046 
    104       Ti                0.5438534976   -1.4561678360   -0.0180902847 
    105       O                -1.4792145781   -0.4796873165   -1.5025637282 
    106       O                -1.4796865810   -0.4797854163   -0.4901580709 
    107       O                -0.4796952545   -1.4797877280   -0.4901695890 
    108       Ti               -1.4584846515    0.5447612914   -1.9773760142 
    109       H                 0.4580918986    1.4894712743   -3.1708302195 
    110       Ti                0.5466590673   -1.4668450042   -1.9804774289 
    111       O                -1.4789034261    0.5179964027   -1.5038311801 
    112       O                -1.4796800250    0.5201863355   -0.4901844121 
    113       O                 0.5203915313   -1.4796771970   -0.4901805010 
    114       Ti               -0.4911345475    1.4924597299   -0.9994449823 
    115       Ti                0.4936952538    1.4918200821   -1.0076335088 
    116       O                 0.5183752006   -1.4854237174   -1.5071000796 
    117       Ti                1.4927854555   -0.4971192116   -1.0004228585 
    118       Ti                1.4950514250    0.4955450300   -0.9999832698 
    119       Ti               -1.4951686876    0.4953903167   -0.9989616925 
    120       Ti                0.4958814773   -1.4996409614   -0.9987262763 
    121       O                 1.1778025855    1.0543785765   -2.5548456531 
    122       Ti               -1.5014610058   -0.5006455627   -0.9995091583 
    123       Ti               -0.4972749721   -1.5045351512   -1.0000420240 
    124       O                 1.5189943937   -0.4790940752   -1.4999284158 
    125       O                -0.4816674120    1.5190662285   -1.5034165349 
    126       O                -0.4796972966    1.5202551540   -0.4901703337 
    127       O                 1.5203668130   -0.4797009776   -0.4901684370 
    128       Ti                1.5363797073   -0.4556186245   -1.9744164425 
    129       O                 1.5206582564    0.5132935291   -1.4979138303 
    130       O                 0.5203403660    1.5202741550   -0.4901648431 
    131       O                 1.5203966930    0.5203015945   -0.4902173388 
    132       Ti               -0.4581786569    1.5422711058   -1.9783651264 
    133       Ti               -0.4561681135    1.5437680350   -0.0182044679 
    134       Ti                1.5438256820   -0.4561936819   -0.0181979960 
    135       O                 0.5185856690    1.5260838389   -1.4634841411 
    136       Ti                0.5438367865    1.5437781810   -0.0181693634 
    137       Ti                1.5438454070    0.5437809162   -0.0181321814 
    138       Ti                1.5395147620    0.5626284911   -1.9745864776 
    139       Ti                0.5801658331    1.5332301429   -2.0838174914 
    140       C                 1.1129380452    1.2839080454   -3.2387454113 
    141       H                 1.1184734712    1.2967175813   -3.5116531023 
    142       O                -0.9581213666   -1.4677374544   -0.9962594978 
    143       O                -1.4668843173   -0.9595733557   -0.9956535935 
    144       H                 1.3440553697    1.1709484168   -3.1506034925 
    145       O                -1.4958645090    0.9921089870    0.0125973078 
    146       O                 0.9922040082   -1.4958778220    0.0126864679 
    147       O                -1.4643210221    1.0385937411   -0.9957498568 
    148       O                -1.4966886595    0.9932904846   -2.0043388427 
    149       O                 1.0368114467   -1.4679506975   -0.9953236506 
    150       O                 1.5040955000    0.9921456433    0.0126097908 
    151       O                 0.9922093624    1.5040887240    0.0126750900 
    152       O                 0.9986336917   -1.5004364195   -2.0026029954 
    153       O                -1.4958560830   -1.0078390220    0.0126413047 
    154       O                -1.0078011610   -1.4959951200    0.0125708124 
    155       O                -1.0105510725   -1.4953695409   -2.0036993888 
    156       O                 1.5297675710   -0.9587674182   -0.9949508070 
    157       O                -1.4980578129   -1.0091309686   -2.0053255940 
    158       O                -0.9599049482    1.5328338128   -0.9940865952 
    159       O                -1.0077734000    1.5040347660    0.0126230257 
    160       O                 1.5041436280   -1.0078526340    0.0126236765 
    161       O                 1.5044604506   -1.0141469369   -2.0025861016 
    162       O                -1.0146603292    1.5073176957   -2.0090231704 
    163       O                 1.0139150722    1.5128626770   -1.9756639122 
    164       O                 1.5205544066    1.0070032555   -1.9581131389 
    165       O                 1.0419270719    1.5265234951   -0.9886562676 
    166       O                 1.5332566548    1.0361317072   -0.9946716851 
    167       H                 1.1019940282    1.5387191081   -3.1433457933 
    168       Ba               -1.9780394220    0.0218421215   -0.4743139844 
    169       Ba                0.0219221786   -1.9781248560   -0.4743105227 
    170       Ba               -1.9826824734    0.0236594706   -1.5190179023 
    171       Ba                0.0349182625   -1.9945180186   -1.5277787924 
    172       Ba                0.0349182625    2.0054819814   -1.5277787924 
    173       O                -1.9571334532   -0.4689230500   -0.9974161603 
    174       O                -0.4673390447   -1.9584627347   -0.9986398496 
    175       Ba                2.0173175266    0.0236594706   -1.5190179023 
    176       Ba                0.0219221786    2.0218751440   -0.4743105227 
    177       Ba                2.0219605780    0.0218421215   -0.4743139844 
    178       O                 0.5264854645   -1.9539493769   -0.9884509010 
    179       O                -1.9536252156    0.5283914163   -0.9959598679 
    180       O                 1.9894117663   -0.4984833461   -2.0073489789 
    181       O                 1.9876044510    0.5080292693   -2.0102726656 
    182       O                 0.5147564838    1.9866522181   -2.0334475438 
    183       O                -0.4958820338    1.9921461840    0.0126353719 
    184       O                 1.9921861450   -0.4959245733    0.0126477167 
    185       O                 0.5041371125    1.9921555200    0.0126198498 
    186       O                 1.9922045320    0.5040580921    0.0126351910 
    187       Ti               -1.4561807150   -1.4562370830   -0.0181928108 
    188       O                -0.5004558551    1.9977848545   -2.0047428378 
    189       Ti               -1.4588754554   -1.4588531667   -1.9679225116 
    190       O                -0.5004558551   -2.0022151455   -2.0047428378 
    191       O                -2.0078138550   -0.4959245733    0.0126477167 
    192       O                -0.4958820338   -2.0078538160    0.0126353719 
    193       O                -2.0077954680    0.5040580921    0.0126351910 
    194       O                 0.5041371125   -2.0078444800    0.0126198498 
    195       O                -2.0105882337   -0.4984833461   -2.0073489789 
    196       O                -2.0123955490    0.5080292693   -2.0102726656 
    197       O                 0.5147564838   -2.0133477819   -2.0334475438 
    198       O                -1.4773636293   -1.4768578871   -1.4960988981 
    199       O                -1.4797810880   -1.4798187610   -0.4901619677 
    200       O                -0.4673390447    2.0415372653   -0.9986398496 
    201       O                 2.0428665468   -0.4689230500   -0.9974161603 
    202       O                 0.5264854645    2.0460506231   -0.9884509010 
    203       O                 2.0463747844    0.5283914163   -0.9959598679 
    204       Ti               -1.4939541295    1.4967333141   -0.9967954010 
    205       Ti                1.4966609072    1.4950443510   -0.9982114671 
    206       Ti                1.4935168943   -1.5014312729   -0.9981660619 
    207       O                 1.5189157245   -1.4793350483   -1.4938140710 
    208       O                -1.4761833915    1.5221080695   -1.4972327182 
    209       O                -1.4796655460    1.5202903220   -0.4901599062 
    210       O                 1.5203181070   -1.4797475230   -0.4901887506 
    211       Ti               -1.5002743370   -1.5004649728   -0.9978799424 
    212       Ti               -1.4561441630    1.5437917440   -0.0181056859 
    213       Ti                1.5438323750   -1.4562462830   -0.0182163069 
    214       Ti                1.5413942794   -1.4619800387   -1.9649343856 
    215       Ti               -1.4619899048    1.5467563829   -1.9689769343 
    216       O                 1.5203410310    1.5202996220   -0.4901983965 
    217       O                 1.5295100196    1.5280135549   -1.4892021829 
    218       Ti                1.5438334500    1.5437827500   -0.0182310306 
    219       Ti                1.5477875001    1.5415231096   -1.9635162888 
    220       Ba               -1.9780850800   -0.9781634340   -0.4742322809 
    221       Ba               -0.9781096155   -1.9781567190   -0.4742858983 
    222       Ba               -0.9747560448   -1.9805345046   -1.5105809491 
    223       Ba               -1.9812440549   -0.9759710408   -1.5127420528 
    224       Ba               -1.9742725054    1.0200708646   -1.5038606513 
    225       Ba               -1.9780514160    1.0218524330   -0.4742699287 
    226       Ba                1.0218739230   -1.9781370760   -0.4742744578 
    227       Ba                1.0087390321   -1.9914216820   -1.5153210613 
    228       Ba                2.0187559451   -0.9759710408   -1.5127420528 
    229       Ba               -0.9747560448    2.0194654954   -1.5105809491 
    230       Ba               -0.9781096155    2.0218432810   -0.4742858983 
    231       Ba                2.0219149200   -0.9781634340   -0.4742322809 
    232       Ba                1.0087390321    2.0085783180   -1.5153210613 
    233       Ba                1.0218739230    2.0218629240   -0.4742744578 
    234       Ba                2.0219485840    1.0218524330   -0.4742699287 
    235       Ba                2.0257274946    1.0200708646   -1.5038606513 
    236       O                -1.4673299287   -1.9582194458   -0.9947788726 
    237       O                -1.9585045415   -1.4678140755   -0.9949520595 
    238       O                -2.4653602304    0.0353808795   -0.9937316755 
    239       O                 0.0244010853   -2.4717666005   -0.9858701981 
    240       O                -1.9543748126    1.5302506605   -0.9918997392 
    241       O                 1.5293364733   -1.9586591398   -0.9913524285 
    242       O                -1.4958689010    1.9921364420    0.0126680713 
    243       O                 1.9921954640   -1.4959750250    0.0126350862 
    244       O                 1.9928549284   -1.4965652448   -1.9945035635 
    245       O                -0.0181234786   -2.4937592840   -2.0126621208 
    246       O                -2.4958955130   -0.0078027867    0.0125895471 
    247       O                -0.0077681103   -2.4959378360    0.0126302373 
    248       O                 1.5040563470    1.9921483980    0.0125945053 
    249       O                 1.9921966630    1.5040724430    0.0126215579 
    250       O                -1.4991250097    1.9983897881   -2.0006271030 
    251       Ti               -2.4561743180   -0.4561936819   -0.0181979960 
    252       Ti               -0.4561681135   -2.4562319650   -0.0182044679 
    253       O                -0.0069460206    2.4988627677   -2.0085716079 
    254       O                -2.4990656549   -0.0109244438   -2.0057761705 
    255       Ti               -0.4581786569   -2.4577288942   -1.9783651264 
    256       O                -1.4991250097   -2.0016102119   -2.0006271030 
    257       O                 1.5111999473    1.9930071016   -1.9949522365 
    258       O                 2.5012417999   -0.0094676165   -2.0088661345 
    259       O                -2.0071450716   -1.4965652448   -1.9945035635 
    260       O                -1.4958689010   -2.0078635580    0.0126680713 
    261       O                -2.0078045360   -1.4959750250    0.0126350862 
    262       O                -0.0077325011    2.5040773130    0.0126196328 
    263       O                 2.5041176240   -0.0078543567    0.0126288852 
    264       O                -1.9998682716    1.5078398309   -1.9951996431 
    265       O                 2.0001317284    1.5078398309   -1.9951996431 
    266       Ti               -2.4636202927   -0.4556186245   -1.9744164425 
    267       O                -2.0078033370    1.5040724430    0.0126215579 
    268       O                 1.5040563470   -2.0078516020    0.0125945053 
    269       O                 1.5111999473   -2.0069928984   -1.9949522365 
    270       O                -1.4673299287    2.0417805542   -0.9947788726 
    271       O                 2.0414954585   -1.4678140755   -0.9949520595 
    272       Ti               -2.4561545930    0.5437809162   -0.0181321814 
    273       Ti                0.5438367865   -2.4562218190   -0.0181693634 
    274       Ti               -2.4604852380    0.5626284911   -1.9745864776 
    275       O                -2.4796331870   -0.4797009776   -0.4901684370 
    276       O                -0.4796972966   -2.4797448460   -0.4901703337 
    277       O                -2.4810056063   -0.4790940752   -1.4999284158 
    278       O                -0.4816674120   -2.4809337715   -1.5034165349 
    279       O                 0.5185856690   -2.4739161611   -1.4634841411 
    280       O                -2.4793417436    0.5132935291   -1.4979138303 
    281       O                -2.4796033070    0.5203015945   -0.4902173388 
    282       O                 0.5203403660   -2.4797258450   -0.4901648431 
    283       Ti                0.5801658331   -2.4667698571   -2.0838174914 
    284       O                 0.0370004024    2.5347449595   -0.9969961019 
    285       O                 2.5350139284    0.0368627931   -0.9968457735 
    286       Ti               -0.4972749721    2.4954648488   -1.0000420240 
    287       Ti                2.4985389942   -0.5006455627   -0.9995091583 
    288       Ti                0.4958814773    2.5003590386   -0.9987262763 
    289       O                 1.5293364733    2.0413408602   -0.9913524285 
    290       H                 0.4580918986   -2.5105287257   -3.1708302195 
    291       Ti                2.5048313124    0.4953903167   -0.9989616925 
    292       Ti               -2.5049485750    0.4955450300   -0.9999832698 
    293       O                 2.0456251874    1.5302506605   -0.9918997392 
    294       Ti               -0.4911345475   -2.5075402701   -0.9994449823 
    295       Ti               -2.5072145445   -0.4971192116   -1.0004228585 
    296       Ti                0.4936952538   -2.5081799179   -1.0076335088 
    297       O                -0.4796952545    2.5202122720   -0.4901695890 
    298       O                -0.4772284410    2.5207444127   -1.5015762213 
    299       O                 2.5203134190   -0.4797854163   -0.4901580709 
    300       O                 2.5207854219   -0.4796873165   -1.5025637282 
    301       O                 0.5183752006    2.5145762826   -1.5071000796 
    302       O                 2.5203199750    0.5201863355   -0.4901844121 
    303       O                 0.5203915313    2.5203228030   -0.4901805010 
    304       O                 2.5210965739    0.5179964027   -1.5038311801 
    305       Ti               -0.4552066142    2.5366878872   -1.9743735828 
    306       Ti                2.5404940641   -0.4579808884   -1.9760436740 
    307       Ti               -0.4561185870    2.5437368880   -0.0180923663 
    308       Ti                2.5438489210   -0.4562105773   -0.0180737063 
    309       Ti                0.5466590673    2.5331549958   -1.9804774289 
    310       Ti                2.5415153485    0.5447612914   -1.9773760142 
    311       Ti                2.5438554250    0.5437569199   -0.0181160046 
    312       Ti                0.5438534976    2.5438321640   -0.0180902847 
    313       O                -0.9599049482   -2.4671661872   -0.9940865952 
    314       O                -2.4702324290   -0.9587674182   -0.9949508070 
    315       O                -2.4667433452    1.0361317072   -0.9946716851 
    316       O                -2.4794455934    1.0070032555   -1.9581131389 
    317       O                 1.0419270719   -2.4734765049   -0.9886562676 
    318       O                 1.0139150722   -2.4871373230   -1.9756639122 
    319       O                -2.4959045000    0.9921456433    0.0126097908 
    320       O                 0.9922093624   -2.4959112760    0.0126750900 
    321       O                 0.6141459234   -2.6153848599   -2.5330292921 
    322       O                -1.0146603292   -2.4926823043   -2.0090231704 
    323       O                 0.9986336917    2.4995635805   -2.0026029954 
    324       O                -2.4958563720   -1.0078526340    0.0126236765 
    325       O                -1.0077734000   -2.4959652340    0.0126230257 
    326       O                 2.5033113405    0.9932904846   -2.0043388427 
    327       O                 2.5041354910    0.9921089870    0.0125973078 
    328       O                 0.9922040082    2.5041221780    0.0126864679 
    329       O                -2.4955395494   -1.0141469369   -2.0025861016 
    330       H                 1.1019940282   -2.4612808919   -3.1433457933 
    331       O                 2.5019421871   -1.0091309686   -2.0053255940 
    332       O                -1.0078011610    2.5040048800    0.0125708124 
    333       O                 2.5041439170   -1.0078390220    0.0126413047 
    334       O                -1.0105510725    2.5046304591   -2.0036993888 
    335       O                -0.9581213666    2.5322625456   -0.9962594978 
    336       O                 2.5331156827   -0.9595733557   -0.9956535935 
    337       O                 1.0368114467    2.5320493025   -0.9953236506 
    338       O                 2.5356789779    1.0385937411   -0.9957498568 
    339       Ba               -1.9780665370   -1.9781559910   -0.4743044715 
    340       Ba               -1.9784848710   -1.9781846196   -1.5039678829 
    341       H                 0.4941344630   -2.7598561198   -3.5342662741 
    342       C                 0.4875983059   -2.7654926561   -3.2612412709 
    343       Ba                2.0215151290   -1.9781846196   -1.5039678829 
    344       Ba               -1.9780665370    2.0218440090   -0.4743044715 
    345       Ba                2.0219334630   -1.9781559910   -0.4743044715 
    346       Ba               -1.9784848710    2.0218153804   -1.5039678829 
    347       Ti               -1.4561441630   -2.4562082560   -0.0181056859 
    348       Ti               -2.4561676250   -1.4562462830   -0.0182163069 
    349       Ti               -1.4619899048   -2.4532436171   -1.9689769343 
    350       Ba                2.0215151290    2.0218153804   -1.5039678829 
    351       Ba                2.0219334630    2.0218440090   -0.4743044715 
    352       Ti               -2.4586057206   -1.4619800387   -1.9649343856 
    353       O                -1.4761833915   -2.4778919305   -1.4972327182 
    354       O                -1.4796655460   -2.4797096780   -0.4901599062 
    355       O                -2.4796818930   -1.4797475230   -0.4901887506 
    356       O                -2.4810842755   -1.4793350483   -1.4938140710 
    357       Ti               -2.4522124999    1.5415231096   -1.9635162888 
    358       Ti               -2.4561665500    1.5437827500   -0.0182310306 
    359       Ti                1.5438334500   -2.4562172500   -0.0182310306 
    360       H                -2.6559446303    1.1709484168   -3.1506034925 
    361       O                -2.4704899804    1.5280135549   -1.4892021829 
    362       Ti                1.5477875001   -2.4584768904   -1.9635162888 
    363       O                 1.5295100196   -2.4719864451   -1.4892021829 
    364       O                -2.4796589690    1.5202996220   -0.4901983965 
    365       O                 1.5203410310   -2.4797003780   -0.4901983965 
    366       Ti                1.4935168943    2.4985687271   -0.9981660619 
    367       Ti               -1.5002743370    2.4995350272   -0.9978799424 
    368       Ti               -1.4939541295   -2.5032666859   -0.9967954010 
    369       Ti                2.4997256630   -1.5004649728   -0.9978799424 
    370       Ti               -2.5033390928    1.4950443510   -0.9982114671 
    371       Ti                1.4966609072   -2.5049556490   -0.9982114671 
    372       Ti                2.5060458705    1.4967333141   -0.9967954010 
    373       H                 0.2684472270   -2.9083973475   -3.1858129635 
    374       Ti               -2.5064831057   -1.5014312729   -0.9981660619 
    375       O                -1.4797810880    2.5201812390   -0.4901619677 
    376       O                 2.5202189120   -1.4798187610   -0.4901619677 
    377       O                 2.5226363707   -1.4768578871   -1.4960988981 
    378       O                -1.4773636293    2.5231421129   -1.4960988981 
    379       H                 1.1184734712   -2.7032824187   -3.5116531023 
    380       Ti                2.5411245446   -1.4588531667   -1.9679225116 
    381       Ti               -1.4588754554    2.5411468333   -1.9679225116 
    382       Ti               -1.4561807150    2.5437629170   -0.0181928108 
    383       Ti                2.5438192850   -1.4562370830   -0.0181928108 
    384       C                 1.1129380452   -2.7160919546   -3.2387454113 
    385       O                 1.5189157245    2.5206649517   -1.4938140710 
    386       O                 1.5203181070    2.5202524770   -0.4901887506 
    387       O                 2.5203344540    1.5202903220   -0.4901599062 
    388       O                 2.5238166085    1.5221080695   -1.4972327182 
    389       Ti                1.5413942794    2.5380199613   -1.9649343856 
    390       Ti                2.5380100952    1.5467563829   -1.9689769343 
    391       Ti                1.5438323750    2.5437537170   -0.0182163069 
    392       Ti                2.5438558370    1.5437917440   -0.0181056859 
    393       Ba               -2.9780864080    0.0218184145   -0.4742871470 
    394       Ba                0.0219023557   -2.9781802590   -0.4742031468 
    395       Ba                0.0330651770   -2.9798112422   -1.5235850977 
    396       H                -2.9301506704    0.5994117501   -3.1623103685 
    397       Ba               -2.9942878615    0.0363620541   -1.5286950550 
    398       O                -2.9610168967   -0.4675243153   -0.9990310386 
    399       O                -0.4720523767   -2.9624432075   -0.9997476313 
    400       O                -2.9572633184    0.5231685467   -0.9886510547 
    401       O                -2.8221974145    1.0543785765   -2.5548456531 
    402       O                 0.5258383050   -2.9706517320   -0.9827873971 
    403       Ba                0.0254260452    3.0205491420   -1.5185287691 
    404       Ba                0.0218822768    3.0218582744   -0.4742421684 
    405       Ba                3.0219044492    0.0218099210   -0.4742858097 
    406       O                 0.5062329036    2.9808746520   -2.0161386695 
    407       Ba                3.0251681219    0.0230900957   -1.5200989609 
    408       O                 0.5188940383   -2.9823935653   -1.9644016974 
    409       O                -0.4954052811    2.9878070432   -2.0099965664 
    410       O                 2.9885607529    0.5039216036   -2.0129648469 
    411       O                 2.9898132408   -0.4968330723   -2.0098152229 
    412       C                 0.8089259163   -2.9224191081   -3.1307972218 
    413       O                -0.4958938461    2.9920901160    0.0126497645 
    414       O                 2.9922247620   -0.4959548058    0.0126267195 
    415       O                 2.9922227910    0.5040271261    0.0125991717 
    416       O                 0.5041105546    2.9922039640    0.0126134930 
    417       O                -3.0008676601   -0.5035941046   -2.0078409937 
    418       P                 0.8219535556   -2.9314626513   -2.6702340147 
    419       O                -0.5012966925   -3.0040098617   -2.0108629605 
    420       O                -3.0014162871    0.5262966078   -2.0030733129 
    421       O                -3.0078306354   -0.4959019708    0.0126110341 
    422       O                -0.4958918036   -3.0078812127    0.0126296975 
    423       O                -3.0077398215    0.5040382600    0.0125907157 
    424       O                 0.5042017826   -3.0078910701    0.0126226176 
    425       O                 3.0413670526   -0.4688578635   -0.9985817929 
    426       O                -0.4679920754    3.0418351904   -0.9982647583 
    427       O                 3.0414912952    0.5292490778   -0.9996750183 
    428       O                 0.5300419384    3.0434329543   -0.9993593610 
    429       H                 1.3440553697   -2.8290515832   -3.1506034925 
    430       Ba               -2.9780584400   -0.9781446557   -0.4742883464 
    431       Ba               -0.9781014095   -2.9781770790   -0.4742480671 
    432       Ba               -0.9745974433   -2.9802086182   -1.5151927461 
    433       Ba               -2.9837482931   -0.9778679694   -1.5132245217 
    434       Ba                1.0042206595   -2.9830500507   -1.5087979096 
    435       Ba               -2.9780786440    1.0218576020   -0.4742084602 
    436       Ba                1.0219213560   -2.9781423980   -0.4742084602 
    437       O                -1.9543748126   -2.4697493395   -0.9918997392 
    438       O                -2.4706635267   -1.9586591398   -0.9913524285 
    439       C                -2.8870619548    1.2839080454   -3.2387454113 
    440       H                -2.8815265288    1.2967175813   -3.5116531023 
    441       Ba               -2.9957793405    1.0169499493   -1.5087979096 
    442       O                 1.1778025855   -2.9456214235   -2.5548456531 
    443       Ba               -0.9759224222    3.0217654152   -1.5161360912 
    444       Ba               -0.9780886854    3.0218039496   -0.4742029931 
    445       Ba                3.0219113146   -0.9781960504   -0.4742029931 
    446       Ba                3.0240775778   -0.9782345848   -1.5161360912 
    447       Ba                1.0162517069    3.0221320306   -1.5132245217 
    448       O                -2.4888000527    1.9930071016   -1.9949522365 
    449       Ba                3.0218985905    1.0218229210   -0.4742480671 
    450       Ba                1.0219415600    3.0218553443   -0.4742883464 
    451       Ba                3.0254025567    1.0197913818   -1.5151927461 
    452       O                -2.4959436530    1.9921483980    0.0125945053 
    453       O                 1.9921966630   -2.4959275570    0.0126215579 
    454       O                -1.9998682716   -2.4921601691   -1.9951996431 
    455       O                 2.0001317284   -2.4921601691   -1.9951996431 
    456       O                -2.4888000527   -2.0069928984   -1.9949522365 
    457       O                 1.9928549284    2.5034347552   -1.9945035635 
    458       O                 1.9921954640    2.5040249750    0.0126350862 
    459       O                 2.5041310990    1.9921364420    0.0126680713 
    460       O                 2.5008749903    1.9983897881   -2.0006271030 
    461       O                -1.9585045415    2.5321859245   -0.9949520595 
    462       O                 2.5326700713   -1.9582194458   -0.9947788726 
    463       O                 2.5008749903   -2.0016102119   -2.0006271030 
    464       O                -2.0078033370   -2.4959275570    0.0126215579 
    465       O                -2.4959436530   -2.0078516020    0.0125945053 
    466       O                -2.4706635267    2.0413408602   -0.9913524285 
    467       O                 2.0456251874   -2.4697493395   -0.9918997392 
    468       O                -2.0071450716    2.5034347552   -1.9945035635 
    469       O                -2.0078045360    2.5040249750    0.0126350862 
    470       O                 2.5041310990   -2.0078635580    0.0126680713 
    471       H                -3.1344451474    0.7254653569   -3.5326196393 
    472       C                -3.1542770803    0.7193189954   -3.2602674225 
    473       O                 2.0414954585    2.5321859245   -0.9949520595 
    474       O                 2.5326700713    2.0417805542   -0.9947788726 
    475       H                -2.8980059718    1.5387191081   -3.1433457933 
    476       O                -1.4643210221   -2.9614062589   -0.9957498568 
    477       O                -2.9631885533   -1.4679506975   -0.9953236506 
    478       O                 0.6078465038   -3.2572161497   -2.5580733377 
    479       O                -2.9580729281    1.5265234951   -0.9886562676 
    480       O                 1.5332566548   -2.9638682928   -0.9946716851 
    481       O                 2.9894489275   -1.4953695409   -2.0036993888 
    482       O                 1.5044604506    2.9858530631   -2.0025861016 
    483       O                 2.9853396708    1.5073176957   -2.0090231704 
    484       O                -1.4980578129    2.9908690314   -2.0053255940 
    485       O                -1.4958560830    2.9921609780    0.0126413047 
    486       O                 2.9921988390   -1.4959951200    0.0125708124 
    487       O                -2.9860849278    1.5128626770   -1.9756639122 
    488       O                 1.5041436280    2.9921473660    0.0126236765 
    489       O                 2.9922266000    1.5040347660    0.0126230257 
    490       P                -3.1780464444    1.0685373487   -2.6702340147 
    491       O                -3.0013663083   -1.5004364195   -2.0026029954 
    492       O                 1.5205544066   -2.9929967445   -1.9581131389 
    493       O                -1.4966886595   -3.0067095154   -2.0043388427 
    494       O                -3.0077959918   -1.4958778220    0.0126864679 
    495       O                -1.4958645090   -3.0078910130    0.0125973078 
    496       O                -3.0077906376    1.5040887240    0.0126750900 
    497       O                 1.5040955000   -3.0078543567    0.0126097908 
    498       C                -3.1910740837    1.0775808919   -3.1307972218 
    499       O                -1.4668843173    3.0404266443   -0.9956535935 
    500       O                 3.0418786334   -1.4677374544   -0.9962594978 
    501       H                 0.8655548526   -3.2745346431   -3.5326196393 
    502       C                 0.8457229197   -3.2806810046   -3.2602674225 
    503       O                 1.5297675710    3.0412325818   -0.9949508070 
    504       O                 3.0400950518    1.5328338128   -0.9940865952 
    505       H                -3.3688747298    0.5658397283   -3.1937504153 
    506       Ti                0.5671127532   -3.4001002792   -2.1161215111 
    507       Ti               -2.4522124999   -2.4584768904   -1.9635162888 
    508       O                -3.3921534962    0.7427838503   -2.5580733377 
    509       O                -3.4729486152    0.0235575034   -0.9856083011 
    510       O                 0.0200052980   -3.4734721976   -0.9879057583 
    511       Ti               -2.4561665500   -2.4562172500   -0.0182310306 
    512       O                -0.0028631629   -3.4805620853   -2.0240316941 
    513       Ti               -0.4505294961   -3.4525640677   -1.9833740630 
    514       Ti               -3.4328872468    0.5998997208   -2.1161215111 
    515       Ti               -3.4547148104   -0.4576926143   -1.9838425781 
    516       Ti               -3.4561877687   -0.4561846591   -0.0181245158 
    517       Ti               -0.4561394494   -3.4562502496   -0.0180926708 
    518       O                -3.4871927570   -0.0175829472   -2.0306953892 
    519       H                 0.6311252702   -3.4341602717   -3.1937504153 
    520       O                -2.4704899804   -2.4719864451   -1.4892021829 
    521       O                -3.4958507952   -0.0077978347    0.0125552850 
    522       O                -0.0077648517   -3.4959219852    0.0126164273 
    523       Ti               -3.4561220445    0.5437143785   -0.0182310321 
    524       Ti                0.5438779555   -3.4562856215   -0.0182310321 
    525       O                -0.0067166934    3.4997503257   -2.0118090156 
    526       O                 3.5041072204   -0.0078238720    0.0125774613 
    527       O                -0.0077945560    3.5041179475    0.0126477278 
    528       O                -2.4796589690   -2.4797003780   -0.4901983965 
    529       O                 3.5085046680   -0.0090721942   -2.0127129429 
    530       O                -3.4797269122   -0.4797434303   -0.4901955726 
    531       O                -0.4796717767   -3.4797845200   -0.4901873000 
    532       O                -0.4763934698   -3.4817915965   -1.5128397891 
    533       O                -3.4821036928   -0.4786332591   -1.5110851469 
    534       O                -3.4796214862    0.5202556386   -0.4902156894 
    535       O                 0.5203785138   -3.4797443614   -0.4902156894 
    536       O                -3.4820258277    0.5168843412   -1.4576107676 
    537       O                 0.5179741723   -3.4831156588   -1.4576107676 
    538       Ti                2.5380100952   -2.4532436171   -1.9689769343 
    539       O                 3.5302638662    0.0364750909   -1.0010566582 
    540       O                 0.0351543923    3.5318316413   -1.0004181720 
    541       Ti                0.4916502620   -3.4991635678   -1.0074640886 
    542       Ti               -2.4586057206    2.5380199613   -1.9649343856 
    543       Ti               -0.4997263985    3.4985685616   -1.0003876093 
    544       Ti                2.4997256630    2.4995350272   -0.9978799424 
    545       O                -2.4796818930    2.5202524770   -0.4901887506 
    546       O                 2.5203344540   -2.4797096780   -0.4901599062 
    547       Ti                3.5002736015   -0.5014314384   -1.0003876093 
    548       Ti               -2.4561676250    2.5437537170   -0.0182163069 
    549       Ti                2.5438558370   -2.4562082560   -0.0181056859 
    550       O                 2.5238166085   -2.4778919305   -1.4972327182 
    551       O                -2.4810842755    2.5206649517   -1.4938140710 
    552       Ti               -2.5064831057    2.4985687271   -0.9981660619 
    553       Ti               -0.4899839174   -3.5066619591   -0.9991425281 
    554       Ti               -3.5070867536   -0.4879942681   -0.9992515930 
    555       Ti               -2.5033390928   -2.5049556490   -0.9982114671 
    556       Ti                2.5060458705   -2.5032666859   -0.9967954010 
    557       Ti               -3.5083497380    0.5008364322   -1.0074640886 
    558       Ti                3.5100160826    0.4933380409   -0.9991425281 
    559       Ti                0.4929132464    3.5120057319   -0.9992515930 
    560       O                -0.4790097211    3.5195393359   -1.5068482908 
    561       O                -0.4797125293    3.5202065636   -0.4901492064 
    562       O                 3.5202874707   -0.4797934364   -0.4901492064 
    563       O                 3.5209902789   -0.4804606641   -1.5068482908 
    564       O                 0.5202730878    3.5202565697   -0.4901955726 
    565       O                 3.5203282233    0.5202154800   -0.4901873000 
    566       O                 0.5178963072    3.5213667409   -1.5110851469 
    567       O                 3.5236065302    0.5182084035   -1.5128397891 
    568       O                 2.5202189120    2.5201812390   -0.4901619677 
    569       H                 1.0698493296   -3.4005882499   -3.1623103685 
    570       O                 2.5226363707    2.5231421129   -1.4960988981 
    571       Ti               -0.4547922480    3.5418430067   -1.9784610490 
    572       Ti               -0.4561897735    3.5437941955   -0.0181705164 
    573       Ti                3.5438102265   -0.4562058045   -0.0181705164 
    574       Ba               -1.9742725054   -2.9799291354   -1.5038606513 
    575       Ti                3.5452077520   -0.4581569933   -1.9784610490 
    576       Ba               -1.9780514160   -2.9781475670   -0.4742699287 
    577       Ba               -2.9781260770   -1.9781370760   -0.4742744578 
    578       Ti                0.5452851896    3.5423073857   -1.9838425781 
    579       Ti                0.5438122313    3.5438153409   -0.0181245158 
    580       Ti                3.5438605506    0.5437497504   -0.0180926708 
    581       Ti                3.5494705039    0.5474359323   -1.9833740630 
    582       Ba               -2.9912609679   -1.9914216820   -1.5153210613 
    583       Ti                2.5411245446    2.5411468333   -1.9679225116 
    584       Ti                2.5438192850    2.5437629170   -0.0181928108 
    585       O                -3.4699580616   -0.9565670457   -0.9993593610 
    586       Ba               -2.9781260770    2.0218629240   -0.4742744578 
    587       Ba                2.0219485840   -2.9781475670   -0.4742699287 
    588       O                -0.9585087048   -3.4707509222   -0.9996750183 
    589       Ba               -2.9912609679    2.0085783180   -1.5153210613 
    590       Ba                2.0257274946   -2.9799291354   -1.5038606513 
    591       Ba               -1.9780850800    3.0218365660   -0.4742322809 
    592       Ba                3.0218903845   -1.9781567190   -0.4742858983 
    593       O                 0.9985837129   -3.4737033922   -2.0030733129 
    594       Ba               -1.9812440549    3.0240289592   -1.5127420528 
    595       Ba                3.0252439552   -1.9805345046   -1.5105809491 
    596       O                -3.4741616950    1.0293482680   -0.9827873971 
    597       O                -3.4811059617    1.0176064347   -1.9644016974 
    598       O                 1.0427366816   -3.4768314533   -0.9886510547 
    599       O                -3.4957982174    0.9921089299    0.0126226176 
    600       O                 0.9922601785   -3.4959617400    0.0125907157 
    601       Ba                2.0219149200    3.0218365660   -0.4742322809 
    602       Ba                3.0218903845    2.0218432810   -0.4742858983 
    603       Ba                2.0187559451    3.0240289592   -1.5127420528 
    604       O                 0.9991323399    3.4964058954   -2.0078409937 
    605       Ba                3.0252439552    2.0194654954   -1.5105809491 
    606       O                 3.4987033075    0.9959901383   -2.0108629605 
    607       O                -3.4958894454   -1.0077960360    0.0126134930 
    608       O                -1.0077772090   -3.4959728739    0.0125991717 
    609       O                -3.4937670964   -1.0191253480   -2.0161386695 
    610       O                -1.0114392471   -3.4960783964   -2.0129648469 
    611       O                 3.5041081964    0.9921187873    0.0126296975 
    612       O                 0.9921693646    3.5040980292    0.0126110341 
    613       O                -1.0101867592    3.5031669277   -2.0098152229 
    614       O                -1.0077752380    3.5040451942    0.0126267195 
    615       O                 3.5041061539   -1.0079098840    0.0126497645 
    616       O                 3.5045947189   -1.0121929568   -2.0099965664 
    617       O                -3.3858540766    1.3846151401   -2.5330292921 
    618       O                -0.9586329474    3.5311421365   -0.9985817929 
    619       O                 3.5320079246   -0.9581648096   -0.9982647583 
    620       O                 3.5279476233    1.0375567925   -0.9997476313 
    621       O                 1.0389831033    3.5324756847   -0.9990310386 
    622       H                -3.5058655370    1.2401438802   -3.5342662741 
    623       C                -3.5124016941    1.2345073439   -3.2612412709 
    624       Ti               -3.4198341669    1.5332301429   -2.0838174914 
    625       Ti               -3.4561465024   -1.4561678360   -0.0180902847 
    626       Ti               -1.4584846515   -3.4552387086   -1.9773760142 
    627       Ti               -1.4561445750   -3.4562430801   -0.0181160046 
    628       Ti               -3.4533409327   -1.4668450042   -1.9804774289 
    629       Ti                1.5395147620   -3.4373715089   -1.9745864776 
    630       O                -3.4796084687   -1.4796771970   -0.4901805010 
    631       O                -1.4796800250   -3.4798136645   -0.4901844121 
    632       O                -1.4789034261   -3.4820035973   -1.5038311801 
    633       Ti               -3.4561632135    1.5437781810   -0.0181693634 
    634       O                -3.4816247994   -1.4854237174   -1.5071000796 
    635       Ti                1.5438454070   -3.4562190838   -0.0181321814 
    636       O                -3.4796596340    1.5202741550   -0.4901648431 
    637       O                 1.5203966930   -3.4796984055   -0.4902173388 
    638       O                -3.4814143310    1.5260838389   -1.4634841411 
    639       H                -2.8980059718   -2.4612808919   -3.1433457933 
    640       O                 1.5206582564   -3.4867064709   -1.4979138303 
    641       Ti                1.4927854555    3.5028807884   -1.0004228585 
    642       Ti               -1.5014610058    3.4993544373   -0.9995091583 
    643       Ti                1.4950514250   -3.5044549700   -0.9999832698 
    644       Ti               -1.4951686876   -3.5046096833   -0.9989616925 
    645       Ti               -3.5063047462    1.4918200821   -1.0076335088 
    646       Ti               -3.5041185227   -1.4996409614   -0.9987262763 
    647       Ti                3.5027250279   -1.5045351512   -1.0000420240 
    648       Ti                3.5088654525    1.4924597299   -0.9994449823 
    649       O                -1.4792145781    3.5203126835   -1.5025637282 
    650       O                -1.4796865810    3.5202145837   -0.4901580709 
    651       O                 3.5203047455   -1.4797877280   -0.4901695890 
    652       O                 3.5227715590   -1.4792555873   -1.5015762213 
    653       Ti               -1.4595059359    3.5420191116   -1.9760436740 
    654       Ti               -1.4561510790    3.5437894227   -0.0180737063 
    655       Ti                3.5438814130   -1.4562631120   -0.0180923663 
    656       O                 3.5183325880    1.5190662285   -1.5034165349 
    657       O                 3.5203027034    1.5202551540   -0.4901703337 
    658       O                 1.5203668130    3.5202990224   -0.4901684370 
    659       O                 1.5189943937    3.5209059248   -1.4999284158 
    660       Ti                3.5447933858   -1.4633121128   -1.9743735828 
    661       H                -3.5419081014    1.4894712743   -3.1708302195 
    662       O                -2.9580729281   -2.4734765049   -0.9886562676 
    663       O                -2.4667433452   -2.9638682928   -0.9946716851 
    664       Ti                3.5418213431    1.5422711058   -1.9783651264 
    665       Ti                1.5363797073    3.5443813755   -1.9744164425 
    666       Ti                3.5438318865    1.5437680350   -0.0182044679 
    667       Ti                1.5438256820    3.5438063181   -0.0181979960 
    668       H                -2.6559446303   -2.8290515832   -3.1506034925 
    669       O                -2.9860849278   -2.4871373230   -1.9756639122 
    670       O                -2.4794455934   -2.9929967445   -1.9581131389 
    671       H                -3.7315527730    1.0916026525   -3.1858129635 
    672       O                 2.9853396708   -2.4926823043   -2.0090231704 
    673       O                -2.4955395494    2.9858530631   -2.0025861016 
    674       O                -2.4958563720    2.9921473660    0.0126236765 
    675       O                 2.9922266000   -2.4959652340    0.0126230257 
    676       O                -2.9631885533    2.5320493025   -0.9953236506 
    677       O                 2.5356789779   -2.9614062589   -0.9957498568 
    678       O                 2.5019421871    2.9908690314   -2.0053255940 
    679       O                 2.9894489275    2.5046304591   -2.0036993888 
    680       O                 2.9921988390    2.5040048800    0.0125708124 
    681       O                 2.5041439170    2.9921609780    0.0126413047 
    682       O                -3.0013663083    2.4995635805   -2.0026029954 
    683       O                -3.0077906376   -2.4959112760    0.0126750900 
    684       O                -2.4959045000   -3.0078543567    0.0126097908 
    685       O                 2.5033113405   -3.0067095154   -2.0043388427 
    686       O                -3.0077959918    2.5041221780    0.0126864679 
    687       O                 2.5041354910   -3.0078910130    0.0125973078 
    688       O                 3.0400950518   -2.4671661872   -0.9940865952 
    689       O                -2.4702324290    3.0412325818   -0.9949508070 
    690       H                -2.8815265288   -2.7032824187   -3.5116531023 
    691       O                 2.5331156827    3.0404266443   -0.9956535935 
    692       O                 3.0418786334    2.5322625456   -0.9962594978 
    693       C                -2.8870619548   -2.7160919546   -3.2387454113 
    694       Ba               -3.9644184866    0.0342869750   -1.5359176759 
    695       Ba                0.0355815134   -3.9657130250   -1.5359176759 
    696       Ba               -3.9781093203    0.0218411252   -0.4742883436 
    697       Ba                0.0218906797   -3.9781588748   -0.4742883436 
    698       O                -1.9536252156   -3.4716085837   -0.9959598679 
    699       O                -3.4735145355   -1.9539493769   -0.9884509010 
    700       O                -0.4697361338   -3.9635249091   -1.0010566582 
    701       O                -3.9648456077   -0.4681683587   -1.0004181720 
    702       O                 0.5270513848   -3.9764424966   -0.9856083011 
    703       O                -3.4852435162    1.9866522181   -2.0334475438 
    704       O                -3.9799947020    0.5265278024   -0.9879057583 
    705       O                 0.5128072430    3.9824170528   -2.0306953892 
    706       O                 1.9876044510   -3.4919707307   -2.0102726656 
    707       O                -0.4914953320    3.9909278058   -2.0127129429 
    708       O                -0.4958927796    3.9921761280    0.0125774613 
    709       O                 3.9922054440   -0.4958820525    0.0126477278 
    710       O                -3.4958628875    1.9921555200    0.0126198498 
    711       O                 1.9922045320   -3.4959419079    0.0126351910 
    712       O                 0.5041492048    3.9922021653    0.0125552850 
    713       O                 3.9922351483    0.5040780148    0.0126164273 
    714       O                 3.9932833066   -0.5002496743   -2.0118090156 
    715       O                -3.4852435162   -2.0133477819   -2.0334475438 
    716       O                 1.9894117663    3.5015166539   -2.0073489789 
    717       O                 3.4995441449    1.9977848545   -2.0047428378 
    718       O                 2.0463747844   -3.4716085837   -0.9959598679 
    719       O                -2.0123955490   -3.4919707307   -2.0102726656 
    720       O                 3.9971368371    0.5194379147   -2.0240316941 
    721       O                 1.9921861450    3.5040754267    0.0126477167 
    722       O                 3.5041179662    1.9921461840    0.0126353719 
    723       O                -3.4735145355    2.0460506231   -0.9884509010 
    724       O                -3.4958628875   -2.0078444800    0.0126198498 
    725       O                -2.0077954680   -3.4959419079    0.0126351910 
    726       O                 3.4995441449   -2.0022151455   -2.0047428378 
    727       O                -1.9571334532    3.5310769500   -0.9974161603 
    728       O                -2.0105882337    3.5015166539   -2.0073489789 
    729       O                -2.0078138550    3.5040754267    0.0126477167 
    730       O                 3.5041179662   -2.0078538160    0.0126353719 
    731       O                 3.5326609553   -1.9584627347   -0.9986398496 
    732       O                 2.0428665468    3.5310769500   -0.9974161603 
    733       O                -2.8221974145   -2.9456214235   -2.5548456531 
    734       O                 3.5326609553    2.0415372653   -0.9986398496 
    735       Ba                1.0057121385   -3.9636379459   -1.5286950550 
    736       Ba               -3.9745739548   -0.9794508580   -1.5185287691 
    737       Ba               -0.9748318781   -3.9769099043   -1.5200989609 
    738       Ba               -3.9669348230    1.0201887578   -1.5235850977 
    739       Ba               -3.9781177232   -0.9781417256   -0.4742421684 
    740       Ba               -0.9780955508   -3.9781900790   -0.4742858097 
    741       Ba               -3.9780976443    1.0218197410   -0.4742031468 
    742       Ba                1.0219135920   -3.9781815855   -0.4742871470 
    743       Ba               -2.9780786440   -2.9781423980   -0.4742084602 
    744       Ti               -3.4198341669   -2.4667698571   -2.0838174914 
    745       O                -3.9629995976   -1.4652550405   -0.9969961019 
    746       O                -1.4649860716   -3.9631372069   -0.9968457735 
    747       Ti               -2.4604852380   -3.4373715089   -1.9745864776 
    748       Ba               -2.9957793405   -2.9830500507   -1.5087979096 
    749       Ti               -3.4561632135   -2.4562218190   -0.0181693634 
    750       Ti               -2.4561545930   -3.4562190838   -0.0181321814 
    751       Ba               -2.9780584400    3.0218553443   -0.4742883464 
    752       Ba                3.0218985905   -2.9781770790   -0.4742480671 
    753       Ba                3.0254025567   -2.9802086182   -1.5151927461 
    754       Ba               -2.9837482931    3.0221320306   -1.5132245217 
    755       O                 1.5346397696   -3.9646191205   -0.9937316755 
    756       O                 3.9818765214    1.5062407160   -2.0126621208 
    757       O                -3.9755989147    1.5282333995   -0.9858701981 
    758       O                 1.5009343451    3.9890755562   -2.0057761705 
    759       O                -1.4987582001    3.9905323835   -2.0088661345 
    760       O                -1.4958823760    3.9921456433    0.0126288852 
    761       O                 3.9922674989   -1.4959226870    0.0126196328 
    762       O                 3.9930539794   -1.5011372323   -2.0085716079 
    763       O                 1.5041044870    3.9921972133    0.0125895471 
    764       O                 3.9922318897    1.5040621640    0.0126302373 
    765       O                -3.4814143310   -2.4739161611   -1.4634841411 
    766       O                -2.4796033070   -3.4796984055   -0.4902173388 
    767       O                -3.4796596340   -2.4797258450   -0.4901648431 
    768       Ba                3.0219113146    3.0218039496   -0.4742029931 
    769       Ba                3.0240775778    3.0217654152   -1.5161360912 
    770       O                -2.4793417436   -3.4867064709   -1.4979138303 
    771       O                -3.3858540766   -2.6153848599   -2.5330292921 
    772       Ti               -3.4533409327    2.5331549958   -1.9804774289 
    773       Ti                2.5415153485   -3.4552387086   -1.9773760142 
    774       Ti               -3.4561465024    2.5438321640   -0.0180902847 
    775       Ti                2.5438554250   -3.4562430801   -0.0181160046 
    776       O                -3.4816247994    2.5145762826   -1.5071000796 
    777       O                -3.4796084687    2.5203228030   -0.4901805010 
    778       O                 2.5203199750   -3.4798136645   -0.4901844121 
    779       O                 2.5210965739   -3.4820035973   -1.5038311801 
    780       Ti                2.4985389942    3.4993544373   -0.9995091583 
    781       Ti                3.5027250279    2.4954648488   -1.0000420240 
    782       Ti               -3.5041185227    2.5003590386   -0.9987262763 
    783       O                 3.5183325880   -2.4809337715   -1.5034165349 
    784       O                -2.4796331870    3.5202990224   -0.4901684370 
    785       O                 3.5203027034   -2.4797448460   -0.4901703337 
    786       O                -2.4810056063    3.5209059248   -1.4999284158 
    787       Ti               -2.5072145445    3.5028807884   -1.0004228585 
    788       Ti               -2.5049485750   -3.5044549700   -0.9999832698 
    789       Ti                2.5048313124   -3.5046096833   -0.9989616925 
    790       Ti                3.5418213431   -2.4577288942   -1.9783651264 
    791       Ti               -3.5063047462   -2.5081799179   -1.0076335088 
    792       Ti               -2.4561743180    3.5438063181   -0.0181979960 
    793       Ti                3.5438318865   -2.4562319650   -0.0182044679 
    794       Ti                3.5088654525   -2.5075402701   -0.9994449823 
    795       Ti               -2.4636202927    3.5443813755   -1.9744164425 
    796       P                -3.1780464444   -2.9314626513   -2.6702340147 
    797       C                -3.1910740837   -2.9224191081   -3.1307972218 
    798       O                 2.5203134190    3.5202145837   -0.4901580709 
    799       O                 3.5203047455    2.5202122720   -0.4901695890 
    800       O                 2.5207854219    3.5203126835   -1.5025637282 
    801       O                 3.5227715590    2.5207444127   -1.5015762213 
    802       H                -3.5419081014   -2.5105287257   -3.1708302195 
    803       Ti                2.5404940641    3.5420191116   -1.9760436740 
    804       Ti                3.5447933858    2.5366878872   -1.9743735828 
    805       Ti                2.5438489210    3.5437894227   -0.0180737063 
    806       Ti                3.5438814130    2.5437368880   -0.0180923663 
    807       Ba               -3.9650817375   -1.9945180186   -1.5277787924 
    808       Ba               -3.9780778214   -1.9781248560   -0.4743105227 
    809       Ba               -1.9780394220   -3.9781578785   -0.4743139844 
    810       Ba               -1.9826824734   -3.9763405294   -1.5190179023 
    811       Ba               -3.9650817375    2.0054819814   -1.5277787924 
    812       Ba                2.0173175266   -3.9763405294   -1.5190179023 
    813       H                -3.5058655370   -2.7598561198   -3.5342662741 
    814       Ba               -3.9780778214    2.0218751440   -0.4743105227 
    815       Ba                2.0219605780   -3.9781578785   -0.4743139844 
    816       C                -3.5124016941   -2.7654926561   -3.2612412709 
    817       H                -2.9301506704   -3.4005882499   -3.1623103685 
    818       H                -3.1344451474   -3.2745346431   -3.5326196393 
    819       C                -3.1542770803   -3.2806810046   -3.2602674225 
    820       O                -2.9572633184   -3.4768314533   -0.9886510547 
    821       O                -3.4741616950   -2.9706517320   -0.9827873971 
    822       O                -3.4811059617   -2.9823935653   -1.9644016974 
    823       O                -3.0014162871   -3.4737033922   -2.0030733129 
    824       O                -3.4937670964    2.9808746520   -2.0161386695 
    825       O                 2.9885607529   -3.4960783964   -2.0129648469 
    826       O                -3.4958894454    2.9922039640    0.0126134930 
    827       O                 2.9922227910   -3.4959728739    0.0125991717 
    828       O                 3.5045947189    2.9878070432   -2.0099965664 
    829       O                 2.9898132408    3.5031669277   -2.0098152229 
    830       O                 3.5279476233   -2.9624432075   -0.9997476313 
    831       O                -3.0008676601    3.4964058954   -2.0078409937 
    832       O                 3.5041061539    2.9920901160    0.0126497645 
    833       O                 2.9922247620    3.5040451942    0.0126267195 
    834       O                -2.9610168967    3.5324756847   -0.9990310386 
    835       O                 3.4987033075   -3.0040098617   -2.0108629605 
    836       O                -3.4957982174   -3.0078910701    0.0126226176 
    837       O                -3.0077398215   -3.4959617400    0.0125907157 
    838       O                 3.0414912952   -3.4707509222   -0.9996750183 
    839       O                -3.4699580616    3.0434329543   -0.9993593610 
    840       O                -3.0078306354    3.5040980292    0.0126110341 
    841       O                 3.5041081964   -3.0078812127    0.0126296975 
    842       O                 3.0413670526    3.5311421365   -0.9985817929 
    843       O                 3.5320079246    3.0418351904   -0.9982647583 
    844       O                -2.4653602304   -3.9646191205   -0.9937316755 
    845       O                -3.9755989147   -2.4717666005   -0.9858701981 
    846       O                 3.9818765214   -2.4937592840   -2.0126621208 
    847       O                -3.3921534962   -3.2572161497   -2.5580733377 
    848       O                -3.9629995976    2.5347449595   -0.9969961019 
    849       O                 2.5350139284   -3.9631372069   -0.9968457735 
    850       O                -2.4990656549    3.9890755562   -2.0057761705 
    851       O                -2.4958955130    3.9921972133    0.0125895471 
    852       O                 3.9922318897   -2.4959378360    0.0126302373 
    853       O                 2.5012417999    3.9905323835   -2.0088661345 
    854       O                 3.9930539794    2.4988627677   -2.0085716079 
    855       O                 2.5041176240    3.9921456433    0.0126288852 
    856       O                 3.9922674989    2.5040773130    0.0126196328 
    857       H                -3.7315527730   -2.9083973475   -3.1858129635 
    858       H                -3.3688747298   -3.4341602717   -3.1937504153 
    859       Ti               -3.4328872468   -3.4001002792   -2.1161215111 
    860       Ti               -3.4561220445   -3.4562856215   -0.0182310321 
    861       O                -3.4796214862   -3.4797443614   -0.4902156894 
    862       O                -3.4820258277   -3.4831156588   -1.4576107676 
    863       Ti               -3.4547148104    3.5423073857   -1.9838425781 
    864       Ti                3.5002736015    3.4985685616   -1.0003876093 
    865       O                -3.4797269122    3.5202565697   -0.4901955726 
    866       O                 3.5203282233   -3.4797845200   -0.4901873000 
    867       Ti               -3.4561877687    3.5438153409   -0.0181245158 
    868       Ti                3.5438605506   -3.4562502496   -0.0180926708 
    869       Ti                3.5494705039   -3.4525640677   -1.9833740630 
    870       O                -3.4821036928    3.5213667409   -1.5110851469 
    871       O                 3.5236065302   -3.4817915965   -1.5128397891 
    872       Ti               -3.5083497380   -3.4991635678   -1.0074640886 
    873       Ba               -3.9669348230   -2.9798112422   -1.5235850977 
    874       Ti                3.5100160826   -3.5066619591   -0.9991425281 
    875       Ti               -3.5070867536    3.5120057319   -0.9992515930 
    876       Ba               -2.9942878615   -3.9636379459   -1.5286950550 
    877       Ba               -3.9780976443   -2.9781802590   -0.4742031468 
    878       Ba               -2.9780864080   -3.9781815855   -0.4742871470 
    879       O                 3.5202874707    3.5202065636   -0.4901492064 
    880       O                 3.5209902789    3.5195393359   -1.5068482908 
    881       Ba               -3.9745739548    3.0205491420   -1.5185287691 
    882       Ba               -3.9781177232    3.0218582744   -0.4742421684 
    883       Ba                3.0219044492   -3.9781900790   -0.4742858097 
    884       Ba                3.0251681219   -3.9769099043   -1.5200989609 
    885       Ti                3.5452077520    3.5418430067   -1.9784610490 
    886       Ti                3.5438102265    3.5437941955   -0.0181705164 
    887       O                -3.4729486152   -3.9764424966   -0.9856083011 
    888       O                -3.9799947020   -3.4734721976   -0.9879057583 
    889       O                -3.4871927570    3.9824170528   -2.0306953892 
    890       O                 3.9971368371   -3.4805620853   -2.0240316941 
    891       O                -3.4958507952    3.9922021653    0.0125552850 
    892       O                 3.9922351483   -3.4959219852    0.0126164273 
    893       O                 3.5302638662   -3.9635249091   -1.0010566582 
    894       O                -3.9648456077    3.5318316413   -1.0004181720 
    895       O                 3.9932833066    3.4997503257   -2.0118090156 
    896       O                 3.5041072204    3.9921761280    0.0125774613 
    897       O                 3.9922054440    3.5041179475    0.0126477278 
    898       O                 3.5085046680    3.9909278058   -2.0127129429 
    899       Ba               -3.9644184866   -3.9657130250   -1.5359176759 
    900       Ba               -3.9781093203   -3.9781588748   -0.4742883436 
