primitive lattice vectors  2  2  1
  8.00000000  0.00000000  0.00000000
  0.00000000  8.00000000  0.00000000
  0.00000000  0.00000000 80.00000000
number of atoms in unit cell
904
atom, type, position vector
      1       Ba                0.0218906797    0.0218411252   -0.4742883436 
      2       Ba                0.0235752262    0.0278251550   -1.5226150906 
      3       O                 0.0360936108   -0.4658141105   -0.9958183122 
      4       O                -0.4698277593    0.0417176963   -0.9998351989 
      5       O                -0.4891434460   -0.0113284795   -2.0081395093 
      6       O                -0.0077945560   -0.4958820525    0.0126477278 
      7       O                -0.4958927796   -0.0078238720    0.0125774613 
      8       O                -0.0020284243   -0.4997118514   -2.0043599750 
      9       O                -0.0077648517    0.5040780148    0.0126164273 
     10       O                 0.5041492048   -0.0077978347    0.0125552850 
     11       O                 0.5053609718   -0.0083348558   -2.0069726018 
     12       O                -0.0079463272    0.5179210151   -2.0162651920 
     13       O                 0.5285658275    0.0376786499   -0.9913041717 
     14       O                 0.0336511179    0.5312444431   -0.9940930682 
     15       Ti               -0.4519240750   -0.4588908573   -1.9759081108 
     16       Ti               -0.4561897735   -0.4562058045   -0.0181705164 
     17       O                -0.4762601498   -0.4811680484   -1.5021163018 
     18       O                -0.4797125293   -0.4797934364   -0.4901492064 
     19       Ti                0.4948432513   -0.4959549105   -0.9985996524 
     20       O                 0.5173795618   -0.4773748654   -1.4999407058 
     21       Ti                0.4931592906    0.5029706975   -1.0037312990 
     22       Ti                0.5424567885   -0.4525489026   -1.9756800852 
     23       Ti               -0.4997720689    0.4992761139   -0.9988830694 
     24       O                -0.4796717767    0.5202154800   -0.4901873000 
     25       O                 0.5202730878   -0.4797434303   -0.4901955726 
     26       Ti               -0.4990986607   -0.5029110865   -0.9990278816 
     27       O                -0.4756671347    0.5254861786   -1.5059084279 
     28       Ti               -0.4561394494    0.5437497504   -0.0180926708 
     29       Ti                0.5438122313   -0.4561846591   -0.0181245158 
     30       Ti               -0.4579290927    0.5496134091   -1.9781675703 
     31       O                 0.5137694462    0.5123374729   -1.4961962070 
     32       O                 0.5203785138    0.5202556386   -0.4902156894 
     33       Ti                0.5438779555    0.5437143785   -0.0182310321 
     34       Ti                0.5504186956    0.5619729780   -1.9907714168 
     35       H                 0.6130300228    0.5971479078   -3.2105688235 
     36       H                 0.2887981224    0.8554431676   -2.5508891291 
     37       O                 0.5112600026    0.7627773853   -2.5845140641 
     38       Ba               -0.9738982186    0.0212398247   -1.5180525266 
     39       Ba               -0.9780955508    0.0218099210   -0.4742858097 
     40       Ba                0.0218822768   -0.9781417256   -0.4742421684 
     41       Ba                0.0250533467   -0.9804274584   -1.5169278961 
     42       Ba                1.0156975482    0.0265468263   -1.5129774016 
     43       Ba                0.0219023557    1.0218197410   -0.4742031468 
     44       Ba                1.0219135920    0.0218184145   -0.4742871470 
     45       Ba                0.0229523878    1.0282857348   -1.5187320316 
     46       O                -0.9580078282   -0.4686649200   -0.9963042024 
     47       O                -0.4673787255   -0.9594814770   -0.9971685542 
     48       O                 0.5279574950   -0.9566154010   -0.9965201766 
     49       O                -0.9592927613    0.5326460185   -0.9980948244 
     50       O                -0.4958918036    0.9921187873    0.0126296975 
     51       O                 0.9925580721   -0.4951031630   -1.9980403983 
     52       O                 0.9921693646   -0.4959019708    0.0126110341 
     53       O                 0.5042017826    0.9921089299    0.0126226176 
     54       O                 0.9922601785    0.5040382600    0.0125907157 
     55       O                 0.9925699788    0.5094202159   -1.9865457701 
     56       O                -0.5021862940    0.9963327129   -2.0125136833 
     57       O                -1.0021038307   -0.4995791687   -2.0034359899 
     58       C                 0.8232110842    0.7608777769   -3.2663519353 
     59       O                -1.0033599683    0.5002689859   -2.0052653180 
     60       O                -1.0077752380   -0.4959548058    0.0126267195 
     61       O                -0.4958938461   -1.0079098840    0.0126497645 
     62       O                -0.4897240316   -1.0124558747   -2.0085771615 
     63       O                -1.0077772090    0.5040271261    0.0125991717 
     64       O                 0.5041105546   -1.0077960360    0.0126134930 
     65       O                 0.5162494952    1.0085854150   -1.9518726495 
     66       O                 0.5087532123   -1.0130534720   -2.0076616717 
     67       H                 0.2279307207    1.1130964256   -3.1980384935 
     68       O                 1.0386067843   -0.4685141209   -0.9947762431 
     69       O                -0.4714284773    1.0393167481   -0.9972487425 
     70       H                 0.8543837326    0.7725843829   -3.5373494700 
     71       O                 0.5282658000    1.0305565672   -0.9945884936 
     72       O                 1.0417906589    0.5282566006   -0.9952263912 
     73       H                 1.0481089040    0.6485950671   -3.1612652180 
     74       P                 0.7747097593    1.0850446440   -2.6731695242 
     75       C                 0.4452622036    1.2642235542   -3.2637747870 
     76       C                 0.7686016459    1.1145445685   -3.1311870485 
     77       H                 0.4567864312    1.2768389045   -3.5363780903 
     78       Ba               -0.9729126090   -0.9812097692   -1.5170796963 
     79       Ba               -0.9780886854   -0.9781960504   -0.4742029931 
     80       Ba                1.0168325421   -0.9762280074   -1.5118523270 
     81       Ba               -0.9781014095    1.0218229210   -0.4742480671 
     82       Ba                1.0219415600   -0.9781446557   -0.4742883464 
     83       Ba               -0.9793272691    1.0250169232   -1.5192071998 
     84       Ba                1.0219213560    1.0218576020   -0.4742084602 
     85       Ba                1.0204379962    1.0238242744   -1.5079160827 
     86       O                -1.4648211170    0.0390526696   -0.9958577327 
     87       O                 0.0382934448   -1.4682198183   -0.9969775015 
     88       O                -1.4913718786   -0.0123060698   -2.0077827683 
     89       O                -1.4958823760   -0.0078543567    0.0126288852 
     90       O                -0.0077325011   -1.4959226870    0.0126196328 
     91       O                 1.1161173360    0.9975001506   -2.5556337511 
     92       O                -0.0006859589   -1.5000125313   -2.0046386428 
     93       O                 1.5017872246   -0.0070937350   -1.9925304062 
     94       O                -0.0077681103    1.5040621640    0.0126302373 
     95       O                 1.5041044870   -0.0078027867    0.0125895471 
     96       O                -0.0183408104    1.5056987160   -2.0113205538 
     97       O                 0.5892878801    1.4007680835   -2.5241596374 
     98       Ti               -1.4516361971   -0.4606090001   -1.9729868884 
     99       Ti               -1.4561510790   -0.4562105773   -0.0180737063 
    100       Ti               -0.4561185870   -1.4562631120   -0.0180923663 
    101       Ti               -0.4487876713   -1.4622767931   -1.9754293742 
    102       O                 0.0302093432    1.5295614843   -0.9965699300 
    103       O                 1.5340015175    0.0369816223   -0.9915549896 
    104       O                -1.4731362254   -0.4798772458   -1.4991591247 
    105       Ti               -1.4546172904    0.5413514775   -1.9755500446 
    106       Ti               -1.4561445750    0.5437569199   -0.0181160046 
    107       Ti                0.5438534976   -1.4561678360   -0.0180902847 
    108       O                -0.4757069761   -1.4804554213   -1.5017963990 
    109       O                -1.4796865810   -0.4797854163   -0.4901580709 
    110       O                -0.4796952545   -1.4797877280   -0.4901695890 
    111       Ti                0.5492246642   -1.4597727627   -1.9773380898 
    112       O                -1.4757361547    0.5182340049   -1.5012384373 
    113       O                -1.4796800250    0.5201863355   -0.4901844121 
    114       O                 0.5203915313   -1.4796771970   -0.4901805010 
    115       H                 0.4061379888    1.5161978666   -3.1681539714 
    116       O                 0.5219441622   -1.4823053212   -1.5030011366 
    117       Ti                0.4953312693    1.4950656532   -1.0189144910 
    118       Ti                1.4955735092   -0.4994633199   -0.9974384178 
    119       Ti               -0.4969362803    1.4969713273   -0.9993740130 
    120       Ti                1.4978314313    0.4971225073   -0.9995099246 
    121       Ti               -1.4988887995    0.4970700290   -0.9986988098 
    122       Ti               -1.4987236248   -0.5021492317   -0.9985153639 
    123       Ti                0.4970930745   -1.5036112104   -0.9984558361 
    124       Ti               -0.4976816563   -1.5057251269   -0.9995329057 
    125       O                 1.5196935497   -0.4779018606   -1.4922793460 
    126       O                -0.4796972966    1.5202551540   -0.4901703337 
    127       O                 1.5203668130   -0.4797009776   -0.4901684370 
    128       O                -0.4840489664    1.5204997806   -1.5042951534 
    129       Ti                1.5407869042   -0.4541717510   -1.9644642928 
    130       O                 0.5203403660    1.5202741550   -0.4901648431 
    131       O                 1.5203966930    0.5203015945   -0.4902173388 
    132       Ti               -0.4561681135    1.5437680350   -0.0182044679 
    133       Ti                1.5438256820   -0.4561936819   -0.0181979960 
    134       O                 1.5254008142    0.5148559046   -1.4949281299 
    135       Ti               -0.4587248330    1.5457162673   -1.9792088734 
    136       O                 0.5248661591    1.5274373877   -1.4792238081 
    137       Ti                0.5438367865    1.5437781810   -0.0181693634 
    138       Ti                1.5438454070    0.5437809162   -0.0181321814 
    139       Ti                1.5464287403    0.5486396046   -1.9728920818 
    140       Ti                0.5772208740    1.5377352865   -2.0555987131 
    141       C                 1.0671190287    1.3336187223   -3.2284564885 
    142       H                 1.0813706657    1.3488706570   -3.5008146338 
    143       O                -1.4647690651   -0.9607317589   -0.9952209250 
    144       O                -0.9573666536   -1.4695280275   -0.9974190775 
    145       H                 1.2995812214    1.2276729050   -3.1347907232 
    146       O                -1.4936926811    0.9872042974   -2.0069047643 
    147       O                -1.4958645090    0.9921089870    0.0125973078 
    148       O                 0.9922040082   -1.4958778220    0.0126864679 
    149       O                 1.0372185495   -1.4669544395   -0.9942464029 
    150       O                -1.4664288129    1.0400434697   -0.9971005656 
    151       O                 0.9998046835   -1.4984132454   -2.0022049178 
    152       O                 1.5040955000    0.9921456433    0.0126097908 
    153       O                 0.9922093624    1.5040887240    0.0126750900 
    154       O                -1.0123063309   -1.4911334172   -2.0069951439 
    155       O                -1.4989643437   -1.0017396725   -2.0038256533 
    156       O                -1.4958560830   -1.0078390220    0.0126413047 
    157       O                -1.0078011610   -1.4959951200    0.0125708124 
    158       O                 1.5309537460   -0.9595327272   -0.9928958449 
    159       O                 1.5021187908   -1.0044981430   -1.9904650010 
    160       O                -0.9600510072    1.5333047860   -0.9960232166 
    161       O                -1.0077734000    1.5040347660    0.0126230257 
    162       O                 1.5041436280   -1.0078526340    0.0126236765 
    163       O                 1.5192778752    0.9930911825   -1.9739233222 
    164       O                -1.0157104756    1.5076258754   -2.0117770845 
    165       O                 1.0174871210    1.5115043562   -1.9786571712 
    166       O                 1.0435130963    1.5286334939   -0.9934072310 
    167       O                 1.5354010345    1.0381465392   -0.9937749653 
    168       H                 1.0432480358    1.5870357633   -3.1310076313 
    169       Ba               -1.9762960584    0.0216669586   -1.5156368266 
    170       Ba               -1.9780394220    0.0218421215   -0.4743139844 
    171       Ba                0.0219221786   -1.9781248560   -0.4743105227 
    172       Ba                0.0327376642   -1.9903072294   -1.5288195117 
    173       Ba                0.0327376642    2.0096927706   -1.5288195117 
    174       O                -1.9559268365   -0.4698021344   -0.9965179175 
    175       O                -0.4673987752   -1.9609383161   -0.9979377791 
    176       Ba                0.0219221786    2.0218751440   -0.4743105227 
    177       Ba                2.0219605780    0.0218421215   -0.4743139844 
    178       Ba                2.0237039416    0.0216669586   -1.5156368266 
    179       O                -1.9559293682    0.5296332197   -0.9956310628 
    180       O                 0.5288734907   -1.9573693754   -0.9920960768 
    181       O                 1.9897819125   -0.4928469042   -1.9951392215 
    182       O                 0.5173935881    1.9862686338   -2.0179155064 
    183       O                -0.4958820338    1.9921461840    0.0126353719 
    184       O                 1.9921861450   -0.4959245733    0.0126477167 
    185       O                 0.5041371125    1.9921555200    0.0126198498 
    186       O                 1.9922045320    0.5040580921    0.0126351910 
    187       O                 1.9960752893    0.5002362517   -2.0033771979 
    188       Ti               -1.4584706330   -1.4530328939   -1.9737370114 
    189       Ti               -1.4561807150   -1.4562370830   -0.0181928108 
    190       O                -0.4996831199    1.9994735568   -2.0048884851 
    191       O                -0.4996831199   -2.0005264432   -2.0048884851 
    192       O                -2.0039247107    0.5002362517   -2.0033771979 
    193       O                -2.0078138550   -0.4959245733    0.0126477167 
    194       O                -0.4958820338   -2.0078538160    0.0126353719 
    195       O                -2.0102180875   -0.4928469042   -1.9951392215 
    196       O                -2.0077954680    0.5040580921    0.0126351910 
    197       O                 0.5041371125   -2.0078444800    0.0126198498 
    198       O                 0.5173935881   -2.0137313662   -2.0179155064 
    199       O                -1.4776771979   -1.4755605381   -1.4999956868 
    200       O                -0.4673987752    2.0390616839   -0.9979377791 
    201       O                -1.4797810880   -1.4798187610   -0.4901619677 
    202       O                 2.0440731635   -0.4698021344   -0.9965179175 
    203       O                 0.5288734907    2.0426306246   -0.9920960768 
    204       O                 2.0440706318    0.5296332197   -0.9956310628 
    205       Ti                1.5405146604   -1.4531921890   -1.9638145350 
    206       Ti                1.4946813132   -1.5009946130   -0.9975228506 
    207       O                 1.5193687489   -1.4768205380   -1.4931546846 
    208       Ti                1.4993974659    1.4972085088   -0.9977034912 
    209       Ti               -1.4982991109    1.4984635185   -0.9986019694 
    210       O                -1.4796655460    1.5202903220   -0.4901599062 
    211       O                 1.5203181070   -1.4797475230   -0.4901887506 
    212       Ti               -1.4561441630    1.5437917440   -0.0181056859 
    213       Ti               -1.5002374421   -1.5009561017   -0.9985205941 
    214       Ti                1.5438323750   -1.4562462830   -0.0182163069 
    215       O                -1.4790786333    1.5224440978   -1.5016332394 
    216       Ti               -1.4631623689    1.5496684678   -1.9765490741 
    217       O                 1.5203410310    1.5202996220   -0.4901983965 
    218       O                 1.5330432362    1.5232454949   -1.4922836493 
    219       Ti                1.5438334500    1.5437827500   -0.0182310306 
    220       Ti                1.5488520659    1.5439462252   -1.9658299127 
    221       Ba               -1.9775974839   -0.9756602934   -1.5118614198 
    222       Ba               -0.9775460852   -1.9780431376   -1.5179012095 
    223       Ba               -1.9780850800   -0.9781634340   -0.4742322809 
    224       Ba               -0.9781096155   -1.9781567190   -0.4742858983 
    225       Ba               -1.9740923486    1.0199671912   -1.5124153919 
    226       Ba               -1.9780514160    1.0218524330   -0.4742699287 
    227       Ba                1.0218739230   -1.9781370760   -0.4742744578 
    228       Ba                1.0148905594   -1.9856486782   -1.5170006558 
    229       Ba                2.0224025161   -0.9756602934   -1.5118614198 
    230       Ba               -0.9775460852    2.0219568624   -1.5179012095 
    231       Ba               -0.9781096155    2.0218432810   -0.4742858983 
    232       Ba                2.0219149200   -0.9781634340   -0.4742322809 
    233       Ba                1.0148905594    2.0143513218   -1.5170006558 
    234       Ba                1.0218739230    2.0218629240   -0.4742744578 
    235       Ba                2.0219485840    1.0218524330   -0.4742699287 
    236       Ba                2.0259076514    1.0199671912   -1.5124153919 
    237       O                -1.9578943894   -1.4679232428   -0.9957189600 
    238       O                -1.4670710100   -1.9588402211   -0.9969525141 
    239       O                -2.4659984825    0.0369816223   -0.9915549896 
    240       O                 0.0302093432   -2.4704385157   -0.9965699300 
    241       O                -1.9563108913    1.5328670462   -0.9928402755 
    242       O                 1.5306685377   -1.9584173205   -0.9935675485 
    243       O                 1.9899178463   -1.4898685327   -1.9975995294 
    244       O                -1.4958689010    1.9921364420    0.0126680713 
    245       O                 1.9921954640   -1.4959750250    0.0126350862 
    246       O                -0.0183408104   -2.4943012840   -2.0113205538 
    247       O                -2.4958955130   -0.0078027867    0.0125895471 
    248       O                -0.0077681103   -2.4959378360    0.0126302373 
    249       O                 1.5040563470    1.9921483980    0.0125945053 
    250       O                 1.9921966630    1.5040724430    0.0126215579 
    251       Ti               -0.4587248330   -2.4542837327   -1.9792088734 
    252       Ti               -2.4561743180   -0.4561936819   -0.0181979960 
    253       O                -2.4982127754   -0.0070937350   -1.9925304062 
    254       Ti               -0.4561681135   -2.4562319650   -0.0182044679 
    255       O                -1.4996544888    1.9992628081   -2.0028405445 
    256       O                -0.0006859589    2.4999874687   -2.0046386428 
    257       O                -1.4996544888   -2.0007371919   -2.0028405445 
    258       Ti               -2.4592130958   -0.4541717510   -1.9644642928 
    259       O                -1.9998432163    1.5016945656   -2.0031780091 
    260       O                 2.0001567837    1.5016945656   -2.0031780091 
    261       O                -2.0100821537   -1.4898685327   -1.9975995294 
    262       O                 1.5136520324    1.9928631226   -1.9914902078 
    263       O                -1.4958689010   -2.0078635580    0.0126680713 
    264       O                -2.0078045360   -1.4959750250    0.0126350862 
    265       O                -0.0077325011    2.5040773130    0.0126196328 
    266       O                 2.5041176240   -0.0078543567    0.0126288852 
    267       O                 2.5086281214   -0.0123060698   -2.0077827683 
    268       O                -2.0078033370    1.5040724430    0.0126215579 
    269       O                 1.5040563470   -2.0078516020    0.0125945053 
    270       O                -1.4670710100    2.0411597789   -0.9969525141 
    271       O                 1.5136520324   -2.0071368774   -1.9914902078 
    272       Ti               -2.4535712597    0.5486396046   -1.9728920818 
    273       O                 2.0421056106   -1.4679232428   -0.9957189600 
    274       Ti               -2.4561545930    0.5437809162   -0.0181321814 
    275       Ti                0.5438367865   -2.4562218190   -0.0181693634 
    276       H                 0.4061379888   -2.4838021334   -3.1681539714 
    277       O                -2.4796331870   -0.4797009776   -0.4901684370 
    278       O                -0.4796972966   -2.4797448460   -0.4901703337 
    279       O                -2.4803064503   -0.4779018606   -1.4922793460 
    280       O                -0.4840489664   -2.4795002194   -1.5042951534 
    281       O                -2.4745991858    0.5148559046   -1.4949281299 
    282       O                 0.5248661591   -2.4725626123   -1.4792238081 
    283       Ti                0.5772208740   -2.4622647135   -2.0555987131 
    284       O                 0.0382934448    2.5317801817   -0.9969775015 
    285       O                -2.4796033070    0.5203015945   -0.4902173388 
    286       O                 0.5203403660   -2.4797258450   -0.4901648431 
    287       O                 2.5351788830    0.0390526696   -0.9958577327 
    288       Ti               -0.4976816563    2.4942748731   -0.9995329057 
    289       Ti                0.4970930745    2.4963887896   -0.9984558361 
    290       Ti                2.5011112005    0.4970700290   -0.9986988098 
    291       Ti               -2.5021685687    0.4971225073   -0.9995099246 
    292       Ti                2.5012763752   -0.5021492317   -0.9985153639 
    293       O                 1.5306685377    2.0415826795   -0.9935675485 
    294       Ti               -0.4969362803   -2.5030286727   -0.9993740130 
    295       Ti                0.4953312693   -2.5049343468   -1.0189144910 
    296       Ti               -2.5044264908   -0.4994633199   -0.9974384178 
    297       O                 2.0436891087    1.5328670462   -0.9928402755 
    298       O                -0.4757069761    2.5195445787   -1.5017963990 
    299       O                -0.4796952545    2.5202122720   -0.4901695890 
    300       O                 2.5203134190   -0.4797854163   -0.4901580709 
    301       O                 0.5219441622    2.5176946788   -1.5030011366 
    302       O                 2.5268637746   -0.4798772458   -1.4991591247 
    303       O                 2.5203199750    0.5201863355   -0.4901844121 
    304       O                 0.5203915313    2.5203228030   -0.4901805010 
    305       O                 2.5242638453    0.5182340049   -1.5012384373 
    306       Ti               -0.4487876713    2.5377232069   -1.9754293742 
    307       Ti               -0.4561185870    2.5437368880   -0.0180923663 
    308       Ti                2.5438489210   -0.4562105773   -0.0180737063 
    309       Ti                2.5483638029   -0.4606090001   -1.9729868884 
    310       Ti                0.5492246642    2.5402272373   -1.9773380898 
    311       Ti                2.5438554250    0.5437569199   -0.0181160046 
    312       Ti                0.5438534976    2.5438321640   -0.0180902847 
    313       Ti                2.5453827096    0.5413514775   -1.9755500446 
    314       H                 1.0432480358   -2.4129642367   -3.1310076313 
    315       O                -0.9600510072   -2.4666952140   -0.9960232166 
    316       O                -2.4690462540   -0.9595327272   -0.9928958449 
    317       O                 0.5892878801   -2.5992319165   -2.5241596374 
    318       O                -2.4807221248    0.9930911825   -1.9739233222 
    319       O                -2.4645989655    1.0381465392   -0.9937749653 
    320       O                 1.0435130963   -2.4713665061   -0.9934072310 
    321       O                -2.4959045000    0.9921456433    0.0126097908 
    322       O                 0.9922093624   -2.4959112760    0.0126750900 
    323       O                 1.0174871210   -2.4884956438   -1.9786571712 
    324       O                -1.0157104756   -2.4923741246   -2.0117770845 
    325       O                -2.4958563720   -1.0078526340    0.0126236765 
    326       O                -1.0077734000   -2.4959652340    0.0126230257 
    327       O                -2.4978812092   -1.0044981430   -1.9904650010 
    328       O                 2.5041354910    0.9921089870    0.0125973078 
    329       O                 0.9922040082    2.5041221780    0.0126864679 
    330       O                 2.5063073189    0.9872042974   -2.0069047643 
    331       O                 0.9998046835    2.5015867546   -2.0022049178 
    332       O                 2.5010356563   -1.0017396725   -2.0038256533 
    333       O                -1.0078011610    2.5040048800    0.0125708124 
    334       O                 2.5041439170   -1.0078390220    0.0126413047 
    335       O                -1.0123063309    2.5088665828   -2.0069951439 
    336       O                -0.9573666536    2.5304719725   -0.9974190775 
    337       O                 2.5352309349   -0.9607317589   -0.9952209250 
    338       O                 1.0372185495    2.5330455605   -0.9942464029 
    339       O                 2.5335711871    1.0400434697   -0.9971005656 
    340       H                 0.4567864312   -2.7231610955   -3.5363780903 
    341       C                 0.4452622036   -2.7357764458   -3.2637747870 
    342       Ba               -1.9776666036   -1.9754411341   -1.5110477105 
    343       Ba               -1.9780665370   -1.9781559910   -0.4743044715 
    344       Ba                2.0223333964   -1.9754411341   -1.5110477105 
    345       Ba               -1.9780665370    2.0218440090   -0.4743044715 
    346       Ba                2.0219334630   -1.9781559910   -0.4743044715 
    347       Ba               -1.9776666036    2.0245588659   -1.5110477105 
    348       Ti               -1.4631623689   -2.4503315322   -1.9765490741 
    349       Ti               -1.4561441630   -2.4562082560   -0.0181056859 
    350       Ti               -2.4561676250   -1.4562462830   -0.0182163069 
    351       Ti               -2.4594853396   -1.4531921890   -1.9638145350 
    352       Ba                2.0219334630    2.0218440090   -0.4743044715 
    353       Ba                2.0223333964    2.0245588659   -1.5110477105 
    354       H                 1.0813706657   -2.6511293430   -3.5008146338 
    355       C                 1.0671190287   -2.6663812777   -3.2284564885 
    356       O                -1.4790786333   -2.4775559022   -1.5016332394 
    357       O                -2.4806312511   -1.4768205380   -1.4931546846 
    358       O                -1.4796655460   -2.4797096780   -0.4901599062 
    359       O                -2.4796818930   -1.4797475230   -0.4901887506 
    360       H                 0.2279307207   -2.8869035744   -3.1980384935 
    361       Ti               -2.4511479341    1.5439462252   -1.9658299127 
    362       O                -2.4669567638    1.5232454949   -1.4922836493 
    363       Ti               -2.4561665500    1.5437827500   -0.0182310306 
    364       Ti                1.5438334500   -2.4562172500   -0.0182310306 
    365       Ti                1.5488520659   -2.4560537748   -1.9658299127 
    366       O                -2.4796589690    1.5202996220   -0.4901983965 
    367       O                 1.5203410310   -2.4797003780   -0.4901983965 
    368       Ti                1.4946813132    2.4990053870   -0.9975228506 
    369       O                 1.5330432362   -2.4767545051   -1.4922836493 
    370       Ti               -2.5006025341    1.4972085088   -0.9977034912 
    371       Ti               -1.5002374421    2.4990438983   -0.9985205941 
    372       Ti                2.4997625579   -1.5009561017   -0.9985205941 
    373       Ti               -1.4982991109   -2.5015364815   -0.9986019694 
    374       Ti                2.5017008891    1.4984635185   -0.9986019694 
    375       Ti                1.4993974659   -2.5027914912   -0.9977034912 
    376       Ti               -2.5053186868   -1.5009946130   -0.9975228506 
    377       O                 2.5223228021   -1.4755605381   -1.4999956868 
    378       O                -1.4797810880    2.5201812390   -0.4901619677 
    379       O                 2.5202189120   -1.4798187610   -0.4901619677 
    380       O                -1.4776771979    2.5244394619   -1.4999956868 
    381       Ti                2.5415293670   -1.4530328939   -1.9737370114 
    382       Ti               -1.4561807150    2.5437629170   -0.0181928108 
    383       Ti                2.5438192850   -1.4562370830   -0.0181928108 
    384       Ti               -1.4584706330    2.5469671061   -1.9737370114 
    385       O                 1.5203181070    2.5202524770   -0.4901887506 
    386       O                 2.5203344540    1.5202903220   -0.4901599062 
    387       O                 2.5209213667    1.5224440978   -1.5016332394 
    388       O                 1.5193687489    2.5231794620   -1.4931546846 
    389       H                -2.7004187786    1.2276729050   -3.1347907232 
    390       Ba                0.0229523878   -2.9717142652   -1.5187320316 
    391       Ti                2.5368376311    1.5496684678   -1.9765490741 
    392       Ti                1.5438323750    2.5437537170   -0.0182163069 
    393       Ti                2.5438558370    1.5437917440   -0.0181056859 
    394       Ti                1.5405146604    2.5468078110   -1.9638145350 
    395       Ba               -2.9780864080    0.0218184145   -0.4742871470 
    396       Ba                0.0219023557   -2.9781802590   -0.4742031468 
    397       Ba               -2.9843024518    0.0265468263   -1.5129774016 
    398       C                 0.7686016459   -2.8854554315   -3.1311870485 
    399       O                -0.4714284773   -2.9606832519   -0.9972487425 
    400       O                -2.9613932157   -0.4685141209   -0.9947762431 
    401       O                -2.9582093411    0.5282566006   -0.9952263912 
    402       O                 0.5282658000   -2.9694434328   -0.9945884936 
    403       P                 0.7747097593   -2.9149553560   -2.6731695242 
    404       Ba                0.0250533467    3.0195725416   -1.5169278961 
    405       Ba                0.0218822768    3.0218582744   -0.4742421684 
    406       Ba                3.0219044492    0.0218099210   -0.4742858097 
    407       H                -2.9518910960    0.6485950671   -3.1612652180 
    408       Ba                3.0261017814    0.0212398247   -1.5180525266 
    409       O                -0.4897240316    2.9875441253   -2.0085771615 
    410       O                 0.5087532123    2.9869465280   -2.0076616717 
    411       O                -0.4958938461    2.9920901160    0.0126497645 
    412       O                 2.9922247620   -0.4959548058    0.0126267195 
    413       O                 2.9922227910    0.5040271261    0.0125991717 
    414       O                 0.5041105546    2.9922039640    0.0126134930 
    415       O                 0.5162494952   -2.9914145850   -1.9518726495 
    416       O                 2.9966400317    0.5002689859   -2.0052653180 
    417       O                 2.9978961693   -0.4995791687   -2.0034359899 
    418       O                -0.5021862940   -3.0036672871   -2.0125136833 
    419       O                -3.0074419279   -0.4951031630   -1.9980403983 
    420       O                -3.0078306354   -0.4959019708    0.0126110341 
    421       O                -0.4958918036   -3.0078812127    0.0126296975 
    422       O                -3.0077398215    0.5040382600    0.0125907157 
    423       O                 0.5042017826   -3.0078910701    0.0126226176 
    424       O                -3.0074300212    0.5094202159   -1.9865457701 
    425       O                -2.8838826640    0.9975001506   -2.5556337511 
    426       H                 1.2995812214   -2.7723270950   -3.1347907232 
    427       O                -0.4673787255    3.0405185230   -0.9971685542 
    428       O                 3.0419921718   -0.4686649200   -0.9963042024 
    429       O                 3.0407072387    0.5326460185   -0.9980948244 
    430       O                 0.5279574950    3.0433845990   -0.9965201766 
    431       Ba               -0.9793272691   -2.9749830768   -1.5192071998 
    432       Ba               -2.9780584400   -0.9781446557   -0.4742883464 
    433       Ba               -0.9781014095   -2.9781770790   -0.4742480671 
    434       Ba               -2.9831674579   -0.9762280074   -1.5118523270 
    435       Ba                1.0204379962   -2.9761757256   -1.5079160827 
    436       Ba               -2.9780786440    1.0218576020   -0.4742084602 
    437       Ba                1.0219213560   -2.9781423980   -0.4742084602 
    438       O                -1.9563108913   -2.4671329538   -0.9928402755 
    439       Ba               -2.9795620038    1.0238242744   -1.5079160827 
    440       O                -2.4693314623   -1.9584173205   -0.9935675485 
    441       H                 0.2887981224   -3.1445568324   -2.5508891291 
    442       Ba               -0.9729126090    3.0187902308   -1.5170796963 
    443       Ba               -0.9780886854    3.0218039496   -0.4742029931 
    444       Ba                3.0219113146   -0.9781960504   -0.4742029931 
    445       Ba                3.0270873910   -0.9812097692   -1.5170796963 
    446       O                -2.4863479676    1.9928631226   -1.9914902078 
    447       Ba                3.0206727309    1.0250169232   -1.5192071998 
    448       Ba                3.0218985905    1.0218229210   -0.4742480671 
    449       Ba                1.0219415600    3.0218553443   -0.4742883464 
    450       Ba                1.0168325421    3.0237719926   -1.5118523270 
    451       O                -2.4959436530    1.9921483980    0.0125945053 
    452       O                 1.9921966630   -2.4959275570    0.0126215579 
    453       O                -2.4863479676   -2.0071368774   -1.9914902078 
    454       O                 1.9921954640    2.5040249750    0.0126350862 
    455       O                 2.5041310990    1.9921364420    0.0126680713 
    456       O                -1.9998432163   -2.4983054344   -2.0031780091 
    457       O                 2.0001567837   -2.4983054344   -2.0031780091 
    458       O                -1.9578943894    2.5320767572   -0.9957189600 
    459       O                 2.5003455112    1.9992628081   -2.0028405445 
    460       O                 2.5329289900   -1.9588402211   -0.9969525141 
    461       O                 2.5003455112   -2.0007371919   -2.0028405445 
    462       O                 1.9899178463    2.5101314673   -1.9975995294 
    463       O                 1.1161173360   -3.0024998494   -2.5556337511 
    464       O                -2.0078033370   -2.4959275570    0.0126215579 
    465       O                -2.4959436530   -2.0078516020    0.0125945053 
    466       O                 2.0436891087   -2.4671329538   -0.9928402755 
    467       O                -2.4693314623    2.0415826795   -0.9935675485 
    468       O                -2.0078045360    2.5040249750    0.0126350862 
    469       O                 2.5041310990   -2.0078635580    0.0126680713 
    470       H                -2.9186293343    1.3488706570   -3.5008146338 
    471       O                -2.0100821537    2.5101314673   -1.9975995294 
    472       C                -2.9328809713    1.3336187223   -3.2284564885 
    473       H                -3.1456162674    0.7725843829   -3.5373494700 
    474       O                 2.0421056106    2.5320767572   -0.9957189600 
    475       O                 2.5329289900    2.0411597789   -0.9969525141 
    476       C                -3.1767889158    0.7608777769   -3.2663519353 
    477       O                 0.5112600026   -3.2372226147   -2.5845140641 
    478       O                -1.4664288129   -2.9599565303   -0.9971005656 
    479       O                -2.9627814505   -1.4669544395   -0.9942464029 
    480       O                -2.9564869037    1.5286334939   -0.9934072310 
    481       O                 1.5354010345   -2.9618534608   -0.9937749653 
    482       H                 0.8543837326   -3.2274156171   -3.5373494700 
    483       O                 2.9876936691   -1.4911334172   -2.0069951439 
    484       C                 0.8232110842   -3.2391222231   -3.2663519353 
    485       O                 2.9842895244    1.5076258754   -2.0117770845 
    486       O                -2.9825128790    1.5115043562   -1.9786571712 
    487       O                -1.4958560830    2.9921609780    0.0126413047 
    488       O                 2.9921988390   -1.4959951200    0.0125708124 
    489       O                 1.5041436280    2.9921473660    0.0126236765 
    490       O                 2.9922266000    1.5040347660    0.0126230257 
    491       O                 1.5021187908    2.9955018570   -1.9904650010 
    492       O                -1.4989643437    2.9982603275   -2.0038256533 
    493       O                -3.0001953165   -1.4984132454   -2.0022049178 
    494       H                -2.9567519642    1.5870357633   -3.1310076313 
    495       O                -3.0077959918   -1.4958778220    0.0126864679 
    496       O                -1.4958645090   -3.0078910130    0.0125973078 
    497       O                -1.4936926811   -3.0127957026   -2.0069047643 
    498       O                -3.0077906376    1.5040887240    0.0126750900 
    499       O                 1.5040955000   -3.0078543567    0.0126097908 
    500       O                 1.5192778752   -3.0069088175   -1.9739233222 
    501       O                -1.4647690651    3.0392682411   -0.9952209250 
    502       O                 3.0426333464   -1.4695280275   -0.9974190775 
    503       P                -3.2252902407    1.0850446440   -2.6731695242 
    504       O                 1.5309537460    3.0404672728   -0.9928958449 
    505       O                 3.0399489928    1.5333047860   -0.9960232166 
    506       C                -3.2313983541    1.1145445685   -3.1311870485 
    507       H                -3.3869699772    0.5971479078   -3.2105688235 
    508       H                 0.6130300228   -3.4028520922   -3.2105688235 
    509       O                 0.0336511179   -3.4687555569   -0.9940930682 
    510       Ti               -2.4511479341   -2.4560537748   -1.9658299127 
    511       O                -3.4714341725    0.0376786499   -0.9913041717 
    512       Ti               -2.4561665500   -2.4562172500   -0.0182310306 
    513       Ti               -0.4579290927   -3.4503865909   -1.9781675703 
    514       Ti                0.5504186956   -3.4380270220   -1.9907714168 
    515       O                -0.0079463272   -3.4820789849   -2.0162651920 
    516       Ti               -3.4561877687   -0.4561846591   -0.0181245158 
    517       Ti               -0.4561394494   -3.4562502496   -0.0180926708 
    518       Ti               -3.4575432115   -0.4525489026   -1.9756800852 
    519       O                -3.4946390282   -0.0083348558   -2.0069726018 
    520       Ti               -3.4495813044    0.5619729780   -1.9907714168 
    521       O                -2.4669567638   -2.4767545051   -1.4922836493 
    522       O                -3.4958507952   -0.0077978347    0.0125552850 
    523       O                -0.0077648517   -3.4959219852    0.0126164273 
    524       Ti               -3.4561220445    0.5437143785   -0.0182310321 
    525       Ti                0.5438779555   -3.4562856215   -0.0182310321 
    526       O                -0.0020284243    3.5002881486   -2.0043599750 
    527       O                 3.5041072204   -0.0078238720    0.0125774613 
    528       O                -0.0077945560    3.5041179475    0.0126477278 
    529       O                -2.4796589690   -2.4797003780   -0.4901983965 
    530       O                -0.4756671347   -3.4745138214   -1.5059084279 
    531       O                 3.5108565540   -0.0113284795   -2.0081395093 
    532       H                 1.0481089040   -3.3514049329   -3.1612652180 
    533       O                -3.4797269122   -0.4797434303   -0.4901955726 
    534       O                -0.4796717767   -3.4797845200   -0.4901873000 
    535       O                -3.4826204382   -0.4773748654   -1.4999407058 
    536       O                -3.4796214862    0.5202556386   -0.4902156894 
    537       O                 0.5203785138   -3.4797443614   -0.4902156894 
    538       O                -3.4862305538    0.5123374729   -1.4961962070 
    539       O                 0.5137694462   -3.4876625271   -1.4961962070 
    540       Ti                2.5368376311   -2.4503315322   -1.9765490741 
    541       O                 3.5301722407    0.0417176963   -0.9998351989 
    542       Ti                0.4931592906   -3.4970293025   -1.0037312990 
    543       Ti               -0.4990986607    3.4970889135   -0.9990278816 
    544       O                 0.0360936108    3.5341858895   -0.9958183122 
    545       O                 2.5209213667   -2.4775559022   -1.5016332394 
    546       Ti                2.4997625579    2.4990438983   -0.9985205941 
    547       O                -2.4796818930    2.5202524770   -0.4901887506 
    548       Ti                3.5002279311    0.4992761139   -0.9988830694 
    549       O                 2.5203344540   -2.4797096780   -0.4901599062 
    550       Ti               -2.4561676250    2.5437537170   -0.0182163069 
    551       Ti                2.5438558370   -2.4562082560   -0.0181056859 
    552       Ti               -0.4997720689   -3.5007238861   -0.9988830694 
    553       Ti                3.5009013393   -0.5029110865   -0.9990278816 
    554       Ti                2.5017008891   -2.5015364815   -0.9986019694 
    555       Ti               -2.5006025341   -2.5027914912   -0.9977034912 
    556       O                -2.4806312511    2.5231794620   -1.4931546846 
    557       Ti               -2.5053186868    2.4990053870   -0.9975228506 
    558       Ti                0.4948432513    3.5040450895   -0.9985996524 
    559       Ti               -3.5051567487   -0.4959549105   -0.9985996524 
    560       Ti               -2.4594853396    2.5468078110   -1.9638145350 
    561       Ti               -3.5068407094    0.5029706975   -1.0037312990 
    562       O                -0.4762601498    3.5188319516   -1.5021163018 
    563       O                -0.4797125293    3.5202065636   -0.4901492064 
    564       O                 3.5202874707   -0.4797934364   -0.4901492064 
    565       O                 3.5237398502   -0.4811680484   -1.5021163018 
    566       O                 0.5202730878    3.5202565697   -0.4901955726 
    567       O                 3.5203282233    0.5202154800   -0.4901873000 
    568       O                 0.5173795618    3.5226251346   -1.4999407058 
    569       O                 3.5243328653    0.5254861786   -1.5059084279 
    570       O                 2.5202189120    2.5201812390   -0.4901619677 
    571       O                 2.5223228021    2.5244394619   -1.4999956868 
    572       Ti               -0.4519240750    3.5411091427   -1.9759081108 
    573       O                -3.4887399974    0.7627773853   -2.5845140641 
    574       Ti               -0.4561897735    3.5437941955   -0.0181705164 
    575       Ti                3.5438102265   -0.4562058045   -0.0181705164 
    576       Ba               -1.9740923486   -2.9800328088   -1.5124153919 
    577       Ba               -1.9780514160   -2.9781475670   -0.4742699287 
    578       Ba               -2.9781260770   -1.9781370760   -0.4742744578 
    579       Ti                3.5480759250   -0.4588908573   -1.9759081108 
    580       Ti                3.5420709073    0.5496134091   -1.9781675703 
    581       Ba               -2.9851094406   -1.9856486782   -1.5170006558 
    582       Ti                0.5438122313    3.5438153409   -0.0181245158 
    583       Ti                3.5438605506    0.5437497504   -0.0180926708 
    584       Ti                0.5424567885    3.5474510974   -1.9756800852 
    585       Ti                2.5438192850    2.5437629170   -0.0181928108 
    586       O                -0.9592927613   -3.4673539815   -0.9980948244 
    587       Ti                2.5415293670    2.5469671061   -1.9737370114 
    588       Ba               -2.9781260770    2.0218629240   -0.4742744578 
    589       Ba                2.0219485840   -2.9781475670   -0.4742699287 
    590       Ba               -2.9851094406    2.0143513218   -1.5170006558 
    591       O                -3.4720425050   -0.9566154010   -0.9965201766 
    592       Ba                2.0259076514   -2.9800328088   -1.5124153919 
    593       Ba               -1.9780850800    3.0218365660   -0.4742322809 
    594       Ba                3.0218903845   -1.9781567190   -0.4742858983 
    595       Ba                3.0224539148   -1.9780431376   -1.5179012095 
    596       Ba               -1.9775974839    3.0243397066   -1.5118614198 
    597       O                -3.4717342000    1.0305565672   -0.9945884936 
    598       O                 1.0417906589   -3.4717433994   -0.9952263912 
    599       O                -3.4837505048    1.0085854150   -1.9518726495 
    600       O                 0.9925699788   -3.4905797841   -1.9865457701 
    601       O                -3.4957982174    0.9921089299    0.0126226176 
    602       O                 0.9922601785   -3.4959617400    0.0125907157 
    603       O                -3.4912467877   -1.0130534720   -2.0076616717 
    604       Ba                2.0219149200    3.0218365660   -0.4742322809 
    605       Ba                3.0218903845    2.0218432810   -0.4742858983 
    606       Ba                3.0224539148    2.0219568624   -1.5179012095 
    607       O                 3.4978137060    0.9963327129   -2.0125136833 
    608       Ba                2.0224025161    3.0243397066   -1.5118614198 
    609       O                -3.4958894454   -1.0077960360    0.0126134930 
    610       O                -1.0077772090   -3.4959728739    0.0125991717 
    611       O                -1.0033599683   -3.4997310141   -2.0052653180 
    612       O                -1.0021038307    3.5004208313   -2.0034359899 
    613       O                 3.5041081964    0.9921187873    0.0126296975 
    614       O                 0.9921693646    3.5040980292    0.0126110341 
    615       O                 0.9925580721    3.5048968370   -1.9980403983 
    616       O                -1.0077752380    3.5040451942    0.0126267195 
    617       O                 3.5041061539   -1.0079098840    0.0126497645 
    618       O                 3.5102759684   -1.0124558747   -2.0085771615 
    619       O                -0.9580078282    3.5313350800   -0.9963042024 
    620       O                 3.5326212745   -0.9594814770   -0.9971685542 
    621       O                 3.5285715227    1.0393167481   -0.9972487425 
    622       O                 1.0386067843    3.5314858791   -0.9947762431 
    623       O                -3.4107121199    1.4007680835   -2.5241596374 
    624       Ti               -3.4507753358   -1.4597727627   -1.9773380898 
    625       Ti               -3.4561465024   -1.4561678360   -0.0180902847 
    626       Ti               -1.4561445750   -3.4562430801   -0.0181160046 
    627       Ti               -1.4546172904   -3.4586485225   -1.9755500446 
    628       Ti               -3.4227791260    1.5377352865   -2.0555987131 
    629       H                -3.5432135688    1.2768389045   -3.5363780903 
    630       C                -3.5547377964    1.2642235542   -3.2637747870 
    631       O                -3.4780558378   -1.4823053212   -1.5030011366 
    632       O                -3.4796084687   -1.4796771970   -0.4901805010 
    633       O                -1.4796800250   -3.4798136645   -0.4901844121 
    634       O                -1.4757361547   -3.4817659951   -1.5012384373 
    635       Ti                1.5464287403   -3.4513603954   -1.9728920818 
    636       Ti               -3.4561632135    1.5437781810   -0.0181693634 
    637       Ti                1.5438454070   -3.4562190838   -0.0181321814 
    638       O                -3.4751338409    1.5274373877   -1.4792238081 
    639       O                -3.4796596340    1.5202741550   -0.4901648431 
    640       O                 1.5203966930   -3.4796984055   -0.4902173388 
    641       O                 1.5254008142   -3.4851440954   -1.4949281299 
    642       Ti               -1.4987236248    3.4978507683   -0.9985153639 
    643       Ti                1.4955735092    3.5005366801   -0.9974384178 
    644       H                -3.7112018776    0.8554431676   -2.5508891291 
    645       Ti                3.5030637197    1.4969713273   -0.9993740130 
    646       Ti                1.4978314313   -3.5028774927   -0.9995099246 
    647       Ti               -1.4988887995   -3.5029299710   -0.9986988098 
    648       Ti               -3.5046687307    1.4950656532   -1.0189144910 
    649       Ti               -3.5029069255   -1.5036112104   -0.9984558361 
    650       Ti                3.5023183437   -1.5057251269   -0.9995329057 
    651       O                -1.4731362254    3.5201227542   -1.4991591247 
    652       H                -2.9567519642   -2.4129642367   -3.1310076313 
    653       O                -1.4796865810    3.5202145837   -0.4901580709 
    654       O                 3.5203047455   -1.4797877280   -0.4901695890 
    655       O                 3.5242930239   -1.4804554213   -1.5017963990 
    656       Ti               -1.4516361971    3.5393909999   -1.9729868884 
    657       O                 3.5159510336    1.5204997806   -1.5042951534 
    658       Ti               -1.4561510790    3.5437894227   -0.0180737063 
    659       Ti                3.5438814130   -1.4562631120   -0.0180923663 
    660       O                 3.5203027034    1.5202551540   -0.4901703337 
    661       O                 1.5203668130    3.5202990224   -0.4901684370 
    662       O                 1.5196935497    3.5220981394   -1.4922793460 
    663       Ti                3.5512123287   -1.4622767931   -1.9754293742 
    664       O                -2.4645989655   -2.9618534608   -0.9937749653 
    665       O                -2.9564869037   -2.4713665061   -0.9934072310 
    666       Ti                3.5412751670    1.5457162673   -1.9792088734 
    667       Ti                3.5438318865    1.5437680350   -0.0182044679 
    668       Ti                1.5438256820    3.5438063181   -0.0181979960 
    669       Ti                1.5407869042    3.5458282490   -1.9644642928 
    670       H                -2.7004187786   -2.7723270950   -3.1347907232 
    671       O                -2.9825128790   -2.4884956438   -1.9786571712 
    672       O                 2.9842895244   -2.4923741246   -2.0117770845 
    673       O                 2.5335711871   -2.9599565303   -0.9971005656 
    674       O                -2.4958563720    2.9921473660    0.0126236765 
    675       O                 2.9922266000   -2.4959652340    0.0126230257 
    676       O                -2.9627814505    2.5330455605   -0.9942464029 
    677       O                -2.4807221248   -3.0069088175   -1.9739233222 
    678       O                -2.4978812092    2.9955018570   -1.9904650010 
    679       H                -3.5938620112    1.5161978666   -3.1681539714 
    680       O                 2.9876936691    2.5088665828   -2.0069951439 
    681       O                 2.9921988390    2.5040048800    0.0125708124 
    682       O                 2.5041439170    2.9921609780    0.0126413047 
    683       O                 2.5010356563    2.9982603275   -2.0038256533 
    684       O                -3.0001953165    2.5015867546   -2.0022049178 
    685       O                -3.0077906376   -2.4959112760    0.0126750900 
    686       O                -2.4959045000   -3.0078543567    0.0126097908 
    687       O                -3.0077959918    2.5041221780    0.0126864679 
    688       O                 2.5041354910   -3.0078910130    0.0125973078 
    689       O                 3.0399489928   -2.4666952140   -0.9960232166 
    690       O                -2.4690462540    3.0404672728   -0.9928958449 
    691       O                 2.5063073189   -3.0127957026   -2.0069047643 
    692       H                -3.7720692793    1.1130964256   -3.1980384935 
    693       H                -2.9186293343   -2.6511293430   -3.5008146338 
    694       O                 3.0426333464    2.5304719725   -0.9974190775 
    695       O                 2.5352309349    3.0392682411   -0.9952209250 
    696       C                -2.9328809713   -2.6663812777   -3.2284564885 
    697       Ba                0.0235752262   -3.9721748450   -1.5226150906 
    698       Ba               -3.9764247738    0.0278251550   -1.5226150906 
    699       Ba               -3.9781093203    0.0218411252   -0.4742883436 
    700       Ba                0.0218906797   -3.9781588748   -0.4742883436 
    701       O                -1.9559293682   -3.4703667803   -0.9956310628 
    702       O                -3.4711265093   -1.9573693754   -0.9920960768 
    703       O                -0.4698277593   -3.9582823037   -0.9998351989 
    704       O                -3.9639063892   -0.4658141105   -0.9958183122 
    705       O                 0.5285658275   -3.9623213501   -0.9913041717 
    706       O                -3.9663488821    0.5312444431   -0.9940930682 
    707       O                -3.4826064119    1.9862686338   -2.0179155064 
    708       O                -0.4891434460    3.9886715205   -2.0081395093 
    709       O                -0.4958927796    3.9921761280    0.0125774613 
    710       O                 3.9922054440   -0.4958820525    0.0126477278 
    711       O                -3.4826064119   -2.0137313662   -2.0179155064 
    712       O                 0.5053609718    3.9916651442   -2.0069726018 
    713       O                -3.4958628875    1.9921555200    0.0126198498 
    714       O                 1.9922045320   -3.4959419079    0.0126351910 
    715       O                 0.5041492048    3.9922021653    0.0125552850 
    716       O                 3.9922351483    0.5040780148    0.0126164273 
    717       O                 3.9920536728    0.5179210151   -2.0162651920 
    718       O                -3.4711265093    2.0426306246   -0.9920960768 
    719       O                 2.0440706318   -3.4703667803   -0.9956310628 
    720       O                 1.9960752893   -3.4997637483   -2.0033771979 
    721       O                 3.9979715757   -0.4997118514   -2.0043599750 
    722       O                 1.9921861450    3.5040754267    0.0126477167 
    723       O                 3.5041179662    1.9921461840    0.0126353719 
    724       O                 3.5003168801    1.9994735568   -2.0048884851 
    725       O                -3.4958628875   -2.0078444800    0.0126198498 
    726       O                -2.0077954680   -3.4959419079    0.0126351910 
    727       O                 3.5003168801   -2.0005264432   -2.0048884851 
    728       O                 1.9897819125    3.5071530958   -1.9951392215 
    729       O                -2.0039247107   -3.4997637483   -2.0033771979 
    730       O                -1.9559268365    3.5301978656   -0.9965179175 
    731       O                -2.0078138550    3.5040754267    0.0126477167 
    732       O                 3.5041179662   -2.0078538160    0.0126353719 
    733       O                 3.5326012248   -1.9609383161   -0.9979377791 
    734       O                -2.0102180875    3.5071530958   -1.9951392215 
    735       O                 3.5326012248    2.0390616839   -0.9979377791 
    736       O                 2.0440731635    3.5301978656   -0.9965179175 
    737       Ba               -3.9749466533   -0.9804274584   -1.5169278961 
    738       Ba               -0.9738982186   -3.9787601753   -1.5180525266 
    739       Ba               -3.9781177232   -0.9781417256   -0.4742421684 
    740       Ba               -0.9780955508   -3.9781900790   -0.4742858097 
    741       Ba                1.0156975482   -3.9734531737   -1.5129774016 
    742       Ba               -3.9780976443    1.0218197410   -0.4742031468 
    743       Ba                1.0219135920   -3.9781815855   -0.4742871470 
    744       Ba               -3.9770476122    1.0282857348   -1.5187320316 
    745       O                -2.8838826640   -3.0024998494   -2.5556337511 
    746       Ba               -2.9795620038   -2.9761757256   -1.5079160827 
    747       Ba               -2.9780786440   -2.9781423980   -0.4742084602 
    748       Ti               -3.4227791260   -2.4622647135   -2.0555987131 
    749       O                -1.4648211170   -3.9609473304   -0.9958577327 
    750       O                -3.9617065552   -1.4682198183   -0.9969775015 
    751       Ti               -2.4535712597   -3.4513603954   -1.9728920818 
    752       Ba                3.0206727309   -2.9749830768   -1.5192071998 
    753       Ti               -3.4561632135   -2.4562218190   -0.0181693634 
    754       Ti               -2.4561545930   -3.4562190838   -0.0181321814 
    755       Ba               -2.9780584400    3.0218553443   -0.4742883464 
    756       Ba                3.0218985905   -2.9781770790   -0.4742480671 
    757       Ba               -2.9831674579    3.0237719926   -1.5118523270 
    758       O                 1.5340015175   -3.9630183777   -0.9915549896 
    759       O                -3.9697906568    1.5295614843   -0.9965699300 
    760       O                 3.9816591896    1.5056987160   -2.0113205538 
    761       O                -1.4913718786    3.9876939302   -2.0077827683 
    762       O                -1.4958823760    3.9921456433    0.0126288852 
    763       O                 3.9922674989   -1.4959226870    0.0126196328 
    764       O                -3.4751338409   -2.4725626123   -1.4792238081 
    765       O                 1.5017872246    3.9929062650   -1.9925304062 
    766       O                 1.5041044870    3.9921972133    0.0125895471 
    767       O                 3.9922318897    1.5040621640    0.0126302373 
    768       O                 3.9993140411   -1.5000125313   -2.0046386428 
    769       O                -2.4796033070   -3.4796984055   -0.4902173388 
    770       O                -3.4796596340   -2.4797258450   -0.4901648431 
    771       Ba                3.0219113146    3.0218039496   -0.4742029931 
    772       O                -2.4745991858   -3.4851440954   -1.4949281299 
    773       Ba                3.0270873910    3.0187902308   -1.5170796963 
    774       Ti               -3.4507753358    2.5402272373   -1.9773380898 
    775       O                -3.4107121199   -2.5992319165   -2.5241596374 
    776       Ti               -3.4561465024    2.5438321640   -0.0180902847 
    777       Ti                2.5438554250   -3.4562430801   -0.0181160046 
    778       O                -3.4780558378    2.5176946788   -1.5030011366 
    779       Ti                2.5453827096   -3.4586485225   -1.9755500446 
    780       O                -3.4796084687    2.5203228030   -0.4901805010 
    781       O                 2.5203199750   -3.4798136645   -0.4901844121 
    782       Ti                3.5023183437    2.4942748731   -0.9995329057 
    783       Ti                2.5012763752    3.4978507683   -0.9985153639 
    784       O                 2.5242638453   -3.4817659951   -1.5012384373 
    785       Ti               -3.5029069255    2.4963887896   -0.9984558361 
    786       O                 3.5159510336   -2.4795002194   -1.5042951534 
    787       Ti               -2.5044264908    3.5005366801   -0.9974384178 
    788       Ti                2.5011112005   -3.5029299710   -0.9986988098 
    789       Ti               -2.5021685687   -3.5028774927   -0.9995099246 
    790       Ti                3.5030637197   -2.5030286727   -0.9993740130 
    791       O                -2.4796331870    3.5202990224   -0.4901684370 
    792       O                 3.5203027034   -2.4797448460   -0.4901703337 
    793       O                -2.4803064503    3.5220981394   -1.4922793460 
    794       Ti               -3.5046687307   -2.5049343468   -1.0189144910 
    795       Ti                3.5412751670   -2.4542837327   -1.9792088734 
    796       Ti               -2.4561743180    3.5438063181   -0.0181979960 
    797       Ti                3.5438318865   -2.4562319650   -0.0182044679 
    798       Ti               -2.4592130958    3.5458282490   -1.9644642928 
    799       O                 2.5203134190    3.5202145837   -0.4901580709 
    800       O                 3.5203047455    2.5202122720   -0.4901695890 
    801       C                -3.2313983541   -2.8854554315   -3.1311870485 
    802       O                 3.5242930239    2.5195445787   -1.5017963990 
    803       O                 2.5268637746    3.5201227542   -1.4991591247 
    804       P                -3.2252902407   -2.9149553560   -2.6731695242 
    805       Ti                2.5483638029    3.5393909999   -1.9729868884 
    806       Ti                2.5438489210    3.5437894227   -0.0180737063 
    807       Ti                3.5438814130    2.5437368880   -0.0180923663 
    808       Ti                3.5512123287    2.5377232069   -1.9754293742 
    809       H                -3.5938620112   -2.4838021334   -3.1681539714 
    810       Ba               -3.9672623358   -1.9903072294   -1.5288195117 
    811       Ba               -1.9762960584   -3.9783330414   -1.5156368266 
    812       Ba               -3.9780778214   -1.9781248560   -0.4743105227 
    813       Ba               -1.9780394220   -3.9781578785   -0.4743139844 
    814       Ba               -3.9672623358    2.0096927706   -1.5288195117 
    815       Ba               -3.9780778214    2.0218751440   -0.4743105227 
    816       Ba                2.0219605780   -3.9781578785   -0.4743139844 
    817       Ba                2.0237039416   -3.9783330414   -1.5156368266 
    818       H                -2.9518910960   -3.3514049329   -3.1612652180 
    819       H                -3.5432135688   -2.7231610955   -3.5363780903 
    820       C                -3.5547377964   -2.7357764458   -3.2637747870 
    821       H                -3.1456162674   -3.2274156171   -3.5373494700 
    822       C                -3.1767889158   -3.2391222231   -3.2663519353 
    823       O                -2.9582093411   -3.4717433994   -0.9952263912 
    824       O                -3.4717342000   -2.9694434328   -0.9945884936 
    825       O                -3.4837505048   -2.9914145850   -1.9518726495 
    826       O                -3.4912467877    2.9869465280   -2.0076616717 
    827       O                -3.4958894454    2.9922039640    0.0126134930 
    828       O                 2.9922227910   -3.4959728739    0.0125991717 
    829       O                 3.5285715227   -2.9606832519   -0.9972487425 
    830       O                 2.9966400317   -3.4997310141   -2.0052653180 
    831       O                -3.0074300212   -3.4905797841   -1.9865457701 
    832       O                 3.5041061539    2.9920901160    0.0126497645 
    833       O                 2.9922247620    3.5040451942    0.0126267195 
    834       O                 2.9978961693    3.5004208313   -2.0034359899 
    835       O                -2.9613932157    3.5314858791   -0.9947762431 
    836       O                 3.5102759684    2.9875441253   -2.0085771615 
    837       O                 3.4978137060   -3.0036672871   -2.0125136833 
    838       O                 3.0407072387   -3.4673539815   -0.9980948244 
    839       O                -3.4957982174   -3.0078910701    0.0126226176 
    840       O                -3.0077398215   -3.4959617400    0.0125907157 
    841       O                -3.4720425050    3.0433845990   -0.9965201766 
    842       O                -3.0078306354    3.5040980292    0.0126110341 
    843       O                 3.5041081964   -3.0078812127    0.0126296975 
    844       O                -3.0074419279    3.5048968370   -1.9980403983 
    845       O                 3.0419921718    3.5313350800   -0.9963042024 
    846       O                 3.5326212745    3.0405185230   -0.9971685542 
    847       O                -2.4659984825   -3.9630183777   -0.9915549896 
    848       O                -3.9697906568   -2.4704385157   -0.9965699300 
    849       O                 3.9816591896   -2.4943012840   -2.0113205538 
    850       O                -3.9617065552    2.5317801817   -0.9969775015 
    851       O                 2.5351788830   -3.9609473304   -0.9958577327 
    852       O                -2.4958955130    3.9921972133    0.0125895471 
    853       O                 3.9922318897   -2.4959378360    0.0126302373 
    854       O                -2.4982127754    3.9929062650   -1.9925304062 
    855       O                 2.5086281214    3.9876939302   -2.0077827683 
    856       O                 2.5041176240    3.9921456433    0.0126288852 
    857       O                 3.9922674989    2.5040773130    0.0126196328 
    858       O                 3.9993140411    2.4999874687   -2.0046386428 
    859       H                -3.7720692793   -2.8869035744   -3.1980384935 
    860       O                -3.4887399974   -3.2372226147   -2.5845140641 
    861       H                -3.3869699772   -3.4028520922   -3.2105688235 
    862       H                -3.7112018776   -3.1445568324   -2.5508891291 
    863       Ti               -3.4495813044   -3.4380270220   -1.9907714168 
    864       Ti               -3.4561220445   -3.4562856215   -0.0182310321 
    865       O                -3.4796214862   -3.4797443614   -0.4902156894 
    866       O                -3.4862305538   -3.4876625271   -1.4961962070 
    867       Ti                3.5420709073   -3.4503865909   -1.9781675703 
    868       Ti                3.5009013393    3.4970889135   -0.9990278816 
    869       O                 3.5243328653   -3.4745138214   -1.5059084279 
    870       O                -3.4797269122    3.5202565697   -0.4901955726 
    871       O                 3.5203282233   -3.4797845200   -0.4901873000 
    872       Ti               -3.4561877687    3.5438153409   -0.0181245158 
    873       Ti                3.5438605506   -3.4562502496   -0.0180926708 
    874       Ti                3.5002279311   -3.5007238861   -0.9988830694 
    875       Ti               -3.5068407094   -3.4970293025   -1.0037312990 
    876       O                -3.4826204382    3.5226251346   -1.4999407058 
    877       Ti               -3.4575432115    3.5474510974   -1.9756800852 
    878       Ti               -3.5051567487    3.5040450895   -0.9985996524 
    879       Ba               -3.9770476122   -2.9717142652   -1.5187320316 
    880       Ba               -2.9843024518   -3.9734531737   -1.5129774016 
    881       Ba               -3.9780976443   -2.9781802590   -0.4742031468 
    882       Ba               -2.9780864080   -3.9781815855   -0.4742871470 
    883       O                 3.5202874707    3.5202065636   -0.4901492064 
    884       O                 3.5237398502    3.5188319516   -1.5021163018 
    885       Ba               -3.9749466533    3.0195725416   -1.5169278961 
    886       Ba               -3.9781177232    3.0218582744   -0.4742421684 
    887       Ba                3.0219044492   -3.9781900790   -0.4742858097 
    888       Ba                3.0261017814   -3.9787601753   -1.5180525266 
    889       Ti                3.5438102265    3.5437941955   -0.0181705164 
    890       Ti                3.5480759250    3.5411091427   -1.9759081108 
    891       O                -3.4714341725   -3.9623213501   -0.9913041717 
    892       O                -3.9663488821   -3.4687555569   -0.9940930682 
    893       O                 3.9920536728   -3.4820789849   -2.0162651920 
    894       O                 3.5301722407   -3.9582823037   -0.9998351989 
    895       O                -3.4946390282    3.9916651442   -2.0069726018 
    896       O                -3.4958507952    3.9922021653    0.0125552850 
    897       O                 3.9922351483   -3.4959219852    0.0126164273 
    898       O                -3.9639063892    3.5341858895   -0.9958183122 
    899       O                 3.5041072204    3.9921761280    0.0125774613 
    900       O                 3.9922054440    3.5041179475    0.0126477278 
    901       O                 3.5108565540    3.9886715205   -2.0081395093 
    902       O                 3.9979715757    3.5002881486   -2.0043599750 
    903       Ba               -3.9764247738   -3.9721748450   -1.5226150906 
    904       Ba               -3.9781093203   -3.9781588748   -0.4742883436 
