primitive lattice vectors  2  2  1
  4.00000000  0.00000000  0.00000000
  0.00000000  4.00000000  0.00000000
  0.00000000  0.00000000 80.00000000
number of atoms in unit cell
380
atom, type, position vector
      1       Ba               -0.0018522951   -0.0014313070   -0.5021599678 
      2       Ba                0.0063367548    0.0078795756    1.5255520106 
      3       Ba               -0.0077743920   -0.0067524086   -1.5265456256 
      4       Ba                0.0081163179    0.0086472970    0.5022403124 
      5       O                 0.4845818629   -0.0256411161    2.0068428791 
      6       O                 0.0269904257   -0.4849486097   -2.0075583551 
      7       O                -0.4861328722    0.0276323217   -2.0078988973 
      8       O                -0.0274921203    0.4864069368    2.0068712569 
      9       O                 0.0146926554   -0.4925281841   -1.0030028782 
     10       O                -0.4930377422    0.0152983248   -1.0028369972 
     11       O                 0.4932713941   -0.0137411350    1.0022069153 
     12       O                -0.0145188935    0.4942056909    1.0022557782 
     13       O                 0.4981167116   -0.0012822858   -0.0000954849 
     14       O                -0.0016431002    0.4982947223   -0.0000902577 
     15       O                -0.0143850036   -0.5035810056    0.0014133747 
     16       O                -0.5040106883   -0.0140491227    0.0013711926 
     17       O                -0.0153791254   -0.5059482640    1.0014312452 
     18       O                 0.5065399766    0.0156679278   -1.0026809302 
     19       O                -0.5066660441   -0.0146402267    1.0018113670 
     20       O                 0.0147922799    0.5074571115   -1.0023899901 
     21       O                -0.0277364969   -0.5134609174    2.0072514794 
     22       O                 0.5137034961    0.0287481746   -2.0073158985 
     23       O                -0.5150544732   -0.0258825671    2.0073720983 
     24       O                 0.0259996464    0.5153715928   -2.0073321887 
     25       H                 0.2181157749    0.4946418764   -2.5537142159 
     26       H                 0.4916017824    0.2260139775   -2.5596677829 
     27       O                 0.4587901033    0.4659912036   -2.5464299554 
     28       Ti               -0.4744291347   -0.4735391913    0.9966765566 
     29       Ti                0.4740325055    0.4750649764   -0.9995747827 
     30       Ti               -0.4759596321   -0.4740299944    1.9766029816 
     31       Ti                0.4742515782    0.4766875893   -1.9772571946 
     32       Ti               -0.4761810958   -0.4757362461    0.0007933710 
     33       O                -0.4948788063   -0.4930478147   -1.5061723416 
     34       O                 0.4932160013    0.4948615381    1.5048495469 
     35       O                 0.4984170860    0.4987169096    0.5002159922 
     36       O                 0.4925546750   -0.5050295320    1.5052010023 
     37       O                 0.4994967506   -0.4984244264   -0.5004419590 
     38       Ti                0.5234066677   -0.4736821817    1.9764873887 
     39       O                 0.4975293082   -0.5008149904    0.5002050003 
     40       O                -0.4986827492    0.4998398019   -0.5004196882 
     41       O                -0.5011470612    0.4978079366    0.5003339207 
     42       O                 0.5056830691   -0.4933581407   -1.5057130007 
     43       Ti                0.5000000000    0.5000000000    0.0000000000 
     44       Ti                0.4739485894   -0.5249161506   -0.9984357414 
     45       Ti                0.5260418393   -0.4729296036    0.9981472675 
     46       O                -0.4942204907    0.5063199272   -1.5056818391 
     47       Ti                0.4750355133   -0.5244152779   -1.9769854860 
     48       O                -0.5064689323    0.4941482702    1.5056135102 
     49       O                -0.5004613052   -0.5002085534   -0.5006496751 
     50       Ti               -0.5254950428    0.4745895149   -0.9984728763 
     51       Ti               -0.4737297496    0.5268881676    0.9982031580 
     52       O                 0.5009309203    0.5012148924   -0.5005199142 
     53       Ti               -0.4755454949    0.5254307019    1.9766025241 
     54       Ti               -0.5253272762    0.4759137690   -1.9770561362 
     55       O                -0.5066642440   -0.5052802752    1.5057642595 
     56       O                 0.5055177625    0.5072623692   -1.5055477351 
     57       O                -0.5071620469   -0.5065305035    0.5020083423 
     58       Ti                0.5252268166   -0.4989911587    0.0001867734 
     59       Ti               -0.4990025446    0.5255504583    0.0001725128 
     60       Ti               -0.5260278792   -0.5235840433   -1.9769778137 
     61       Ti                0.5238320368    0.5259492712    1.9766261173 
     62       Ti               -0.5262575053   -0.5253913360   -0.9971131661 
     63       Ti                0.5259907237    0.5267430179    0.9994572441 
     64       Ba                0.0063917457   -0.9915342089    1.5257391012 
     65       Ba                0.9923466866   -0.0064862913   -1.5262187791 
     66       Ba                0.0082244359   -0.9928288049    0.5017894135 
     67       Ba               -0.9930317004    0.0079466728    1.5259882377 
     68       Ba               -0.9932810686    0.0087394280    0.5017310945 
     69       Ba               -0.0081905275    0.9940104371   -1.5262883089 
     70       Ba                0.9969934949   -0.0016742433   -0.5019824531 
     71       Ba               -0.0021621757    0.9975142374   -0.5018662501 
     72       Ba               -0.0021621757   -1.0024857626   -0.5018662501 
     73       Ba               -1.0030065051   -0.0016742433   -0.5019824531 
     74       Ba               -0.0081905275   -1.0059895629   -1.5262883089 
     75       Ba                1.0067189314    0.0087394280    0.5017310945 
     76       Ba                1.0069682996    0.0079466728    1.5259882377 
     77       Ba                0.0082244359    1.0071711951    0.5017894135 
     78       Ba               -1.0076533134   -0.0064862913   -1.5262187791 
     79       Ba                0.0063917457    1.0084657911    1.5257391012 
     80       O                -0.4864076855   -0.9717102568   -2.0075409210 
     81       O                 0.9717808283    0.4865654831    2.0068266364 
     82       O                 0.4846588873    0.9739048665    2.0070167761 
     83       O                -0.9744395055   -0.4846699786   -2.0075772243 
     84       O                 0.9716264460   -0.5132851402    2.0070958877 
     85       O                 0.5139602217   -0.9726945134   -2.0073022114 
     86       O                -0.9733062683    0.5151586942   -2.0073524988 
     87       O                -0.5149653513    0.9735962119    2.0072752041 
     88       O                -0.4934086581   -0.9848431268   -1.0030894639 
     89       O                -0.9855878203   -0.4925350570   -1.0027756140 
     90       O                 0.9851306761    0.4940286345    1.0022908557 
     91       O                 0.4934361493    0.9858502354    1.0021070774 
     92       O                 0.9843724602   -0.5057883585    1.0037480162 
     93       O                 0.5065076791   -0.9845986350   -1.0023524993 
     94       O                 0.9863879556   -0.5042388288   -0.0006374068 
     95       O                -0.5067257802    0.9851393266    1.0036518344 
     96       O                -0.9851144759    0.5071065886   -1.0024636783 
     97       O                -0.5046002956    0.9866405827   -0.0004711067 
     98       O                 0.9980996180    0.4979960489   -0.0000928628 
     99       O                 0.4978400544    0.9984797681   -0.0000883647 
    100       O                 0.4978400544   -1.0015202319   -0.0000883647 
    101       O                -1.0019003820    0.4979960489   -0.0000928628 
    102       O                 1.0144121797   -0.4925350570   -1.0027756140 
    103       O                 0.4934361493   -1.0141497646    1.0021070774 
    104       O                -0.4934086581    1.0151568732   -1.0030894639 
    105       O                -1.0148693239    0.4940286345    1.0022908557 
    106       O                -0.5046002956   -1.0133594173   -0.0004711067 
    107       O                -1.0136120444   -0.5042388288   -0.0006374068 
    108       O                 1.0255604945   -0.4846699786   -2.0075772243 
    109       O                -0.5067257802   -1.0148606734    1.0036518344 
    110       O                 1.0148855241    0.5071065886   -1.0024636783 
    111       O                -1.0156275398   -0.5057883585    1.0037480162 
    112       O                 0.5065076791    1.0154013650   -1.0023524993 
    113       O                 0.4846588873   -1.0260951335    2.0070167761 
    114       O                -0.4864076855    1.0282897432   -2.0075409210 
    115       O                -1.0282191717    0.4865654831    2.0068266364 
    116       O                -0.5149653513   -1.0264037881    2.0072752041 
    117       O                 1.0266937317    0.5151586942   -2.0073524988 
    118       O                 0.5139602217    1.0273054866   -2.0073022114 
    119       O                -1.0283735540   -0.5132851402    2.0070958877 
    120       Ba               -0.9931295655   -0.9916769010    1.5265096965 
    121       Ba                0.9927641932    0.9935774510   -1.5260342892 
    122       Ba               -0.9949595976   -0.9944881757    0.5027368194 
    123       Ba                0.9952179809    0.9956020778   -0.5028650777 
    124       Ba                1.0068704345   -0.9916769010    1.5265096965 
    125       Ba                0.9927641932   -1.0064225490   -1.5260342892 
    126       Ba                1.0050404024   -0.9944881757    0.5027368194 
    127       Ba                0.9952179809   -1.0043979222   -0.5028650777 
    128       Ba               -1.0047820191    0.9956020778   -0.5028650777 
    129       Ba               -0.9949595976    1.0055118243    0.5027368194 
    130       Ba               -1.0072358068    0.9935774510   -1.5260342892 
    131       Ba               -0.9931295655    1.0083230990    1.5265096965 
    132       Ba               -1.0047820191   -1.0043979222   -0.5028650777 
    133       Ba                1.0050404024    1.0055118243    0.5027368194 
    134       Ba               -1.0072358068   -1.0064225490   -1.5260342892 
    135       Ba                1.0068704345    1.0083230990    1.5265096965 
    136       O                 0.0259996464   -1.4846284072   -2.0073321887 
    137       O                 1.4849455268   -0.0258825671    2.0073720983 
    138       O                -1.4862965039    0.0287481746   -2.0073158985 
    139       O                -0.0277364969    1.4865390826    2.0072514794 
    140       O                 0.0147922799   -1.4925428885   -1.0023899901 
    141       O                 1.4933339559   -0.0146402267    1.0018113670 
    142       O                -1.4934600234    0.0156679278   -1.0026809302 
    143       O                -0.0153791254    1.4940517360    1.0014312452 
    144       O                 1.4959893117   -0.0140491227    0.0013711926 
    145       O                -0.0143850036    1.4964189944    0.0014133747 
    146       O                -0.0016431002   -1.5017052777   -0.0000902577 
    147       O                -1.5018832884   -0.0012822858   -0.0000954849 
    148       O                -0.0145188935   -1.5057943091    1.0022557782 
    149       O                -1.5067286059   -0.0137411350    1.0022069153 
    150       O                 1.5069622578    0.0152983248   -1.0028369972 
    151       O                 0.0146926554    1.5074718159   -1.0030028782 
    152       O                -0.0274921203   -1.5135930632    2.0068712569 
    153       O                 1.5138671278    0.0276323217   -2.0078988973 
    154       O                 0.0269904257    1.5150513903   -2.0075583551 
    155       O                -1.5154181371   -0.0256411161    2.0068428791 
    156       H                 0.2181157749   -1.5053581236   -2.5537142159 
    157       H                -1.5083982176    0.2260139775   -2.5596677829 
    158       Ti               -0.4737297496   -1.4731118324    0.9982031580 
    159       Ti               -1.4739581607   -0.4729296036    0.9981472675 
    160       Ti                1.4745049572    0.4745895149   -0.9984728763 
    161       Ti                0.4739485894    1.4750838494   -0.9984357414 
    162       Ti               -0.4755454949   -1.4745692981    1.9766025241 
    163       Ti                1.4746727238    0.4759137690   -1.9770561362 
    164       Ti                0.4750355133    1.4755847221   -1.9769854860 
    165       Ti               -1.4765933323   -0.4736821817    1.9764873887 
    166       Ti               -0.4990025446   -1.4744495417    0.0001725128 
    167       Ti               -1.4747731834   -0.4989911587    0.0001867734 
    168       Ti                1.4739721208   -0.5235840433   -1.9769778137 
    169       Ti                0.5259907237   -1.4732569821    0.9994572441 
    170       Ti                0.5238320368   -1.4740507288    1.9766261173 
    171       Ti                1.4737424947   -0.5253913360   -0.9971131661 
    172       Ti               -1.4740092763    0.5267430179    0.9994572441 
    173       Ti               -0.5262575053    1.4746086640   -0.9971131661 
    174       Ti               -1.4761679632    0.5259492712    1.9766261173 
    175       Ti               -0.5260278792    1.4764159567   -1.9769778137 
    176       O                 1.4935310677    0.4941482702    1.5056135102 
    177       O                -0.4942204907   -1.4936800728   -1.5056818391 
    178       O                -1.4943169309   -0.4933581407   -1.5057130007 
    179       O                 0.4925546750    1.4949704680    1.5052010023 
    180       O                 0.5055177625   -1.4927376308   -1.5055477351 
    181       O                 1.4928379531   -0.5065305035    0.5020083423 
    182       O                 1.4933357560   -0.5052802752    1.5057642595 
    183       O                -0.5071620469    1.4934694965    0.5020083423 
    184       O                -0.5066642440    1.4947197248    1.5057642595 
    185       O                -1.4944822375    0.5072623692   -1.5055477351 
    186       O                 1.4988529388    0.4978079366    0.5003339207 
    187       O                 0.4975293082    1.4991850096    0.5002050003 
    188       O                 0.5009309203   -1.4987851076   -0.5005199142 
    189       O                -1.4990690797    0.5012148924   -0.5005199142 
    190       O                 1.4995386948   -0.5002085534   -0.5006496751 
    191       O                -0.4986827492   -1.5001601981   -0.5004196882 
    192       O                -0.5004613052    1.4997914466   -0.5006496751 
    193       Ti                0.5000000000   -1.5000000000    0.0000000000 
    194       O                -1.5005032494   -0.4984244264   -0.5004419590 
    195       Ti               -1.5000000000    0.5000000000    0.0000000000 
    196       O                 0.4984170860   -1.5012830904    0.5002159922 
    197       O                -1.5015829140    0.4987169096    0.5002159922 
    198       O                 1.5013172508    0.4998398019   -0.5004196882 
    199       O                 0.4994967506    1.5015755736   -0.5004419590 
    200       O                -0.5011470612   -1.5021920634    0.5003339207 
    201       O                -1.5024706918   -0.5008149904    0.5002050003 
    202       O                 1.5051211937   -0.4930478147   -1.5061723416 
    203       O                 0.4932160013   -1.5051384619    1.5048495469 
    204       O                -1.5067839987    0.4948615381    1.5048495469 
    205       O                -0.4948788063    1.5069521853   -1.5061723416 
    206       O                 1.5057795093    0.5063199272   -1.5056818391 
    207       O                -0.5064689323   -1.5058517298    1.5056135102 
    208       O                 0.5056830691    1.5066418593   -1.5057130007 
    209       O                -1.5074453250   -0.5050295320    1.5052010023 
    210       Ti                0.5252268166    1.5010088413    0.0001867734 
    211       Ti                1.5009974554    0.5255504583    0.0001725128 
    212       Ti                0.4742515782   -1.5233124107   -1.9772571946 
    213       Ti                1.5240403679   -0.4740299944    1.9766029816 
    214       Ti                1.5238189042   -0.4757362461    0.0007933710 
    215       Ti               -0.4761810958    1.5242637539    0.0007933710 
    216       Ti                0.4740325055   -1.5249350236   -0.9995747827 
    217       Ti                1.5255708653   -0.4735391913    0.9966765566 
    218       Ti               -1.5259674945    0.4750649764   -0.9995747827 
    219       Ti               -0.4759596321    1.5259700056    1.9766029816 
    220       Ti               -0.4744291347    1.5264608087    0.9966765566 
    221       Ti               -1.5257484218    0.4766875893   -1.9772571946 
    222       O                 0.4587901033   -1.5340087964   -2.5464299554 
    223       O                -1.5412098967    0.4659912036   -2.5464299554 
    224       Ti               -0.5253272762   -1.5240862310   -1.9770561362 
    225       Ti                1.5244545051    0.5254307019    1.9766025241 
    226       Ti               -1.5249644867   -0.5244152779   -1.9769854860 
    227       Ti               -0.5254950428   -1.5254104851   -0.9984728763 
    228       Ti                0.5234066677    1.5263178183    1.9764873887 
    229       Ti               -1.5260514106   -0.5249161506   -0.9984357414 
    230       Ti                1.5262702504    0.5268881676    0.9982031580 
    231       Ti                0.5260418393    1.5270703964    0.9981472675 
    232       O                -0.9733062683   -1.4848413058   -2.0073524988 
    233       O                 1.4850346487    0.9735962119    2.0072752041 
    234       O                 0.9716264460    1.4867148598    2.0070958877 
    235       O                -1.4860397783   -0.9726945134   -2.0073022114 
    236       O                -0.9851144759   -1.4928934114   -1.0024636783 
    237       O                -1.4934923209   -0.9845986350   -1.0023524993 
    238       O                 1.4932742198    0.9851393266    1.0036518344 
    239       O                 0.9843724602    1.4942116415    1.0037480162 
    240       O                 1.4953997044    0.9866405827   -0.0004711067 
    241       O                 0.9863879556    1.4957611712   -0.0006374068 
    242       O                 0.9717808283   -1.5134345169    2.0068266364 
    243       O                 1.5135923145   -0.9717102568   -2.0075409210 
    244       O                 0.9851306761   -1.5059713655    1.0022908557 
    245       O                 1.5065913419   -0.9848431268   -1.0030894639 
    246       O                -1.5065638507    0.9858502354    1.0021070774 
    247       O                -0.9855878203    1.5074649430   -1.0027756140 
    248       O                -1.5153411127    0.9739048665    2.0070167761 
    249       O                -0.9744395055    1.5153300214   -2.0075772243 
    250       O                 0.9980996180   -1.5020039511   -0.0000928628 
    251       O                -1.5021599456    0.9984797681   -0.0000883647 
    252       O                 1.0148855241   -1.4928934114   -1.0024636783 
    253       O                 1.4850346487   -1.0264037881    2.0072752041 
    254       O                 1.0266937317   -1.4848413058   -2.0073524988 
    255       O                -1.5021599456   -1.0015202319   -0.0000883647 
    256       O                 1.4932742198   -1.0148606734    1.0036518344 
    257       O                -1.0019003820   -1.5020039511   -0.0000928628 
    258       O                -1.4934923209    1.0154013650   -1.0023524993 
    259       O                 1.4953997044   -1.0133594173   -0.0004711067 
    260       O                -1.4860397783    1.0273054866   -2.0073022114 
    261       O                -1.0156275398    1.4942116415    1.0037480162 
    262       O                -1.0136120444    1.4957611712   -0.0006374068 
    263       O                -1.0283735540    1.4867148598    2.0070958877 
    264       O                -1.0148693239   -1.5059713655    1.0022908557 
    265       O                -1.5065638507   -1.0141497646    1.0021070774 
    266       O                 1.5065913419    1.0151568732   -1.0030894639 
    267       O                 1.0144121797    1.5074649430   -1.0027756140 
    268       O                 1.0255604945    1.5153300214   -2.0075772243 
    269       O                -1.0282191717   -1.5134345169    2.0068266364 
    270       O                 1.5135923145    1.0282897432   -2.0075409210 
    271       O                -1.5153411127   -1.0260951335    2.0070167761 
    272       H                 0.4916017824   -1.7739860225   -2.5596677829 
    273       H                -1.7818842251    0.4946418764   -2.5537142159 
    274       Ba                0.0081163179   -1.9913527030    0.5022403124 
    275       Ba               -1.9918836821    0.0086472970    0.5022403124 
    276       Ba                0.0063367548   -1.9921204244    1.5255520106 
    277       Ba                1.9922256080   -0.0067524086   -1.5265456256 
    278       Ba               -0.0077743920    1.9932475914   -1.5265456256 
    279       Ba               -1.9936632452    0.0078795756    1.5255520106 
    280       Ba                1.9981477049   -0.0014313070   -0.5021599678 
    281       Ba               -0.0018522951    1.9985686930   -0.5021599678 
    282       O                -0.4861328722   -1.9723676783   -2.0078988973 
    283       O                 1.9725078797    0.4864069368    2.0068712569 
    284       O                -1.9730095743   -0.4849486097   -2.0075583551 
    285       O                 0.4845818629    1.9743588839    2.0068428791 
    286       O                 0.5137034961   -1.9712518254   -2.0073158985 
    287       O                 1.9722635031   -0.5134609174    2.0072514794 
    288       O                -0.5150544732    1.9741174329    2.0073720983 
    289       O                -1.9740003536    0.5153715928   -2.0073321887 
    290       O                -0.4930377422   -1.9847016752   -1.0028369972 
    291       O                -1.9853073446   -0.4925281841   -1.0030028782 
    292       O                 1.9854811065    0.4942056909    1.0022557782 
    293       O                 0.4932713941    1.9862588650    1.0022069153 
    294       O                 0.5065399766   -1.9843320722   -1.0026809302 
    295       O                 1.9846208746   -0.5059482640    1.0014312452 
    296       O                 1.9856149964   -0.5035810056    0.0014133747 
    297       O                -0.5040106883    1.9859508773    0.0013711926 
    298       O                -0.5066660441    1.9853597733    1.0018113670 
    299       O                -1.9852077201    0.5074571115   -1.0023899901 
    300       O                 1.9983568998    0.4982947223   -0.0000902577 
    301       O                 0.4981167116    1.9987177142   -0.0000954849 
    302       Ti               -1.4740092763   -1.4732569821    0.9994572441 
    303       Ti                1.4737424947    1.4746086640   -0.9971131661 
    304       Ti               -1.4761679632   -1.4740507288    1.9766261173 
    305       Ti                1.4739721208    1.4764159567   -1.9769778137 
    306       Ti                1.5009974554   -1.4744495417    0.0001725128 
    307       Ti               -1.4747731834    1.5010088413    0.0001867734 
    308       O                 1.4928379531    1.4934694965    0.5020083423 
    309       O                -1.4944822375   -1.4927376308   -1.5055477351 
    310       O                 1.4933357560    1.4947197248    1.5057642595 
    311       O                -1.4990690797   -1.4987851076   -0.5005199142 
    312       Ti                1.4746727238   -1.5240862310   -1.9770561362 
    313       O                 1.4995386948    1.4997914466   -0.5006496751 
    314       O                 1.4935310677   -1.5058517298    1.5056135102 
    315       Ti                1.5244545051   -1.4745692981    1.9766025241 
    316       O                 1.5057795093   -1.4936800728   -1.5056818391 
    317       Ti                1.5262702504   -1.4731118324    0.9982031580 
    318       Ti               -1.5000000000   -1.5000000000    0.0000000000 
    319       Ti                1.4745049572   -1.5254104851   -0.9984728763 
    320       Ti               -1.5249644867    1.4755847221   -1.9769854860 
    321       O                -1.4943169309    1.5066418593   -1.5057130007 
    322       O                 1.4988529388   -1.5021920634    0.5003339207 
    323       O                 1.5013172508   -1.5001601981   -0.5004196882 
    324       Ti               -1.4739581607    1.5270703964    0.9981472675 
    325       Ti               -1.5260514106    1.4750838494   -0.9984357414 
    326       O                -1.5024706918    1.4991850096    0.5002050003 
    327       O                -1.5005032494    1.5015755736   -0.5004419590 
    328       O                -1.5074453250    1.4949704680    1.5052010023 
    329       O                -1.5015829140   -1.5012830904    0.5002159922 
    330       Ti               -1.4765933323    1.5263178183    1.9764873887 
    331       O                -1.5067839987   -1.5051384619    1.5048495469 
    332       O                 1.5051211937    1.5069521853   -1.5061723416 
    333       Ti                1.5238189042    1.5242637539    0.0007933710 
    334       Ti               -1.5257484218   -1.5233124107   -1.9772571946 
    335       Ti                1.5240403679    1.5259700056    1.9766029816 
    336       Ti               -1.5259674945   -1.5249350236   -0.9995747827 
    337       Ti                1.5255708653    1.5264608087    0.9966765566 
    338       O                -1.5412098967   -1.5340087964   -2.5464299554 
    339       Ba               -0.9932810686   -1.9912605720    0.5017310945 
    340       Ba               -1.9917755641   -0.9928288049    0.5017894135 
    341       Ba               -0.9930317004   -1.9920533272    1.5259882377 
    342       Ba                1.9918094725    0.9940104371   -1.5262883089 
    343       Ba               -1.9936082543   -0.9915342089    1.5257391012 
    344       Ba                0.9923466866    1.9935137087   -1.5262187791 
    345       Ba                1.0067189314   -1.9912605720    0.5017310945 
    346       Ba                1.9918094725   -1.0059895629   -1.5262883089 
    347       Ba               -1.9917755641    1.0071711951    0.5017894135 
    348       Ba                1.0069682996   -1.9920533272    1.5259882377 
    349       Ba                1.9978378243    0.9975142374   -0.5018662501 
    350       Ba                0.9969934949    1.9983257567   -0.5019824531 
    351       Ba               -1.0076533134    1.9935137087   -1.5262187791 
    352       Ba               -1.9936082543    1.0084657911    1.5257391012 
    353       Ba                1.9978378243   -1.0024857626   -0.5018662501 
    354       Ba               -1.0030065051    1.9983257567   -0.5019824531 
    355       H                -1.5083982176   -1.7739860225   -2.5596677829 
    356       H                -1.7818842251   -1.5053581236   -2.5537142159 
    357       O                -1.4862965039   -1.9712518254   -2.0073158985 
    358       O                 1.9722635031    1.4865390826    2.0072514794 
    359       O                -1.9740003536   -1.4846284072   -2.0073321887 
    360       O                 1.4849455268    1.9741174329    2.0073720983 
    361       O                -1.4934600234   -1.9843320722   -1.0026809302 
    362       O                -1.9852077201   -1.4925428885   -1.0023899901 
    363       O                 1.9846208746    1.4940517360    1.0014312452 
    364       O                 1.4933339559    1.9853597733    1.0018113670 
    365       O                 1.9725078797   -1.5135930632    2.0068712569 
    366       O                 1.9856149964    1.4964189944    0.0014133747 
    367       O                 1.4959893117    1.9859508773    0.0013711926 
    368       O                 1.5138671278   -1.9723676783   -2.0078988973 
    369       O                -1.9730095743    1.5150513903   -2.0075583551 
    370       O                -1.5154181371    1.9743588839    2.0068428791 
    371       O                 1.9854811065   -1.5057943091    1.0022557782 
    372       O                 1.5069622578   -1.9847016752   -1.0028369972 
    373       O                -1.9853073446    1.5074718159   -1.0030028782 
    374       O                -1.5067286059    1.9862588650    1.0022069153 
    375       O                 1.9983568998   -1.5017052777   -0.0000902577 
    376       O                -1.5018832884    1.9987177142   -0.0000954849 
    377       Ba               -1.9918836821   -1.9913527030    0.5022403124 
    378       Ba                1.9922256080    1.9932475914   -1.5265456256 
    379       Ba               -1.9936632452   -1.9921204244    1.5255520106 
    380       Ba                1.9981477049    1.9985686930   -0.5021599678 
