primitive lattice vectors  2  1  1
  8.00000000  0.00000000  0.00000000
  0.00000000  4.00000000  0.00000000
  0.00000000  0.00000000 80.00000000
number of atoms in unit cell
738
atom, type, position vector
      1       Ba               -0.0000003766   -0.0000007181    0.5034710988 
      2       Ba               -0.0000000949   -0.0000011620    1.5250469220 
      3       Ba               -0.0000026625   -0.0000013554   -0.5034516375 
      4       Ba                0.0024550111   -0.0000071398   -1.5320504360 
      5       O                -0.0151854907   -0.4804460388   -2.0141812889 
      6       O                -0.0103860842   -0.4881525233   -1.0070630646 
      7       O                 0.4902636836    0.0395746326   -2.0134316056 
      8       O                -0.4952707024    0.0398866662   -2.0145796902 
      9       O                 0.4999994983    0.0000010579    1.9973747990 
     10       O                 0.5000013258   -0.0000001492   -0.0000015698 
     11       O                 0.5000014987    0.0000000182    0.9989739949 
     12       O                 0.0000015752    0.5000001020    1.9973772050 
     13       O                -0.0000003527    0.5000016294   -0.0000014267 
     14       O                -0.0000001338    0.5000018637    0.9989740286 
     15       O                 0.0000020584   -0.4999992016    1.9973763950 
     16       O                 0.0000006962   -0.5000012511    0.9989747248 
     17       O                -0.0000002133   -0.5000016447   -0.0000014265 
     18       O                -0.4999988548    0.0000014182    1.9973759920 
     19       O                -0.5000012685    0.0000006518    0.9989746358 
     20       O                -0.5000013415   -0.0000001769   -0.0000017217 
     21       O                -0.4998356628    0.0186420433   -1.0077357126 
     22       O                 0.5023093271    0.0190016142   -1.0080066200 
     23       O                 0.0154836755    0.5099743383   -1.0077437564 
     24       O                 0.0111997293    0.5526789826   -2.0900307275 
     25       Ti                0.4783192805    0.4781602232   -0.9945137568 
     26       O                 0.4960758535   -0.4920468867   -1.5092387181 
     27       O                -0.4996167648   -0.4897252860   -1.5097049800 
     28       Ti               -0.4673365679   -0.5224014022   -1.9798905165 
     29       Ti               -0.4726011008   -0.5230531749   -0.9977470138 
     30       Ti                0.5000001365    0.4999993279    1.9700581130 
     31       Ti                0.5000010477    0.4999994015    0.9935414222 
     32       O                 0.5000007592    0.5000008814    0.5009022928 
     33       O                 0.5000014642    0.5000016731   -0.5008901215 
     34       Ti                0.5000022985    0.5000026268   -0.0000012514 
     35       O                 0.5000026311    0.5000031525    1.5047669220 
     36       O                 0.4999991588   -0.4999993761    0.5009018392 
     37       O                 0.5000005443   -0.5000000634   -0.5008900361 
     38       Ti                0.4999997440   -0.5000009918    1.9700574540 
     39       Ti                0.4999994486   -0.5000016630    0.9935414365 
     40       O                 0.5000022974   -0.5000023669    1.5047664280 
     41       Ti                0.5000022111   -0.5000035344   -0.0000012656 
     42       O                -0.4999991981    0.4999993747    0.5009016891 
     43       Ti               -0.5000026328    0.4999980987    0.9935412739 
     44       O                -0.4999999268    0.5000008481   -0.5008901433 
     45       Ti               -0.5000014032    0.4999993940    1.9700573260 
     46       O                -0.5000024628    0.5000023367    1.5047660430 
     47       Ti               -0.5000030097    0.5000025187   -0.0000013364 
     48       O                -0.4999993125   -0.4999995290    0.5009019012 
     49       Ti               -0.5000015181   -0.4999999781    0.9935414579 
     50       Ti               -0.5000013626   -0.5000008996    1.9700578540 
     51       O                -0.5000010323   -0.5000012400   -0.5008901939 
     52       O                -0.5000030734   -0.5000027947    1.5047671440 
     53       Ti               -0.5000027265   -0.5000033552   -0.0000013040 
     54       Ti               -0.5246046229    0.4780891641   -0.9950456044 
     55       O                -0.4932054945    0.5116702413   -1.5148283760 
     56       O                 0.5022460061    0.5118700610   -1.5161997690 
     57       Ti                0.5425281605    0.4806035607   -1.9809034974 
     58       Ti               -0.5431109041    0.4839493557   -1.9813292825 
     59       Ti                0.5256519990   -0.5227599734   -0.9976112446 
     60       Ti                0.5253888252   -0.5287308172   -1.9800028586 
     61       H                 0.0054423021    0.7746006030   -2.1855627165 
     62       Ba               -0.0060265638    0.9934944598   -1.5182122043 
     63       Ba               -0.0000013232    1.0000041680    0.5034724907 
     64       Ba               -0.0000027161    1.0000096680    1.5250465370 
     65       Ba               -0.0000030644    1.0000128430   -0.5034565397 
     66       Ba                1.0000223870   -0.0000018475    1.5250475620 
     67       Ba                1.0000239800   -0.0000018681   -0.5034646744 
     68       Ba                1.0000437490   -0.0000029214    0.5034161745 
     69       Ba               -0.0000007578   -1.0000047590    0.5034719311 
     70       Ba               -0.0000017106   -1.0000111150    1.5250459490 
     71       Ba               -0.0000019234   -1.0000142370   -0.5034556055 
     72       Ba               -1.0000248590   -0.0000000687    1.5250467650 
     73       Ba               -1.0000251550   -0.0000007107   -0.5034641947 
     74       Ba               -1.0000445520   -0.0000017998    0.5034150750 
     75       Ba               -1.0012732609   -0.0089837673   -1.5242206058 
     76       Ba                0.0059070183   -1.0075255581   -1.5272121097 
     77       Ba                1.0079469937   -0.0059842849   -1.5258509635 
     78       O                -0.4931006224   -0.9680952534   -2.0120029298 
     79       O                 0.9747597756   -0.4896012918   -2.0128662496 
     80       O                 0.5010982384   -0.9771823662   -2.0112759428 
     81       O                -0.4946960757   -0.9835637573   -1.0075378357 
     82       O                 0.9890106213   -0.4908565767   -1.0065328409 
     83       O                 0.5034023466   -0.9836026978   -1.0069965029 
     84       O                -0.9866691015    0.5096358337   -1.0079885886 
     85       O                 0.9999953654    0.5000007923    0.0000011779 
     86       O                 0.9999986016    0.5000012807    1.9973753970 
     87       O                 0.5000006604    0.9999956408    0.0000011599 
     88       O                 1.0000010510    0.5000003691    0.9989734578 
     89       O                 0.5000004520    0.9999985408    1.9973757900 
     90       O                 0.5000001837    1.0000010940    0.9989737930 
     91       O                 0.9999947995   -0.5000003891    0.0000006283 
     92       O                 0.9999980854   -0.5000006081    1.9973755340 
     93       O                 1.0000008500   -0.5000001754    0.9989734174 
     94       O                -0.5000003509    0.9999950620    0.0000006146 
     95       O                -0.5000003160    0.9999987840    1.9973758570 
     96       O                -0.5000003073    1.0000011380    0.9989736336 
     97       O                 0.5000006606   -0.9999953762    0.0000012084 
     98       O                 0.5000005306   -0.9999975699    1.9973758900 
     99       O                 0.5000001280   -1.0000008380    0.9989738069 
    100       O                -0.9999950875    0.5000008051    0.0000011823 
    101       O                -0.9999975096    0.5000009048    1.9973758830 
    102       O                -1.0000008320    0.5000002007    0.9989733978 
    103       O                -0.5000006496   -0.9999949308    0.0000006626 
    104       O                -0.5000003728   -0.9999977249    1.9973764510 
    105       O                -0.9999945889   -0.5000007456    0.0000006330 
    106       O                -0.5000003896   -1.0000006450    0.9989737082 
    107       O                -0.9999971998   -0.5000008569    1.9973768320 
    108       O                -1.0000005790   -0.5000003763    0.9989734271 
    109       O                -0.9945976321    0.5170912863   -2.0109613867 
    110       O                -1.0154177717   -0.4798125202   -2.0141630920 
    111       O                 1.0042549680    0.5046931934   -2.0121807572 
    112       O                -1.0107424590   -0.4914059649   -1.0058362629 
    113       O                -0.4931934789    1.0155912066   -1.0044674894 
    114       O                -0.4842326073    1.0226989594   -2.0252438017 
    115       O                 1.0150017004    0.5110547078   -1.0080859222 
    116       O                 0.5082729359    1.0173256473   -1.0065403585 
    117       O                 0.5030067518    1.0277313194   -2.0216147490 
    118       Ba               -0.9894215990   -1.0094416609   -1.5296264002 
    119       Ba                1.0000226290    1.0000084500    1.5250487510 
    120       Ba                1.0000233550    1.0000108570   -0.5034666309 
    121       Ba                1.0000395530    1.0000184250    0.5034217925 
    122       Ba                1.0000225690   -1.0000080740    1.5250476610 
    123       Ba                1.0000229340   -1.0000109030   -0.5034660709 
    124       Ba               -1.0000230430    1.0000087270    1.5250478920 
    125       Ba               -1.0000234090    1.0000104590   -0.5034667071 
    126       Ba                1.0000394340   -1.0000182860    0.5034211146 
    127       Ba               -1.0000395850    1.0000179870    0.5034209146 
    128       Ba               -1.0000236310   -1.0000096220    1.5250470170 
    129       Ba               -1.0000231860   -1.0000106430   -0.5034656159 
    130       Ba               -1.0000393770   -1.0000182170    0.5034202410 
    131       Ba                1.0042649796   -0.9979925297   -1.5268202985 
    132       Ba                0.9977932782    1.0084128521   -1.5286672600 
    133       Ba               -1.0109045788    0.9974164200   -1.5238616882 
    134       O                 0.0246121584   -1.4888180515   -2.0145579701 
    135       O                 0.0159629678   -1.4926902783   -1.0054233981 
    136       O                 1.4988793447   -0.0145916778   -2.0129971464 
    137       O                -1.4993469448    0.0186512752   -1.0062675312 
    138       O                 1.4999990250    0.0000001738    0.0000003877 
    139       O                 1.4999994010    0.0000005694    1.9973768790 
    140       O                 1.5000003570    0.0000000000    0.9989750156 
    141       O                 0.0000000000    1.4999993540    0.0000004599 
    142       O                 0.0000006676    1.4999996160    1.9973774300 
    143       O                -0.0000001373    1.5000002940    0.9989750844 
    144       O                 0.0000000000   -1.4999992120    0.0000004251 
    145       O                 0.0000004376   -1.4999995760    1.9973779870 
    146       O                -0.0000001871   -1.5000002710    0.9989750754 
    147       O                -1.4999989790    0.0000001899    0.0000003997 
    148       O                -1.4999991490    0.0000007508    1.9973773250 
    149       O                -1.5000002100    0.0000000000    0.9989750383 
    150       O                 1.5016742559    0.0198442088   -1.0069129984 
    151       O                -1.5013755027    0.0346829670   -2.0145091233 
    152       O                 0.0157596485    1.5065470517   -1.0064989356 
    153       O                 0.0227125679    1.5137383214   -2.0161319565 
    154       Ti                0.4705162429    1.4801307023   -1.9804393508 
    155       Ti                1.4767551389    0.4816187465   -0.9908155418 
    156       Ti                0.4771958286    1.4782134088   -0.9950231503 
    157       Ti               -1.4654055411   -0.5277779237   -1.9801483232 
    158       Ti               -1.4726086599   -0.5255272215   -0.9967354404 
    159       Ti               -0.5242706531    1.4757646042   -1.9800865574 
    160       Ti               -0.5240950734    1.4767781353   -0.9951475247 
    161       O                -0.4900543637   -1.4973950187   -1.5096724445 
    162       O                 0.5060384199   -1.4950217900   -1.5106775129 
    163       O                -1.4995981622   -0.4930202191   -1.5102564560 
    164       O                -0.4938231062    1.4998627097   -1.5101434119 
    165       O                 1.5004132299   -0.4948792633   -1.5103955612 
    166       O                 1.4999974430    0.5000016252   -0.5008888728 
    167       O                 1.4999983610    0.4999998871    0.5009018752 
    168       O                 1.4999985770    0.5000021483    1.5047707080 
    169       Ti                1.5000012200    0.5000017226    0.9935380267 
    170       Ti                1.5000020730    0.5000022711    1.9700568380 
    171       O                 0.5000014196    1.4999976140   -0.5008885698 
    172       O                 0.4999996325    1.4999985710    0.5009017567 
    173       O                 0.5000021554    1.4999984400    1.5047708350 
    174       Ti                0.5000030001    1.4999996990    0.9935397943 
    175       Ti                0.5000027964    1.5000015600    1.9700573000 
    176       Ti                1.5000072890    0.5000085979   -0.0000051607 
    177       Ti                0.5000104540    1.5000055620   -0.0000055526 
    178       O                 1.4999979430   -0.4999998834    0.5009021367 
    179       O                 1.4999982660   -0.5000017126   -0.5008883362 
    180       O                 1.4999987290   -0.5000025133    1.5047708860 
    181       Ti                1.5000016610   -0.5000024922    0.9935385429 
    182       Ti                1.5000024860   -0.5000031565    1.9700567450 
    183       O                -0.4999996330    1.4999981530    0.5009017127 
    184       O                -0.5000014793    1.4999985200   -0.5008880922 
    185       O                -0.5000027173    1.4999984030    1.5047702740 
    186       Ti                1.5000075820   -0.5000094559   -0.0000051113 
    187       Ti               -0.5000046434    1.5000003340    0.9935397381 
    188       Ti               -0.5000034067    1.5000017800    1.9700568100 
    189       Ti               -0.5000113196    1.5000057570   -0.0000053562 
    190       O                 0.5000013379   -1.4999977250   -0.5008888891 
    191       O                 0.4999995851   -1.4999987170    0.5009017346 
    192       O                 0.5000022112   -1.4999985710    1.5047704400 
    193       Ti                0.5000029736   -1.5000000310    0.9935398242 
    194       Ti                0.5000028830   -1.5000034460    1.9700580240 
    195       O                -1.4999975870    0.5000015653   -0.5008890526 
    196       O                -1.4999984870    0.4999998176    0.5009019317 
    197       Ti                0.5000105508   -1.5000057840   -0.0000056136 
    198       O                -1.4999986110    0.5000021084    1.5047706130 
    199       Ti               -1.5000013360    0.5000020030    0.9935376651 
    200       Ti               -1.5000039600    0.5000021871    1.9700566260 
    201       Ti               -1.5000074370    0.5000087577   -0.0000053853 
    202       O                -0.4999995873   -1.4999982710    0.5009018365 
    203       O                -0.5000014237   -1.4999985970   -0.5008883879 
    204       O                -0.5000026694   -1.4999986040    1.5047704290 
    205       Ti               -0.5000048184   -1.5000005580    0.9935401069 
    206       O                -1.4999980650   -0.4999998012    0.5009020978 
    207       O                -1.4999983680   -0.5000016369   -0.5008885956 
    208       Ti               -0.5000036358   -1.5000031080    1.9700576720 
    209       O                -1.4999987280   -0.5000025435    1.5047702330 
    210       Ti               -1.5000016230   -0.5000030403    0.9935379955 
    211       Ti               -0.5000114436   -1.5000056280   -0.0000052276 
    212       Ti               -1.5000038030   -0.5000033238    1.9700569990 
    213       Ti               -1.5000074050   -0.5000097868   -0.0000052910 
    214       O                -1.5012658248    0.5076294141   -1.5121197033 
    215       O                 0.5043693852    1.5060737032   -1.5116471844 
    216       O                 1.5069622841    0.5076518011   -1.5138394939 
    217       Ti               -1.5212492501    0.4787316341   -1.9752031592 
    218       Ti                0.4766420204   -1.5230901502   -0.9955587614 
    219       Ti               -1.5237494058    0.4793701336   -0.9911330905 
    220       Ti                0.4746344687   -1.5265529284   -1.9795621616 
    221       Ti                1.5127754067    0.5334065501   -1.9752849989 
    222       Ti                1.5349371309   -0.4662493198   -1.9805817583 
    223       Ti               -0.5226814412   -1.5247699140   -0.9960837946 
    224       Ti                1.5272729440   -0.5227473512   -0.9961267682 
    225       Ti               -0.5179010864   -1.5312752784   -1.9790075656 
    226       O                -0.9671520836   -1.4891985240   -2.0147349071 
    227       O                -1.4897202284   -0.9742836549   -2.0130928678 
    228       O                -0.9830240900   -1.4929188916   -1.0061401984 
    229       O                -1.4952719432   -0.9849817224   -1.0072440815 
    230       O                -0.9712240289    1.5095797798   -2.0135210048 
    231       O                 1.5036517797   -0.9834378163   -1.0062376806 
    232       O                 1.5093089398    0.9785014324   -2.0159463932 
    233       O                -0.9847277003    1.5075972009   -1.0059913794 
    234       O                 1.4999976920    0.9999977108    1.9973745320 
    235       O                 1.4999987830    0.9999969672   -0.0000012832 
    236       O                 1.4999978980    0.9999991194    0.9989741990 
    237       O                 0.9999975405    1.4999979640    1.9973745450 
    238       O                 0.9999967446    1.4999988270   -0.0000013274 
    239       O                 0.9999989328    1.4999978940    0.9989738894 
    240       O                 1.4999975650   -0.9999970652    1.9973736430 
    241       O                 1.4999986960   -0.9999968439   -0.0000011921 
    242       O                 1.4999978890   -0.9999988505    0.9989741791 
    243       O                -0.9999965429    1.4999986950   -0.0000011464 
    244       O                -0.9999977052    1.4999983770    1.9973754170 
    245       O                -0.9999987094    1.4999978600    0.9989738728 
    246       O                 0.9999976307   -1.4999980220    1.9973750660 
    247       O                 0.9999967120   -1.4999989570   -0.0000012827 
    248       O                 0.9999990530   -1.4999980330    0.9989738645 
    249       O                -1.4999976380    0.9999974277    1.9973737450 
    250       O                -1.4999988370    0.9999969489   -0.0000012820 
    251       O                -1.4999980500    0.9999989531    0.9989741677 
    252       O                -0.9999966374   -1.4999988790   -0.0000011338 
    253       O                -0.9999979495   -1.4999982180    1.9973763860 
    254       O                -0.9999987301   -1.4999979550    0.9989738376 
    255       O                -1.4999975510   -0.9999969614    1.9973737550 
    256       O                -1.4999987910   -0.9999969558   -0.0000012597 
    257       O                -1.4999979990   -0.9999987168    0.9989741313 
    258       O                 1.0156215287   -1.4910018794   -1.0067206696 
    259       O                -1.4937007127    1.0166655496   -1.0056546365 
    260       O                -1.4910791033    1.0223372342   -2.0142106643 
    261       O                 1.0250839183   -1.4961977039   -2.0127906602 
    262       O                 1.5057454497   -1.0144182255   -2.0145052459 
    263       O                 1.5066844557    1.0186600423   -1.0063891303 
    264       O                 1.0149439610    1.5103903774   -1.0061622314 
    265       O                 1.0284926708    1.5016004382   -2.0195131638 
    266       Ba               -0.0073648129    1.9913065116   -1.5243875303 
    267       Ba               -1.9953820526   -0.0025896962   -1.5193643506 
    268       Ba                2.0000012670   -0.0000012641    0.5034698375 
    269       Ba                2.0000020620   -0.0000009750    1.5250424630 
    270       Ba                2.0000028350   -0.0000016626   -0.5034517084 
    271       Ba               -0.0000013098    2.0000014200    0.5034716538 
    272       Ba               -0.0000023121    2.0000016980    1.5250447090 
    273       Ba               -0.0000025598    2.0000019220   -0.5034528253 
    274       Ba               -1.9999971650   -0.0000016626   -0.5034517084 
    275       Ba               -1.9999979380   -0.0000009750    1.5250424630 
    276       Ba               -1.9999987330   -0.0000012641    0.5034698375 
    277       Ba                2.0046179474   -0.0025896962   -1.5193643506 
    278       O                -0.4843587442   -1.9800845041   -2.0126569135 
    279       O                 0.5126454982   -1.9772652366   -2.0144326132 
    280       O                 1.9850396908   -0.4936793085   -2.0131088296 
    281       O                -0.4921031147   -1.9858303548   -1.0058430145 
    282       O                 0.5074442939   -1.9841148377   -1.0058668461 
    283       O                 1.9893392245   -0.4909862984   -1.0055916626 
    284       O                -1.9863175620    0.5107394249   -1.0052717513 
    285       O                -1.9964174934    0.5051349943   -2.0096339074 
    286       O                 2.0000000000    0.4999987878    0.9989733359 
    287       O                 2.0000000000    0.4999989094    0.0000004723 
    288       O                 2.0000004830    0.4999987927    1.9973741680 
    289       O                 0.4999987000    1.9999998400    0.0000005014 
    290       O                 0.4999987912    2.0000000000    0.9989733752 
    291       O                 0.4999984168    2.0000003210    1.9973749610 
    292       O                 2.0000000000   -0.4999989051    0.0000003794 
    293       O                 2.0000000000   -0.4999991457    0.9989732869 
    294       O                 2.0000002000   -0.4999987921    1.9973742120 
    295       O                -0.4999991103    1.9999997990    0.9989732134 
    296       O                -0.4999988645    2.0000000000    0.0000004324 
    297       O                -0.4999982548    2.0000003590    1.9973752910 
    298       O                -1.9999995170    0.4999987927    1.9973741680 
    299       O                -2.0000000000    0.4999987878    0.9989733359 
    300       O                -2.0000000000    0.4999989094    0.0000004723 
    301       O                -1.9999998000   -0.4999987921    1.9973742120 
    302       O                -2.0000000000   -0.4999989051    0.0000003794 
    303       O                -2.0000000000   -0.4999991457    0.9989732869 
    304       O                 2.0035825066    0.5051349943   -2.0096339074 
    305       O                -2.0106607755   -0.4909862984   -1.0055916626 
    306       O                -2.0149603092   -0.4936793085   -2.0131088296 
    307       O                 2.0136824380    0.5107394249   -1.0052717513 
    308       Ti                1.4740874206   -1.4663494553   -1.9806486224 
    309       Ti                1.4756956593    1.4826340931   -0.9953341566 
    310       O                -1.4886160377   -1.4977821077   -1.5098269539 
    311       Ti                1.4768501161   -1.5204876485   -0.9969950372 
    312       O                 1.4999988830    1.4999983990    1.5047745240 
    313       O                 1.4999992090    1.4999994260    0.5009018868 
    314       O                 1.4999992240    1.4999994420   -0.5008869812 
    315       Ti                1.5000047380    1.5000032090    0.9935324333 
    316       Ti                1.5000075150    1.5000074990    1.9700643380 
    317       Ti                1.5000145700    1.5000127180   -0.0000054066 
    318       O                 1.4999987140   -1.4999986070    1.5047746510 
    319       O                 1.4999991890   -1.4999995620    0.5009020182 
    320       O                 1.4999991850   -1.4999995780   -0.5008871730 
    321       Ti                1.5000047520   -1.5000032500    0.9935319503 
    322       O                -1.4999988180    1.4999982140    1.5047747420 
    323       O                -1.4999993120    1.4999993720    0.5009019043 
    324       O                -1.4999993240    1.4999994460   -0.5008871122 
    325       Ti                1.5000074660   -1.5000085170    1.9700626980 
    326       Ti               -1.5000042200    1.5000034470    0.9935331949 
    327       Ti                1.5000146730   -1.5000127450   -0.0000053077 
    328       Ti               -1.5000088770    1.5000062500    1.9700596730 
    329       Ti               -1.5000143880    1.5000128310   -0.0000051308 
    330       O                -1.4999988460   -1.4999982970    1.5047747860 
    331       O                -1.4999993800   -1.4999995840   -0.5008871222 
    332       O                -1.4999993830   -1.4999995860    0.5009020206 
    333       Ti               -1.5000041580   -1.5000031980    0.9935333047 
    334       Ti               -1.5000084240   -1.5000074450    1.9700608690 
    335       Ti               -1.5000143320   -1.5000126900   -0.0000051128 
    336       O                 1.5066136165   -1.4935573276   -1.5103522259 
    337       O                -1.4972009333    1.5044356590   -1.5110041770 
    338       Ti               -1.5277009658    1.4738340239   -1.9815585587 
    339       Ti               -1.5241764369    1.4801065047   -0.9947927667 
    340       O                 1.5048419472    1.5070469324   -1.5112273468 
    341       Ti                1.4755704151    1.5381995999   -1.9820376402 
    342       Ti               -1.5229272355   -1.5236207881   -0.9975728144 
    343       Ti               -1.5177431230   -1.5320910217   -1.9797582919 
    344       Ba                0.9917884189   -1.9961724515   -1.5286702898 
    345       Ba               -1.0063287976    1.9901587055   -1.5272573020 
    346       Ba               -1.9932268627   -1.0019022334   -1.5343854172 
    347       Ba                1.9943328295    1.0054807212   -1.5200409139 
    348       Ba                2.0000026830    1.0000085240    1.5250481620 
    349       Ba                2.0000026690    1.0000109770   -0.5034553413 
    350       Ba                2.0000045240    1.0000209220    0.5033965032 
    351       Ba                1.0000219530    2.0000008740    1.5250507650 
    352       Ba                1.0000222550    2.0000015160   -0.5034638680 
    353       Ba                1.0000400330    2.0000022470    0.5034142183 
    354       Ba                2.0000033920   -1.0000085140    1.5250475640 
    355       Ba                2.0000026100   -1.0000110000   -0.5034545920 
    356       Ba                2.0000040440   -1.0000212120    0.5033957807 
    357       Ba               -1.0000194130    2.0000018080    1.5250472570 
    358       Ba               -1.0000222690    2.0000016580   -0.5034637126 
    359       Ba               -1.0000400700    2.0000020240    0.5034136481 
    360       Ba               -1.9999973170    1.0000085240    1.5250481620 
    361       Ba               -1.9999973310    1.0000109770   -0.5034553413 
    362       Ba               -1.9999954760    1.0000209220    0.5033965032 
    363       Ba               -1.9999966080   -1.0000085140    1.5250475640 
    364       Ba               -1.9999973900   -1.0000110000   -0.5034545920 
    365       Ba               -1.9999959560   -1.0000212120    0.5033957807 
    366       Ba                2.0067731373   -1.0019022334   -1.5343854172 
    367       Ba               -2.0056671705    1.0054807212   -1.5200409139 
    368       O                -1.9662542624   -1.4976084943   -2.0134791514 
    369       O                -1.4822197688   -1.9818723170   -2.0143645555 
    370       O                -1.9760590284    1.5018220968   -2.0173042400 
    371       O                -1.9835180223   -1.4922709707   -1.0074517544 
    372       O                -1.4922154564   -1.9855857889   -1.0055766614 
    373       O                 1.5074221930   -1.9831617831   -1.0060948475 
    374       O                -1.9847829925    1.5094847459   -1.0053093330 
    375       O                 1.5139557425    1.9874937493   -2.0149818940 
    376       O                -2.4983257441    0.0198442088   -1.0069129984 
    377       O                 2.4986244973    0.0346829670   -2.0145091233 
    378       O                 2.0000000520    1.4999988800   -0.0000017062 
    379       O                 1.4999978650    1.9999998760    1.9975052690 
    380       O                 2.0000011270    1.4999989730    1.9975057070 
    381       O                 2.0000000000    1.5000006250    0.9989724549 
    382       O                 1.4999988570    2.0000000000   -0.0000017220 
    383       O                 1.5000005720    2.0000000000    0.9989723251 
    384       O                 2.4999997900    0.0000000000    0.9989750383 
    385       O                 2.5000008510    0.0000007508    1.9973773250 
    386       O                 2.5000010210    0.0000001899    0.0000003997 
    387       O                 1.9999998610   -1.4999989950   -0.0000016809 
    388       O                 2.0000010000   -1.4999992290    1.9975050740 
    389       O                 2.0000000000   -1.5000006570    0.9989724102 
    390       O                -1.4999974930    2.0000003260    1.9973735070 
    391       O                -1.4999988920    2.0000000000   -0.0000016926 
    392       O                -1.5000006930    1.9999998020    0.9989723664 
    393       O                -1.9999988730    1.4999989730    1.9975057070 
    394       O                -1.9999999480    1.4999988800   -0.0000017062 
    395       O                -2.0000000000    1.5000006250    0.9989724549 
    396       O                -2.4999996430    0.0000000000    0.9989750156 
    397       O                -2.5000005990    0.0000005694    1.9973768790 
    398       O                -2.5000009750    0.0000001738    0.0000003877 
    399       O                -1.9999990000   -1.4999992290    1.9975050740 
    400       O                -2.0000001390   -1.4999989950   -0.0000016809 
    401       O                -2.0000000000   -1.5000006570    0.9989724102 
    402       O                 2.5006530552    0.0186512752   -1.0062675312 
    403       O                -2.5011206553   -0.0145916778   -2.0129971464 
    404       O                 2.0164819777   -1.4922709707   -1.0074517544 
    405       Ti               -2.4650628691   -0.4662493198   -1.9805817583 
    406       O                 2.0152170075    1.5094847459   -1.0053093330 
    407       O                 2.0239409716    1.5018220968   -2.0173042400 
    408       Ti                2.4762505942    0.4793701336   -0.9911330905 
    409       Ti                2.4787507499    0.4787316341   -1.9752031592 
    410       O                 2.0337457376   -1.4976084943   -2.0134791514 
    411       Ti               -2.4727270560   -0.5227473512   -0.9961267682 
    412       Ti               -2.4872245933    0.5334065501   -1.9752849989 
    413       O                -2.4930377159    0.5076518011   -1.5138394939 
    414       O                -2.4995867701   -0.4948792633   -1.5103955612 
    415       O                 2.5004018378   -0.4930202191   -1.5102564560 
    416       Ti                2.4999925630    0.5000087577   -0.0000053853 
    417       Ti                2.4999960400    0.5000021871    1.9700566260 
    418       Ti                2.4999986640    0.5000020030    0.9935376651 
    419       O                 2.5000015130    0.4999998176    0.5009019317 
    420       O                 2.5000013890    0.5000021084    1.5047706130 
    421       O                 2.5000024130    0.5000015653   -0.5008890526 
    422       Ti                2.4999925950   -0.5000097868   -0.0000052910 
    423       Ti                2.4999961970   -0.5000033238    1.9700569990 
    424       Ti                2.4999983770   -0.5000030403    0.9935379955 
    425       O                 2.5000012720   -0.5000025435    1.5047702330 
    426       O                 2.5000019350   -0.4999998012    0.5009020978 
    427       O                 2.5000016320   -0.5000016369   -0.5008885956 
    428       Ti               -2.4999927110    0.5000085979   -0.0000051607 
    429       Ti               -2.4999979270    0.5000022711    1.9700568380 
    430       Ti               -2.4999987800    0.5000017226    0.9935380267 
    431       O                -2.5000016390    0.4999998871    0.5009018752 
    432       O                -2.5000014230    0.5000021483    1.5047707080 
    433       O                -2.5000025570    0.5000016252   -0.5008888728 
    434       Ti               -2.4999924180   -0.5000094559   -0.0000051113 
    435       Ti               -2.4999975140   -0.5000031565    1.9700567450 
    436       Ti               -2.4999983390   -0.5000024922    0.9935385429 
    437       O                -2.5000012710   -0.5000025133    1.5047708860 
    438       O                -2.5000020570   -0.4999998834    0.5009021367 
    439       O                -2.5000017340   -0.5000017126   -0.5008883362 
    440       O                 2.4987341752    0.5076294141   -1.5121197033 
    441       Ti               -2.5232448611    0.4816187465   -0.9908155418 
    442       Ti                2.5273913401   -0.5255272215   -0.9967354404 
    443       Ti                2.5345944589   -0.5277779237   -1.9801483232 
    444       O                -2.4906910602    0.9785014324   -2.0159463932 
    445       O                -2.4963482203   -0.9834378163   -1.0062376806 
    446       O                 2.5047280568   -0.9849817224   -1.0072440815 
    447       O                 2.5000011630    0.9999969489   -0.0000012820 
    448       O                 2.5000023620    0.9999974277    1.9973737450 
    449       O                 2.5000019500    0.9999989531    0.9989741677 
    450       O                 2.5000012090   -0.9999969558   -0.0000012597 
    451       O                 2.5000024490   -0.9999969614    1.9973737550 
    452       O                 2.5000020010   -0.9999987168    0.9989741313 
    453       O                -2.5000012170    0.9999969672   -0.0000012832 
    454       O                -2.5000023080    0.9999977108    1.9973745320 
    455       O                -2.5000021020    0.9999991194    0.9989741990 
    456       O                -2.5000013040   -0.9999968439   -0.0000011921 
    457       O                -2.5000024350   -0.9999970652    1.9973736430 
    458       O                -2.5000021110   -0.9999988505    0.9989741791 
    459       O                -2.4942545503   -1.0144182255   -2.0145052459 
    460       O                 2.5102797716   -0.9742836549   -2.0130928678 
    461       O                -2.4933155443    1.0186600423   -1.0063891303 
    462       O                 2.5062992873    1.0166655496   -1.0056546365 
    463       O                 2.5089208967    1.0223372342   -2.0142106643 
    464       Ba                1.9926062532    1.9992788636   -1.5289998080 
    465       Ba                2.0000001760    2.0000012530    1.5250505760 
    466       Ba                2.0000025230    2.0000015640   -0.5034544689 
    467       Ba                2.0000042790    2.0000023820    0.5033907761 
    468       Ba               -1.9999957210    2.0000023820    0.5033907761 
    469       Ba               -1.9999974770    2.0000015640   -0.5034544689 
    470       Ba               -1.9999998240    2.0000012530    1.5250505760 
    471       Ba               -2.0073937468    1.9992788636   -1.5289998080 
    472       Ti                2.4722990342    1.4738340239   -1.9815585587 
    473       Ti                2.4758235631    1.4801065047   -0.9947927667 
    474       O                -2.4933863835   -1.4935573276   -1.5103522259 
    475       Ti                2.4770727645   -1.5236207881   -0.9975728144 
    476       O                -2.4951580528    1.5070469324   -1.5112273468 
    477       Ti                2.4999856120    1.5000128310   -0.0000051308 
    478       Ti                2.4999911230    1.5000062500    1.9700596730 
    479       Ti                2.4999957800    1.5000034470    0.9935331949 
    480       O                 2.5000011820    1.4999982140    1.5047747420 
    481       O                 2.5000006880    1.4999993720    0.5009019043 
    482       O                 2.5000006760    1.4999994460   -0.5008871122 
    483       Ti                2.4999856680   -1.5000126900   -0.0000051128 
    484       Ti                2.4999915760   -1.5000074450    1.9700608690 
    485       Ti                2.4999958420   -1.5000031980    0.9935333047 
    486       O                 2.5000011540   -1.4999982970    1.5047747860 
    487       O                 2.5000006170   -1.4999995860    0.5009020206 
    488       O                 2.5000006200   -1.4999995840   -0.5008871222 
    489       Ti               -2.4999854300    1.5000127180   -0.0000054066 
    490       Ti               -2.4999924850    1.5000074990    1.9700643380 
    491       Ti               -2.4999952620    1.5000032090    0.9935324333 
    492       O                -2.5000011170    1.4999983990    1.5047745240 
    493       O                -2.5000007760    1.4999994420   -0.5008869812 
    494       O                -2.5000007910    1.4999994260    0.5009018868 
    495       Ti               -2.4999853270   -1.5000127450   -0.0000053077 
    496       Ti               -2.4999952480   -1.5000032500    0.9935319503 
    497       Ti               -2.4999925340   -1.5000085170    1.9700626980 
    498       O                -2.5000012860   -1.4999986070    1.5047746510 
    499       O                -2.5000008110   -1.4999995620    0.5009020182 
    500       O                -2.5000008150   -1.4999995780   -0.5008871730 
    501       Ti                2.4822568770   -1.5320910217   -1.9797582919 
    502       O                 2.5027990667    1.5044356590   -1.5110041770 
    503       Ti               -2.5259125794   -1.4663494553   -1.9806486224 
    504       O                 2.5113839623   -1.4977821077   -1.5098269539 
    505       Ti               -2.5243043407    1.4826340931   -0.9953341566 
    506       Ti               -2.5231498839   -1.5204876485   -0.9969950372 
    507       Ti               -2.5244295849    1.5381995999   -1.9820376402 
    508       Ba               -2.9920530063   -0.0059842849   -1.5258509635 
    509       Ba                2.9987267391   -0.0089837673   -1.5242206058 
    510       Ba                2.9999554480   -0.0000017998    0.5034150750 
    511       Ba                2.9999748450   -0.0000007107   -0.5034641947 
    512       Ba                2.9999751410   -0.0000000687    1.5250467650 
    513       Ba               -2.9999562510   -0.0000029214    0.5034161745 
    514       Ba               -2.9999760200   -0.0000018681   -0.5034646744 
    515       Ba               -2.9999776130   -0.0000018475    1.5250475620 
    516       O                 2.9845822283   -0.4798125202   -2.0141630920 
    517       O                -2.9849982996    0.5110547078   -1.0080859222 
    518       O                 2.9892575410   -0.4914059649   -1.0058362629 
    519       O                -2.9957450320    0.5046931934   -2.0121807572 
    520       O                 2.9999991680    0.5000002007    0.9989733978 
    521       O                 3.0000024904    0.5000009048    1.9973758830 
    522       O                 3.0000049125    0.5000008051    0.0000011823 
    523       O                 2.9999994210   -0.5000003763    0.9989734271 
    524       O                 3.0000028002   -0.5000008569    1.9973768320 
    525       O                 3.0000054111   -0.5000007456    0.0000006330 
    526       O                -2.9999989490    0.5000003691    0.9989734578 
    527       O                -3.0000013984    0.5000012807    1.9973753970 
    528       O                -3.0000046346    0.5000007923    0.0000011779 
    529       O                -2.9999991500   -0.5000001754    0.9989734174 
    530       O                -3.0000019146   -0.5000006081    1.9973755340 
    531       O                -3.0000052005   -0.5000003891    0.0000006283 
    532       O                 3.0054023679    0.5170912863   -2.0109613867 
    533       O                -3.0109893787   -0.4908565767   -1.0065328409 
    534       O                 3.0133308985    0.5096358337   -1.0079885886 
    535       O                -3.0252402244   -0.4896012918   -2.0128662496 
    536       Ba                2.9890954212    0.9974164200   -1.5238616882 
    537       Ba               -2.9957350204   -0.9979925297   -1.5268202985 
    538       Ba                2.9999604150    1.0000179870    0.5034209146 
    539       Ba                2.9999769570    1.0000087270    1.5250478920 
    540       Ba                2.9999765910    1.0000104590   -0.5034667071 
    541       Ba                2.9999606230   -1.0000182170    0.5034202410 
    542       Ba                2.9999763690   -1.0000096220    1.5250470170 
    543       Ba                2.9999768140   -1.0000106430   -0.5034656159 
    544       Ba               -2.9999604470    1.0000184250    0.5034217925 
    545       Ba               -2.9999773710    1.0000084500    1.5250487510 
    546       Ba               -2.9999766450    1.0000108570   -0.5034666309 
    547       Ba               -2.9999605660   -1.0000182860    0.5034211146 
    548       Ba               -2.9999774310   -1.0000080740    1.5250476610 
    549       Ba               -2.9999770660   -1.0000109030   -0.5034660709 
    550       Ba               -3.0022067218    1.0084128521   -1.5286672600 
    551       Ba                3.0105784010   -1.0094416609   -1.5296264002 
    552       O                -2.4860442575    1.9874937493   -2.0149818940 
    553       O                -2.4925778070   -1.9831617831   -1.0060948475 
    554       O                 2.5077845436   -1.9855857889   -1.0055766614 
    555       O                 2.4999993070    1.9999998020    0.9989723664 
    556       O                 2.5000011080    2.0000000000   -0.0000016926 
    557       O                 2.5000025070    2.0000003260    1.9973735070 
    558       O                -2.4999994280    2.0000000000    0.9989723251 
    559       O                -2.5000011430    2.0000000000   -0.0000017220 
    560       O                -2.5000021350    1.9999998760    1.9975052690 
    561       O                 2.5177802312   -1.9818723170   -2.0143645555 
    562       O                -2.9715073292    1.5016004382   -2.0195131638 
    563       O                -2.9749160817   -1.4961977039   -2.0127906602 
    564       O                -2.9843784713   -1.4910018794   -1.0067206696 
    565       O                -2.9850560390    1.5103903774   -1.0061622314 
    566       O                 3.0000012906    1.4999978600    0.9989738728 
    567       O                 3.0000022948    1.4999983770    1.9973754170 
    568       O                 3.0000034571    1.4999986950   -0.0000011464 
    569       O                 3.0000012699   -1.4999979550    0.9989738376 
    570       O                 3.0000020505   -1.4999982180    1.9973763860 
    571       O                 3.0000033626   -1.4999988790   -0.0000011338 
    572       O                -3.0000010672    1.4999978940    0.9989738894 
    573       O                -3.0000024595    1.4999979640    1.9973745450 
    574       O                -3.0000032554    1.4999988270   -0.0000013274 
    575       O                -3.0000009470   -1.4999980330    0.9989738645 
    576       O                -3.0000023693   -1.4999980220    1.9973750660 
    577       O                -3.0000032880   -1.4999989570   -0.0000012827 
    578       O                 3.0169759100   -1.4929188916   -1.0061401984 
    579       O                 3.0152722997    1.5075972009   -1.0059913794 
    580       O                 3.0328479164   -1.4891985240   -2.0147349071 
    581       O                 3.0287759711    1.5095797798   -2.0135210048 
    582       Ti                3.4568890959    0.4839493557   -1.9813292825 
    583       Ti               -3.4574718395    0.4806035607   -1.9809034974 
    584       O                -3.4976906729    0.0190016142   -1.0080066200 
    585       O                 3.4999986585   -0.0000001769   -0.0000017217 
    586       O                 3.4999987315    0.0000006518    0.9989746358 
    587       O                 3.5000011452    0.0000014182    1.9973759920 
    588       O                -3.4999985013    0.0000000182    0.9989739949 
    589       O                -3.4999986742   -0.0000001492   -0.0000015698 
    590       O                -3.5000005017    0.0000010579    1.9973747990 
    591       O                 3.5001643372    0.0186420433   -1.0077357126 
    592       O                 3.5047292976    0.0398866662   -2.0145796902 
    593       Ti                3.4753953771    0.4780891641   -0.9950456044 
    594       O                -3.5097363164    0.0395746326   -2.0134316056 
    595       Ti               -3.4743480010   -0.5227599734   -0.9976112446 
    596       Ti               -3.4746111748   -0.5287308172   -1.9800028586 
    597       O                 3.5003832352   -0.4897252860   -1.5097049800 
    598       O                -3.4977539939    0.5118700610   -1.5161997690 
    599       Ti                3.4999973672    0.4999980987    0.9935412739 
    600       Ti                3.4999969903    0.5000025187   -0.0000013364 
    601       O                 3.4999975372    0.5000023367    1.5047660430 
    602       Ti                3.4999985968    0.4999993940    1.9700573260 
    603       O                 3.5000000732    0.5000008481   -0.5008901433 
    604       O                 3.5000008019    0.4999993747    0.5009016891 
    605       O                 3.4999969266   -0.5000027947    1.5047671440 
    606       Ti                3.4999972735   -0.5000033552   -0.0000013040 
    607       Ti                3.4999984819   -0.4999999781    0.9935414579 
    608       Ti                3.4999986374   -0.5000008996    1.9700578540 
    609       O                 3.4999989677   -0.5000012400   -0.5008901939 
    610       O                 3.5000006875   -0.4999995290    0.5009019012 
    611       O                -3.4999973689    0.5000031525    1.5047669220 
    612       Ti               -3.4999977015    0.5000026268   -0.0000012514 
    613       O                -3.4999985358    0.5000016731   -0.5008901215 
    614       Ti               -3.4999989523    0.4999994015    0.9935414222 
    615       O                -3.4999992408    0.5000008814    0.5009022928 
    616       Ti               -3.4999998635    0.4999993279    1.9700581130 
    617       O                -3.4999977026   -0.5000023669    1.5047664280 
    618       Ti               -3.4999977889   -0.5000035344   -0.0000012656 
    619       O                -3.4999994557   -0.5000000634   -0.5008900361 
    620       Ti               -3.5000002560   -0.5000009918    1.9700574540 
    621       O                -3.5000008412   -0.4999993761    0.5009018392 
    622       Ti               -3.5000005514   -0.5000016630    0.9935414365 
    623       O                -3.5039241465   -0.4920468867   -1.5092387181 
    624       O                 3.5067945055    0.5116702413   -1.5148283760 
    625       Ti               -3.5216807195    0.4781602232   -0.9945137568 
    626       Ti                3.5273988992   -0.5230531749   -0.9977470138 
    627       Ti                3.5326634321   -0.5224014022   -1.9798905165 
    628       Ba                2.9936712024    1.9901587055   -1.5272573020 
    629       Ba                2.9999599300    2.0000020240    0.5034136481 
    630       Ba                2.9999777310    2.0000016580   -0.5034637126 
    631       Ba                2.9999805870    2.0000018080    1.5250472570 
    632       Ba               -2.9999599670    2.0000022470    0.5034142183 
    633       Ba               -2.9999780470    2.0000008740    1.5250507650 
    634       Ba               -2.9999777450    2.0000015160   -0.5034638680 
    635       Ba               -3.0082115811   -1.9961724515   -1.5286702898 
    636       O                -3.4965976534   -0.9836026978   -1.0069965029 
    637       O                -3.4989017616   -0.9771823662   -2.0112759428 
    638       O                -3.4917270641    1.0173256473   -1.0065403585 
    639       O                 3.5068993776   -0.9680952534   -2.0120029298 
    640       O                 3.4999996491    0.9999950620    0.0000006146 
    641       O                 3.4999996840    0.9999987840    1.9973758570 
    642       O                 3.4999996927    1.0000011380    0.9989736336 
    643       O                 3.4999993504   -0.9999949308    0.0000006626 
    644       O                 3.4999996272   -0.9999977249    1.9973764510 
    645       O                 3.4999996104   -1.0000006450    0.9989737082 
    646       O                -3.4999993396    0.9999956408    0.0000011599 
    647       O                -3.4999995480    0.9999985408    1.9973757900 
    648       O                -3.4999998163    1.0000010940    0.9989737930 
    649       O                -3.4999993394   -0.9999953762    0.0000012084 
    650       O                -3.4999994694   -0.9999975699    1.9973758900 
    651       O                -3.4999998720   -1.0000008380    0.9989738069 
    652       O                 3.5053039243   -0.9835637573   -1.0075378357 
    653       O                -3.4969932482    1.0277313194   -2.0216147490 
    654       O                 3.5068065211    1.0155912066   -1.0044674894 
    655       O                 3.5157673927    1.0226989594   -2.0252438017 
    656       Ti                3.4757293469    1.4757646042   -1.9800865574 
    657       Ti                3.4759049266    1.4767781353   -0.9951475247 
    658       Ti                3.4773185588   -1.5247699140   -0.9960837946 
    659       O                -3.4939615801   -1.4950217900   -1.5106775129 
    660       Ti                3.4820989136   -1.5312752784   -1.9790075656 
    661       O                -3.4956306148    1.5060737032   -1.5116471844 
    662       Ti                3.4999886804    1.5000057570   -0.0000053562 
    663       Ti                3.4999953566    1.5000003340    0.9935397381 
    664       O                 3.4999972827    1.4999984030    1.5047702740 
    665       Ti                3.4999965933    1.5000017800    1.9700568100 
    666       O                 3.4999985207    1.4999985200   -0.5008880922 
    667       O                 3.5000003670    1.4999981530    0.5009017127 
    668       Ti                3.4999885564   -1.5000056280   -0.0000052276 
    669       Ti                3.4999951816   -1.5000005580    0.9935401069 
    670       O                 3.4999973306   -1.4999986040    1.5047704290 
    671       Ti                3.4999963642   -1.5000031080    1.9700576720 
    672       O                 3.4999985763   -1.4999985970   -0.5008883879 
    673       O                 3.5000004127   -1.4999982710    0.5009018365 
    674       Ti               -3.4999895460    1.5000055620   -0.0000055526 
    675       Ti               -3.4999969999    1.4999996990    0.9935397943 
    676       O                -3.4999978446    1.4999984400    1.5047708350 
    677       O                -3.4999985804    1.4999976140   -0.5008885698 
    678       Ti               -3.4999972036    1.5000015600    1.9700573000 
    679       O                -3.5000003675    1.4999985710    0.5009017567 
    680       Ti               -3.4999894492   -1.5000057840   -0.0000056136 
    681       Ti               -3.4999970264   -1.5000000310    0.9935398242 
    682       O                -3.4999977888   -1.4999985710    1.5047704400 
    683       O                -3.4999986621   -1.4999977250   -0.5008888891 
    684       Ti               -3.4999971170   -1.5000034460    1.9700580240 
    685       O                -3.5000004149   -1.4999987170    0.5009017346 
    686       O                 3.5061768938    1.4998627097   -1.5101434119 
    687       O                 3.5099456363   -1.4973950187   -1.5096724445 
    688       Ti               -3.5228041714    1.4782134088   -0.9950231503 
    689       Ti               -3.5294837571    1.4801307023   -1.9804393508 
    690       Ti               -3.5233579796   -1.5230901502   -0.9955587614 
    691       Ti               -3.5253655313   -1.5265529284   -1.9795621616 
    692       Ba               -3.9975449889   -0.0000071398   -1.5320504360 
    693       Ba                3.9999973375   -0.0000013554   -0.5034516375 
    694       Ba                3.9999996234   -0.0000007181    0.5034710988 
    695       Ba                3.9999999051   -0.0000011620    1.5250469220 
    696       O                -3.4873545018   -1.9772652366   -2.0144326132 
    697       O                 3.9848145093   -0.4804460388   -2.0141812889 
    698       O                -3.4925557061   -1.9841148377   -1.0058668461 
    699       O                -3.9845163245    0.5099743383   -1.0077437564 
    700       O                 3.9896139158   -0.4881525233   -1.0070630646 
    701       O                -3.9888002707    0.5526789826   -2.0900307275 
    702       O                 3.5078968853   -1.9858303548   -1.0058430145 
    703       O                 3.5000008897    1.9999997990    0.9989732134 
    704       O                 3.5000011355    2.0000000000    0.0000004324 
    705       O                 3.5000017452    2.0000003590    1.9973752910 
    706       O                 3.9999996473    0.5000016294   -0.0000014267 
    707       O                 3.9999998662    0.5000018637    0.9989740286 
    708       O                 4.0000015752    0.5000001020    1.9973772050 
    709       O                 3.9999997867   -0.5000016447   -0.0000014265 
    710       O                 4.0000006962   -0.5000012511    0.9989747248 
    711       O                 4.0000020584   -0.4999992016    1.9973763950 
    712       O                -3.5000013000    1.9999998400    0.0000005014 
    713       O                -3.5000012088    2.0000000000    0.9989733752 
    714       O                -3.5000015832    2.0000003210    1.9973749610 
    715       O                 3.5156412558   -1.9800845041   -2.0126569135 
    716       H                -3.9945576979    0.7746006030   -2.1855627165 
    717       Ba                3.9939734362    0.9934944598   -1.5182122043 
    718       Ba               -3.9940929817   -1.0075255581   -1.5272121097 
    719       Ba                3.9999972839    1.0000096680    1.5250465370 
    720       Ba                3.9999986768    1.0000041680    0.5034724907 
    721       Ba                3.9999969356    1.0000128430   -0.5034565397 
    722       Ba                3.9999992422   -1.0000047590    0.5034719311 
    723       Ba                3.9999982894   -1.0000111150    1.5250459490 
    724       Ba                3.9999980766   -1.0000142370   -0.5034556055 
    725       O                -3.9753878416   -1.4888180515   -2.0145579701 
    726       O                -3.9840370322   -1.4926902783   -1.0054233981 
    727       O                -3.9772874321    1.5137383214   -2.0161319565 
    728       O                -3.9842403515    1.5065470517   -1.0064989356 
    729       O                 4.0000000000    1.4999993540    0.0000004599 
    730       O                 3.9999998627    1.5000002940    0.9989750844 
    731       O                 4.0000006676    1.4999996160    1.9973774300 
    732       O                 4.0000000000   -1.4999992120    0.0000004251 
    733       O                 3.9999998129   -1.5000002710    0.9989750754 
    734       O                 4.0000004376   -1.4999995760    1.9973779870 
    735       Ba                3.9926351871    1.9913065116   -1.5243875303 
    736       Ba                3.9999974402    2.0000019220   -0.5034528253 
    737       Ba                3.9999976879    2.0000016980    1.5250447090 
    738       Ba                3.9999986902    2.0000014200    0.5034716538 
