primitive lattice vectors  3  3  1
  3.00000000  0.00000000  0.00000000
  0.00000000  3.00000000  0.00000000
  0.00000000  0.00000000 80.00000000
number of atoms in unit cell
117
atom, type, position vector
      1       Ba                0.0000000000    0.0000000000   -1.5246324329 
      2       Ba                0.0000000000    0.0000000000   -0.5037462655 
      3       O                 0.5000000000    0.0000000000   -1.9969516429 
      4       O                 0.5000000000    0.0000000000   -1.0004402960 
      5       O                 0.5000000000    0.0000000000    0.0000002457 
      6       O                 0.0000000000    0.5000000000   -1.9969516429 
      7       O                 0.0000000000    0.5000000000   -1.0004402960 
      8       O                 0.0000000000    0.5000000000    0.0000002457 
      9       O                 0.0000000000   -0.5000000000   -1.9969516429 
     10       O                 0.0000000000   -0.5000000000   -1.0004402960 
     11       O                 0.0000000000   -0.5000000000    0.0000002457 
     12       O                -0.5000000000    0.0000000000   -1.9969516429 
     13       O                -0.5000000000    0.0000000000   -1.0004402960 
     14       O                -0.5000000000    0.0000000000    0.0000002457 
     15       Ti                0.5000000000    0.5000000000   -1.9700346133 
     16       Ti                0.5000000000    0.5000000000   -0.9966484958 
     17       O                 0.5000000000    0.5000000000   -1.5033005332 
     18       Ti                0.5000000000    0.5000000000    0.0000000000 
     19       O                 0.5000000000    0.5000000000   -0.5005608276 
     20       Ti                0.5000000000   -0.5000000000   -1.9700346133 
     21       Ti                0.5000000000   -0.5000000000   -0.9966484958 
     22       O                 0.5000000000   -0.5000000000   -1.5033005332 
     23       Ti                0.5000000000   -0.5000000000    0.0000000000 
     24       O                 0.5000000000   -0.5000000000   -0.5005608276 
     25       Ti               -0.5000000000    0.5000000000   -1.9700346133 
     26       Ti               -0.5000000000    0.5000000000   -0.9966484958 
     27       O                -0.5000000000    0.5000000000   -1.5033005332 
     28       Ti               -0.5000000000    0.5000000000    0.0000000000 
     29       O                -0.5000000000    0.5000000000   -0.5005608276 
     30       Ti               -0.5000000000   -0.5000000000   -1.9700346133 
     31       Ti               -0.5000000000   -0.5000000000   -0.9966484958 
     32       O                -0.5000000000   -0.5000000000   -1.5033005332 
     33       Ti               -0.5000000000   -0.5000000000    0.0000000000 
     34       O                -0.5000000000   -0.5000000000   -0.5005608276 
     35       Ba                1.0000000000    0.0000000000   -1.5246324329 
     36       Ba                1.0000000000    0.0000000000   -0.5037462655 
     37       Ba                0.0000000000    1.0000000000   -1.5246324329 
     38       Ba                0.0000000000    1.0000000000   -0.5037462655 
     39       Ba                0.0000000000   -1.0000000000   -1.5246324329 
     40       Ba                0.0000000000   -1.0000000000   -0.5037462655 
     41       Ba               -1.0000000000    0.0000000000   -1.5246324329 
     42       Ba               -1.0000000000    0.0000000000   -0.5037462655 
     43       O                 1.0000000000    0.5000000000   -1.9969516429 
     44       O                 1.0000000000    0.5000000000   -1.0004402960 
     45       O                 1.0000000000    0.5000000000    0.0000002457 
     46       O                 0.5000000000    1.0000000000   -1.9969516429 
     47       O                 0.5000000000    1.0000000000   -1.0004402960 
     48       O                 0.5000000000    1.0000000000    0.0000002457 
     49       O                 1.0000000000   -0.5000000000   -1.9969516429 
     50       O                 1.0000000000   -0.5000000000   -1.0004402960 
     51       O                 1.0000000000   -0.5000000000    0.0000002457 
     52       O                -0.5000000000    1.0000000000   -1.9969516429 
     53       O                -0.5000000000    1.0000000000   -1.0004402960 
     54       O                -0.5000000000    1.0000000000    0.0000002457 
     55       O                 0.5000000000   -1.0000000000   -1.9969516429 
     56       O                 0.5000000000   -1.0000000000   -1.0004402960 
     57       O                 0.5000000000   -1.0000000000    0.0000002457 
     58       O                -1.0000000000    0.5000000000   -1.9969516429 
     59       O                -1.0000000000    0.5000000000   -1.0004402960 
     60       O                -1.0000000000    0.5000000000    0.0000002457 
     61       O                -0.5000000000   -1.0000000000   -1.9969516429 
     62       O                -0.5000000000   -1.0000000000   -1.0004402960 
     63       O                -0.5000000000   -1.0000000000    0.0000002457 
     64       O                -1.0000000000   -0.5000000000   -1.9969516429 
     65       O                -1.0000000000   -0.5000000000   -1.0004402960 
     66       O                -1.0000000000   -0.5000000000    0.0000002457 
     67       Ba                1.0000000000    1.0000000000   -1.5246324329 
     68       Ba                1.0000000000    1.0000000000   -0.5037462655 
     69       Ba                1.0000000000   -1.0000000000   -1.5246324329 
     70       Ba                1.0000000000   -1.0000000000   -0.5037462655 
     71       Ba               -1.0000000000    1.0000000000   -1.5246324329 
     72       Ba               -1.0000000000    1.0000000000   -0.5037462655 
     73       Ba               -1.0000000000   -1.0000000000   -1.5246324329 
     74       Ba               -1.0000000000   -1.0000000000   -0.5037462655 
     75       O                 1.5000000000    0.0000000000   -1.9969516429 
     76       O                 1.5000000000    0.0000000000   -1.0004402960 
     77       O                 1.5000000000    0.0000000000    0.0000002457 
     78       O                 0.0000000000    1.5000000000   -1.9969516429 
     79       O                 0.0000000000    1.5000000000   -1.0004402960 
     80       O                 0.0000000000    1.5000000000    0.0000002457 
     81       Ti                1.5000000000    0.5000000000   -1.9700346133 
     82       Ti                1.5000000000    0.5000000000   -0.9966484958 
     83       O                 1.5000000000    0.5000000000   -1.5033005332 
     84       Ti                1.5000000000    0.5000000000    0.0000000000 
     85       O                 1.5000000000    0.5000000000   -0.5005608276 
     86       Ti                0.5000000000    1.5000000000   -1.9700346133 
     87       Ti                0.5000000000    1.5000000000   -0.9966484958 
     88       O                 0.5000000000    1.5000000000   -1.5033005332 
     89       Ti                0.5000000000    1.5000000000    0.0000000000 
     90       O                 0.5000000000    1.5000000000   -0.5005608276 
     91       Ti                1.5000000000   -0.5000000000   -1.9700346133 
     92       Ti                1.5000000000   -0.5000000000   -0.9966484958 
     93       O                 1.5000000000   -0.5000000000   -1.5033005332 
     94       Ti                1.5000000000   -0.5000000000    0.0000000000 
     95       O                 1.5000000000   -0.5000000000   -0.5005608276 
     96       Ti               -0.5000000000    1.5000000000   -1.9700346133 
     97       Ti               -0.5000000000    1.5000000000   -0.9966484958 
     98       O                -0.5000000000    1.5000000000   -1.5033005332 
     99       Ti               -0.5000000000    1.5000000000    0.0000000000 
    100       O                -0.5000000000    1.5000000000   -0.5005608276 
    101       O                 1.5000000000    1.0000000000   -1.9969516429 
    102       O                 1.5000000000    1.0000000000   -1.0004402960 
    103       O                 1.5000000000    1.0000000000    0.0000002457 
    104       O                 1.0000000000    1.5000000000   -1.9969516429 
    105       O                 1.0000000000    1.5000000000   -1.0004402960 
    106       O                 1.0000000000    1.5000000000    0.0000002457 
    107       O                 1.5000000000   -1.0000000000   -1.9969516429 
    108       O                 1.5000000000   -1.0000000000   -1.0004402960 
    109       O                 1.5000000000   -1.0000000000    0.0000002457 
    110       O                -1.0000000000    1.5000000000   -1.9969516429 
    111       O                -1.0000000000    1.5000000000   -1.0004402960 
    112       O                -1.0000000000    1.5000000000    0.0000002457 
    113       Ti                1.5000000000    1.5000000000   -1.9700346133 
    114       Ti                1.5000000000    1.5000000000   -0.9966484958 
    115       O                 1.5000000000    1.5000000000   -1.5033005332 
    116       Ti                1.5000000000    1.5000000000    0.0000000000 
    117       O                 1.5000000000    1.5000000000   -0.5005608276 
