126
5x1x1 layer relax top 3 free slab view (updated)
Ba  0  0  -2.03146445
Ba  0.00006420685067  -0.06593305093  -5.976244643
H  0.00004183819449  -1.001996572  -8.799264484
O  0.00005202966847  -1.943176462  -8.516143738
O  0.00007364944972  1.9742335  -4.111879454
O  2.016356834  0  0.0000009908377482
O  0  2.016356834  0.0000009908377482
O  0  -2.016356834  0.0000009908377482
O  -2.016356834  0  0.0000009908377482
O  2.016412693  -0.03513176343  -8.220320286
O  2.016421356  -0.04073394554  -4.088986487
O  -2.016300975  -0.03513176343  -8.220320286
O  -2.016292312  -0.04073394554  -4.088986487
O  0.00007364944972  -2.058480168  -4.111879454
O  0.00005202966847  2.089537207  -8.516143738
Ti  2.016406926  1.868970113  -8.042171547
Ti  -2.016306742  1.868970113  -8.042171547
O  2.01647238  1.952446296  -6.239970856
O  -2.016241288  1.952446296  -6.239970856
Ti  2.016395726  1.985722068  -3.935401322
Ti  -2.016317942  1.985722068  -3.935401322
Ti  2.016356834  2.016356834  0
O  2.016356834  2.016356834  -2.018618491
Ti  2.016356834  -2.016356834  0
O  2.016356834  -2.016356834  -2.018618491
Ti  -2.016356834  2.016356834  0
O  -2.016356834  2.016356834  -2.018618491
Ti  -2.016356834  -2.016356834  0
O  -2.016356834  -2.016356834  -2.018618491
Ti  2.016395726  -2.0469916  -3.935401322
Ti  -2.016317942  -2.0469916  -3.935401322
O  2.01647238  -2.080267372  -6.239970856
O  -2.016241288  -2.080267372  -6.239970856
Ti  2.016406926  -2.163743556  -8.042171547
Ti  -2.016306742  -2.163743556  -8.042171547
H  0.00004183819449  3.030717096  -8.799264484
Ba  0.00006420685067  3.966780617  -5.976244643
Ba  4.032713668  0  -2.03146445
Ba  0  4.032713668  -2.03146445
Ba  0  -4.032713668  -2.03146445
Ba  -4.032713668  0  -2.03146445
Ba  4.032777875  -0.06593305093  -5.976244643
Ba  -4.032649461  -0.06593305093  -5.976244643
Ba  0.00006420685067  -4.098646719  -5.976244643
H  4.032755506  -1.001996572  -8.799264484
H  -4.03267183  -1.001996572  -8.799264484
O  2.016421356  3.991979723  -4.088986487
O  -2.016292312  3.991979723  -4.088986487
O  4.032765698  -1.943176462  -8.516143738
O  -4.032661638  -1.943176462  -8.516143738
O  2.016412693  3.997581905  -8.220320286
O  -2.016300975  3.997581905  -8.220320286
O  4.032787318  1.9742335  -4.111879454
O  -4.032640019  1.9742335  -4.111879454
O  4.032713668  2.016356834  0.0000009908377482
O  2.016356834  4.032713668  0.0000009908377482
O  4.032713668  -2.016356834  0.0000009908377482
O  -2.016356834  4.032713668  0.0000009908377482
O  2.016356834  -4.032713668  0.0000009908377482
O  -4.032713668  2.016356834  0.0000009908377482
O  -2.016356834  -4.032713668  0.0000009908377482
O  -4.032713668  -2.016356834  0.0000009908377482
O  4.032787318  -2.058480168  -4.111879454
O  -4.032640019  -2.058480168  -4.111879454
O  2.016412693  -4.067845432  -8.220320286
O  -2.016300975  -4.067845432  -8.220320286
O  4.032765698  2.089537207  -8.516143738
O  -4.032661638  2.089537207  -8.516143738
O  2.016421356  -4.073447614  -4.088986487
O  -2.016292312  -4.073447614  -4.088986487
H  0.00004183819449  -5.03471024  -8.799264484
H  4.032755506  3.030717096  -8.799264484
H  -4.03267183  3.030717096  -8.799264484
Ba  4.032777875  3.966780617  -5.976244643
Ba  -4.032649461  3.966780617  -5.976244643
Ba  4.032713668  4.032713668  -2.03146445
Ba  4.032713668  -4.032713668  -2.03146445
Ba  -4.032713668  4.032713668  -2.03146445
Ba  -4.032713668  -4.032713668  -2.03146445
Ba  4.032777875  -4.098646719  -5.976244643
Ba  -4.032649461  -4.098646719  -5.976244643
O  0.00005202966847  -5.97589013  -8.516143738
O  0.00007364944972  6.006947168  -4.111879454
O  6.049070502  0  0.0000009908377482
O  0  6.049070502  0.0000009908377482
O  6.049126361  -0.03513176343  -8.220320286
O  6.049135024  -0.04073394554  -4.088986487
Ti  2.016406926  5.901683781  -8.042171547
Ti  -2.016306742  5.901683781  -8.042171547
O  2.01647238  5.985159964  -6.239970856
O  -2.016241288  5.985159964  -6.239970856
Ti  6.049120594  1.868970113  -8.042171547
Ti  2.016395726  6.018435736  -3.935401322
Ti  -2.016317942  6.018435736  -3.935401322
O  6.049186048  1.952446296  -6.239970856
Ti  6.049109394  1.985722068  -3.935401322
Ti  6.049070502  2.016356834  0
O  6.049070502  2.016356834  -2.018618491
Ti  2.016356834  6.049070502  0
O  2.016356834  6.049070502  -2.018618491
Ti  6.049070502  -2.016356834  0
O  6.049070502  -2.016356834  -2.018618491
Ti  -2.016356834  6.049070502  0
O  -2.016356834  6.049070502  -2.018618491
Ti  6.049109394  -2.0469916  -3.935401322
O  6.049186048  -2.080267372  -6.239970856
Ti  6.049120594  -2.163743556  -8.042171547
H  4.032755506  -5.03471024  -8.799264484
H  -4.03267183  -5.03471024  -8.799264484
O  4.032765698  -5.97589013  -8.516143738
O  -4.032661638  -5.97589013  -8.516143738
O  4.032787318  6.006947168  -4.111879454
O  -4.032640019  6.006947168  -4.111879454
O  6.049135024  3.991979723  -4.088986487
O  6.049126361  3.997581905  -8.220320286
O  6.049070502  4.032713668  0.0000009908377482
O  4.032713668  6.049070502  0.0000009908377482
O  6.049070502  -4.032713668  0.0000009908377482
O  -4.032713668  6.049070502  0.0000009908377482
O  6.049126361  -4.067845432  -8.220320286
O  6.049135024  -4.073447614  -4.088986487
Ti  6.049120594  5.901683781  -8.042171547
O  6.049186048  5.985159964  -6.239970856
Ti  6.049109394  6.018435736  -3.935401322
Ti  6.049070502  6.049070502  0
O  6.049070502  6.049070502  -2.018618491

