primitive lattice vectors  2  2  1
  8.00000000  0.00000000  0.00000000
  0.00000000  8.00000000  0.00000000
  0.00000000  0.00000000 80.00000000
number of atoms in unit cell
908
atom, type, position vector
      1       P                 0.0090980671    0.0076911569   -2.6993493669 
      2       C                 0.0073000502   -0.0154615729   -3.1502360898 
      3       Ba                0.0247102452    0.0146164215   -1.5035789557 
      4       Ba                0.0218906797    0.0218411252   -0.4742883436 
      5       C                -0.2990278178    0.1822465443   -3.2644565282 
      6       O                 0.0112455458    0.3582626605   -2.5641405580 
      7       H                -0.3030172881    0.1940712639   -3.5371309084 
      8       C                 0.3267425205    0.1560470938   -3.2689944307 
      9       H                 0.3289528351    0.1650010851   -3.5416477437 
     10       O                -0.3224123512   -0.1932531941   -2.5856203772 
     11       C                -0.0123105871   -0.3763988238   -3.2697199966 
     12       H                -0.0199145821   -0.3798708266   -3.5426031321 
     13       O                 0.3302385018   -0.2022653116   -2.5793043282 
     14       H                -0.4157398489   -0.0657297471   -2.3875724400 
     15       H                 0.4125680349   -0.0845238321   -2.3679342105 
     16       O                -0.4705941162    0.0358425750   -0.9928376256 
     17       O                 0.0413128479   -0.4733339250   -0.9940480445 
     18       O                -0.0077945560   -0.4958820525    0.0126477278 
     19       O                -0.4958927796   -0.0078238720    0.0125774613 
     20       O                -0.4978001573   -0.0013149354   -1.9995922689 
     21       O                -0.0103584871   -0.5012502224   -1.9662973076 
     22       O                -0.0077648517    0.5040780148    0.0126164273 
     23       O                 0.5041492048   -0.0077978347    0.0125552850 
     24       O                 0.5044289599   -0.0186001569   -1.9956407324 
     25       O                 0.0072391147    0.5135707678   -1.9323290791 
     26       H                -0.2934960713    0.4369635831   -3.1676003496 
     27       O                 0.0400240177    0.5300981666   -0.9967673908 
     28       H                -0.5296421375    0.0634834957   -3.1814040328 
     29       O                 0.5321467473    0.0381104807   -0.9959334066 
     30       H                 0.3401090484    0.4116144481   -3.1762758412 
     31       H                 0.5495366377    0.0229878910   -3.1864132976 
     32       H                -0.2373789699   -0.4995218428   -3.1781556367 
     33       H                 0.2041888914   -0.5211553302   -3.1901866099 
     34       Ti               -0.4561897735   -0.4562058045   -0.0181705164 
     35       Ti               -0.4532519035   -0.4730034340   -1.9621807563 
     36       O                -0.4797125293   -0.4797934364   -0.4901492064 
     37       O                -0.4890932275   -0.4813207900   -1.4938259450 
     38       Ti               -0.4371094219    0.5413729586   -1.9656726835 
     39       Ti                0.4997865333    0.4983074390   -0.9995098314 
     40       O                -0.4796717767    0.5202154800   -0.4901873000 
     41       O                 0.5202730878   -0.4797434303   -0.4901955726 
     42       Ti               -0.5050243981    0.4965377199   -0.9987006519 
     43       Ti               -0.4561394494    0.5437497504   -0.0180926708 
     44       Ti                0.5438122313   -0.4561846591   -0.0181245158 
     45       Ti                0.5010560043   -0.5040053815   -0.9936102154 
     46       Ti               -0.5067023679   -0.5004150246   -0.9946352267 
     47       O                -0.4919823363    0.5174476610   -1.4906442357 
     48       O                 0.5264940009   -0.4867108882   -1.4914841203 
     49       Ti                0.5485613006   -0.4824283477   -1.9580728180 
     50       O                 0.5203785138    0.5202556386   -0.4902156894 
     51       O                 0.5342606571    0.5242900254   -1.4938404607 
     52       Ti                0.5438779555    0.5437143785   -0.0182310321 
     53       Ti                0.5369701425    0.5533491459   -1.9733745010 
     54       Ba               -0.9780955508    0.0218099210   -0.4742858097 
     55       Ba                0.0218822768   -0.9781417256   -0.4742421684 
     56       Ba               -0.9810292459    0.0236571040   -1.5190627704 
     57       Ba                0.0205331707   -0.9836004206   -1.4993080078 
     58       Ba                1.0192427887    0.0231947369   -1.5195789968 
     59       Ba                0.0219023557    1.0218197410   -0.4742031468 
     60       Ba                1.0219135920    0.0218184145   -0.4742871470 
     61       Ba                0.0220323081    1.0270790662   -1.5035247725 
     62       O                -0.4722009361   -0.9610888397   -0.9927190930 
     63       O                -0.9641815677   -0.4685435055   -0.9931806782 
     64       O                -0.9639753470    0.5300968492   -0.9913170314 
     65       O                -0.4868136624    0.9880942820   -1.9914387036 
     66       O                 0.5340695802   -0.9639016137   -0.9923994176 
     67       O                -0.4958918036    0.9921187873    0.0126296975 
     68       O                 0.9921693646   -0.4959019708    0.0126110341 
     69       O                 0.9870274870    0.5069467173   -2.0089901354 
     70       O                 0.5042017826    0.9921089299    0.0126226176 
     71       O                 0.9922601785    0.5040382600    0.0125907157 
     72       O                -0.4998976562   -0.9982687043   -1.9981121519 
     73       O                 0.9955348128   -0.5057841153   -1.9887589326 
     74       O                 0.5011048860    0.9998315651   -1.9997669582 
     75       O                 0.5004237190   -1.0018471916   -1.9885347293 
     76       O                -1.0077752380   -0.4959548058    0.0126267195 
     77       O                -0.4958938461   -1.0079098840    0.0126497645 
     78       O                -1.0077772090    0.5040271261    0.0125991717 
     79       O                 0.5041105546   -1.0077960360    0.0126134930 
     80       O                -1.0133978583   -0.4929820366   -1.9956308928 
     81       O                -1.0138925533    0.5095219286   -2.0027323983 
     82       O                 1.0397476486   -0.4695236886   -0.9937255302 
     83       O                -0.4709882021    1.0397401617   -0.9935888512 
     84       O                 1.0404143873    0.5326848017   -0.9922159000 
     85       O                 0.5313091122    1.0415605274   -0.9944645209 
     86       Ba               -0.9780886854   -0.9781960504   -0.4742029931 
     87       Ba               -0.9855457552   -0.9770094931   -1.5118175788 
     88       Ba               -0.9775437453    1.0178771180   -1.5163174427 
     89       Ba               -0.9781014095    1.0218229210   -0.4742480671 
     90       Ba                1.0219415600   -0.9781446557   -0.4742883464 
     91       Ba                1.0288578898   -0.9852181545   -1.5074678125 
     92       Ba                1.0219213560    1.0218576020   -0.4742084602 
     93       Ba                1.0205521400    1.0241424459   -1.5156557803 
     94       O                 0.0397653148   -1.4706915081   -0.9934438566 
     95       O                -1.4711928656    0.0394316779   -0.9969267448 
     96       O                -0.0127547721   -1.4896616578   -1.9935546379 
     97       O                -1.4958823760   -0.0078543567    0.0126288852 
     98       O                -0.0077325011   -1.4959226870    0.0126196328 
     99       O                -1.4999176900   -0.0028646264   -2.0019422624 
    100       O                 1.5003360844   -0.0116327007   -2.0028875521 
    101       O                -0.0077681103    1.5040621640    0.0126302373 
    102       O                 1.5041044870   -0.0078027867    0.0125895471 
    103       O                -0.0085711891    1.5095109432   -1.9926094634 
    104       Ti               -0.4599235562   -1.4525169612   -1.9641705674 
    105       Ti               -1.4561510790   -0.4562105773   -0.0180737063 
    106       Ti               -0.4561185870   -1.4562631120   -0.0180923663 
    107       Ti               -1.4603479295   -0.4528032952   -1.9717380472 
    108       O                 1.5302288714    0.0402216511   -0.9972459134 
    109       O                 0.0391697057    1.5339834101   -0.9931938617 
    110       O                -0.4835113054   -1.4744802712   -1.4950570457 
    111       Ti               -1.4561445750    0.5437569199   -0.0181160046 
    112       Ti                0.5438534976   -1.4561678360   -0.0180902847 
    113       O                -1.4796865810   -0.4797854163   -0.4901580709 
    114       O                -0.4796952545   -1.4797877280   -0.4901695890 
    115       Ti               -1.4570382318    0.5459275187   -1.9762176348 
    116       Ti                0.5429208919   -1.4583027032   -1.9643168157 
    117       O                -1.4843026626   -0.4780077925   -1.4981307605 
    118       O                -1.4796800250    0.5201863355   -0.4901844121 
    119       O                 0.5203915313   -1.4796771970   -0.4901805010 
    120       O                 0.5198637490   -1.4810488770   -1.4950976141 
    121       O                -1.4829784230    0.5224113963   -1.5006086683 
    122       Ti                1.4975878447    0.4987844272   -0.9983097472 
    123       Ti                1.4990070126   -0.5012559120   -0.9974648568 
    124       Ti                0.4985893047    1.5002623976   -0.9959559093 
    125       Ti               -0.5042167406    1.4983701976   -0.9957815287 
    126       Ti               -0.5050057587   -1.5004822981   -0.9947198305 
    127       Ti               -1.5027230022    0.4984961423   -0.9985738780 
    128       Ti                0.4998658909   -1.5028108397   -0.9944240820 
    129       Ti               -1.5044516025   -0.4997274109   -0.9977378630 
    130       O                -0.4796972966    1.5202551540   -0.4901703337 
    131       O                 1.5203668130   -0.4797009776   -0.4901684370 
    132       O                -0.4818588613    1.5210669976   -1.4939389021 
    133       O                 1.5217110157   -0.4807133777   -1.4965911341 
    134       O                 1.5163126224    0.5215786819   -1.5027735600 
    135       O                 0.5203403660    1.5202741550   -0.4901648431 
    136       O                 1.5203966930    0.5203015945   -0.4902173388 
    137       Ti               -0.4561681135    1.5437680350   -0.0182044679 
    138       Ti                1.5438256820   -0.4561936819   -0.0181979960 
    139       Ti                1.5432417367   -0.4582940390   -1.9690496165 
    140       O                 0.5199932839    1.5253792155   -1.4965978416 
    141       Ti               -0.4572669940    1.5470460258   -1.9640431141 
    142       Ti                1.5374129109    0.5480994930   -1.9769819303 
    143       Ti                0.5438367865    1.5437781810   -0.0181693634 
    144       Ti                1.5438454070    0.5437809162   -0.0181321814 
    145       Ti                0.5394118520    1.5495981940   -1.9682668334 
    146       O                -0.9638222132   -1.4683882263   -0.9944280650 
    147       O                -1.4718526183   -0.9598595028   -0.9964548834 
    148       O                 0.9878517168   -1.4918481299   -1.9965388703 
    149       O                -1.4958645090    0.9921089870    0.0125973078 
    150       O                 0.9922040082   -1.4958778220    0.0126864679 
    151       O                -1.4692103384    1.0388639521   -0.9961901213 
    152       O                -1.0064540551   -1.4936586658   -1.9986789082 
    153       O                 1.4996559142    0.9981968845   -2.0024661178 
    154       O                -1.4998464911    0.9983093429   -2.0033128449 
    155       O                 1.5040955000    0.9921456433    0.0126097908 
    156       O                 0.9922093624    1.5040887240    0.0126750900 
    157       O                 1.0413005893   -1.4715230964   -0.9956180963 
    158       O                -1.4958560830   -1.0078390220    0.0126413047 
    159       O                -1.0078011610   -1.4959951200    0.0125708124 
    160       O                -1.0009160014    1.5007723479   -2.0007924955 
    161       O                 0.9870203072    1.5102743843   -2.0010752057 
    162       O                -1.4965969652   -1.0090377854   -2.0027615935 
    163       O                 1.5318854553   -0.9608826318   -0.9956004173 
    164       O                -0.9629192572    1.5317191880   -0.9945107979 
    165       O                -1.0077734000    1.5040347660    0.0126230257 
    166       O                 1.5041436280   -1.0078526340    0.0126236765 
    167       O                 1.5072680483   -1.0125387970   -2.0019407329 
    168       O                 1.5311318594    1.0399019000   -0.9975395419 
    169       O                 1.0401509731    1.5320590731   -0.9958779629 
    170       Ba                0.0193787504   -1.9761124594   -1.5097481704 
    171       Ba               -1.9780394220    0.0218421215   -0.4743139844 
    172       Ba                0.0219221786   -1.9781248560   -0.4743105227 
    173       Ba               -1.9815074191    0.0254593638   -1.5181145440 
    174       O                -0.4718379056   -1.9595033897   -0.9954421982 
    175       O                -1.9629073570   -0.4671217150   -0.9942464567 
    176       Ba                2.0184925809    0.0254593638   -1.5181145440 
    177       Ba                0.0219221786    2.0218751440   -0.4743105227 
    178       Ba                2.0219605780    0.0218421215   -0.4743139844 
    179       Ba                0.0193787504    2.0238875406   -1.5097481704 
    180       O                 0.5329179463   -1.9614215458   -0.9934640700 
    181       O                -1.9618891848    0.5323421759   -0.9964380354 
    182       O                 1.9844134307    0.5070884872   -2.0081064568 
    183       O                 1.9919580942   -0.4963300474   -1.9994163934 
    184       O                -0.4958820338    1.9921461840    0.0126353719 
    185       O                 1.9921861450   -0.4959245733    0.0126477167 
    186       O                 0.5041371125    1.9921555200    0.0126198498 
    187       O                 1.9922045320    0.5040580921    0.0126351910 
    188       O                -0.4960869885    1.9967335150   -1.9890623517 
    189       Ti               -1.4561807150   -1.4562370830   -0.0181928108 
    190       Ti               -1.4566293276   -1.4562268872   -1.9736556671 
    191       O                 0.4999239598   -1.9992021581   -1.9995518001 
    192       O                 0.4999239598    2.0007978419   -1.9995518001 
    193       O                -0.4960869885   -2.0032664850   -1.9890623517 
    194       O                -2.0078138550   -0.4959245733    0.0126477167 
    195       O                -0.4958820338   -2.0078538160    0.0126353719 
    196       O                -2.0080419058   -0.4963300474   -1.9994163934 
    197       O                -2.0077954680    0.5040580921    0.0126351910 
    198       O                 0.5041371125   -2.0078444800    0.0126198498 
    199       O                -2.0155865693    0.5070884872   -2.0081064568 
    200       O                 2.0370926430   -0.4671217150   -0.9942464567 
    201       O                -1.4797810880   -1.4798187610   -0.4901619677 
    202       O                -0.4718379056    2.0404966103   -0.9954421982 
    203       O                -1.4811021527   -1.4808606091   -1.4996258534 
    204       O                 2.0381108152    0.5323421759   -0.9964380354 
    205       O                 0.5329179463    2.0385784542   -0.9934640700 
    206       Ti               -1.4507054167    1.5391191858   -1.9747554087 
    207       Ti                1.4991362006    1.4983694227   -0.9981316934 
    208       Ti               -1.5013707946    1.4967462843   -0.9981345019 
    209       O                -1.4787148108    1.5193053727   -1.5010658495 
    210       O                -1.4796655460    1.5202903220   -0.4901599062 
    211       O                 1.5203181070   -1.4797475230   -0.4901887506 
    212       Ti               -1.4561441630    1.5437917440   -0.0181056859 
    213       Ti                1.5438323750   -1.4562462830   -0.0182163069 
    214       Ti               -1.5025932347   -1.5020256326   -0.9975392450 
    215       Ti                1.5019748450   -1.5037850174   -0.9970392742 
    216       O                 1.5238535778   -1.4823906780   -1.4991167042 
    217       Ti                1.5492225830   -1.4610729138   -1.9725661051 
    218       O                 1.5203410310    1.5202996220   -0.4901983965 
    219       O                 1.5196803686    1.5228928760   -1.5008447624 
    220       Ti                1.5438334500    1.5437827500   -0.0182310306 
    221       Ti                1.5420295281    1.5459885897   -1.9746692691 
    222       Ba               -1.9780850800   -0.9781634340   -0.4742322809 
    223       Ba               -0.9781096155   -1.9781567190   -0.4742858983 
    224       Ba               -1.9778703581   -0.9788828331   -1.5153421372 
    225       Ba               -0.9814004486   -1.9777002281   -1.5135249827 
    226       Ba               -1.9780514160    1.0218524330   -0.4742699287 
    227       Ba                1.0218739230   -1.9781370760   -0.4742744578 
    228       Ba                1.0231399448   -1.9783041979   -1.5135629940 
    229       Ba               -1.9799147983    1.0221207474   -1.5193672562 
    230       Ba               -0.9781096155    2.0218432810   -0.4742858983 
    231       Ba                2.0219149200   -0.9781634340   -0.4742322809 
    232       Ba                2.0221296419   -0.9788828331   -1.5153421372 
    233       Ba               -0.9814004486    2.0222997719   -1.5135249827 
    234       Ba                2.0200852017    1.0221207474   -1.5193672562 
    235       Ba                1.0218739230    2.0218629240   -0.4742744578 
    236       Ba                2.0219485840    1.0218524330   -0.4742699287 
    237       Ba                1.0231399448    2.0216958021   -1.5135629940 
    238       O                -1.4704518953   -1.9605106302   -0.9961048815 
    239       O                -1.9621608090   -1.4691601473   -0.9951604740 
    240       O                 0.0391697057   -2.4660165899   -0.9931938617 
    241       O                -2.4697711286    0.0402216511   -0.9972459134 
    242       O                -1.4913311674    1.9880052836   -2.0058654948 
    243       O                -1.9604895656    1.5302858625   -0.9971430602 
    244       O                 1.5335629027   -1.9620669100   -0.9954294038 
    245       O                -0.0085711891   -2.4904890568   -1.9926094634 
    246       O                -1.4958689010    1.9921364420    0.0126680713 
    247       O                 1.9921954640   -1.4959750250    0.0126350862 
    248       Ti               -0.4572669940   -2.4529539742   -1.9640431141 
    249       O                 1.9882383321    1.5082315346   -2.0048115002 
    250       O                -2.4958955130   -0.0078027867    0.0125895471 
    251       O                -0.0077681103   -2.4959378360    0.0126302373 
    252       O                 1.5040563470    1.9921483980    0.0125945053 
    253       O                 1.9921966630    1.5040724430    0.0126215579 
    254       O                 1.9978464583   -1.4996860254   -2.0018612858 
    255       Ti               -2.4561743180   -0.4561936819   -0.0181979960 
    256       Ti               -0.4561681135   -2.4562319650   -0.0182044679 
    257       O                 1.5004274347    1.9977475710   -2.0029192851 
    258       Ti               -2.4567582633   -0.4582940390   -1.9690496165 
    259       O                -2.4996639156   -0.0116327007   -2.0028875521 
    260       O                 2.5000823100   -0.0028646264   -2.0019422624 
    261       O                -2.0021535417   -1.4996860254   -2.0018612858 
    262       O                 1.5004274347   -2.0022524290   -2.0029192851 
    263       O                -1.4958689010   -2.0078635580    0.0126680713 
    264       O                -2.0078045360   -1.4959750250    0.0126350862 
    265       O                -0.0077325011    2.5040773130    0.0126196328 
    266       O                 2.5041176240   -0.0078543567    0.0126288852 
    267       O                -1.4913311674   -2.0119947164   -2.0058654948 
    268       O                -2.0078033370    1.5040724430    0.0126215579 
    269       O                 1.5040563470   -2.0078516020    0.0125945053 
    270       Ti                0.5394118520   -2.4504018060   -1.9682668334 
    271       O                -0.0127547721    2.5103383422   -1.9935546379 
    272       O                 2.0378391910   -1.4691601473   -0.9951604740 
    273       O                -1.4704518953    2.0394893698   -0.9961048815 
    274       O                -2.0117616679    1.5082315346   -2.0048115002 
    275       Ti               -2.4561545930    0.5437809162   -0.0181321814 
    276       Ti                0.5438367865   -2.4562218190   -0.0181693634 
    277       Ti               -2.4625870891    0.5480994930   -1.9769819303 
    278       O                -2.4782889843   -0.4807133777   -1.4965911341 
    279       O                -0.4818588613   -2.4789330024   -1.4939389021 
    280       O                -2.4796331870   -0.4797009776   -0.4901684370 
    281       O                -0.4796972966   -2.4797448460   -0.4901703337 
    282       O                 0.5199932839   -2.4746207845   -1.4965978416 
    283       O                 2.5288071344    0.0394316779   -0.9969267448 
    284       O                 0.0397653148    2.5293084919   -0.9934438566 
    285       O                -2.4796033070    0.5203015945   -0.4902173388 
    286       O                 0.5203403660   -2.4797258450   -0.4901648431 
    287       O                -2.4836873776    0.5215786819   -1.5027735600 
    288       Ti                2.4955483975   -0.4997274109   -0.9977378630 
    289       Ti                2.4972769978    0.4984961423   -0.9985738780 
    290       Ti                0.4998658909    2.4971891603   -0.9944240820 
    291       Ti                0.4985893047   -2.4997376024   -0.9959559093 
    292       O                 2.0395104344    1.5302858625   -0.9971430602 
    293       Ti               -0.5050057587    2.4995177019   -0.9947198305 
    294       O                 1.5335629027    2.0379330900   -0.9954294038 
    295       Ti               -2.5009929874   -0.5012559120   -0.9974648568 
    296       Ti               -2.5024121553    0.4987844272   -0.9983097472 
    297       Ti               -0.5042167406   -2.5016298024   -0.9957815287 
    298       O                 2.5156973374   -0.4780077925   -1.4981307605 
    299       O                -0.4796952545    2.5202122720   -0.4901695890 
    300       O                 2.5203134190   -0.4797854163   -0.4901580709 
    301       O                 2.5170215770    0.5224113963   -1.5006086683 
    302       O                -0.4835113054    2.5255197288   -1.4950570457 
    303       O                 0.5198637490    2.5189511230   -1.4950976141 
    304       O                 2.5203199750    0.5201863355   -0.4901844121 
    305       O                 0.5203915313    2.5203228030   -0.4901805010 
    306       Ti                2.5396520705   -0.4528032952   -1.9717380472 
    307       Ti               -0.4561185870    2.5437368880   -0.0180923663 
    308       Ti                2.5438489210   -0.4562105773   -0.0180737063 
    309       Ti               -0.4599235562    2.5474830388   -1.9641705674 
    310       Ti                0.5429208919    2.5416972968   -1.9643168157 
    311       Ti                2.5429617682    0.5459275187   -1.9762176348 
    312       Ti                2.5438554250    0.5437569199   -0.0181160046 
    313       Ti                0.5438534976    2.5438321640   -0.0180902847 
    314       O                -2.4681145447   -0.9608826318   -0.9956004173 
    315       O                -0.9629192572   -2.4682808120   -0.9945107979 
    316       O                 1.0401509731   -2.4679409269   -0.9958779629 
    317       O                 0.9870203072   -2.4897256157   -2.0010752057 
    318       O                -2.4688681406    1.0399019000   -0.9975395419 
    319       O                -2.4959045000    0.9921456433    0.0126097908 
    320       O                 0.9922093624   -2.4959112760    0.0126750900 
    321       O                -2.4927319517   -1.0125387970   -2.0019407329 
    322       O                -2.4958563720   -1.0078526340    0.0126236765 
    323       O                -1.0077734000   -2.4959652340    0.0126230257 
    324       O                 2.5001535089    0.9983093429   -2.0033128449 
    325       O                -1.0009160014   -2.4992276521   -2.0007924955 
    326       O                -2.5003440858    0.9981968845   -2.0024661178 
    327       O                 2.5041354910    0.9921089870    0.0125973078 
    328       O                 0.9922040082    2.5041221780    0.0126864679 
    329       O                 0.9878517168    2.5081518701   -1.9965388703 
    330       O                 2.5034030348   -1.0090377854   -2.0027615935 
    331       O                -1.0078011610    2.5040048800    0.0125708124 
    332       O                 2.5041439170   -1.0078390220    0.0126413047 
    333       O                -1.0064540551    2.5063413342   -1.9986789082 
    334       O                 2.5281473817   -0.9598595028   -0.9964548834 
    335       O                -0.9638222132    2.5316117737   -0.9944280650 
    336       O                 1.0413005893    2.5284769036   -0.9956180963 
    337       O                 2.5307896616    1.0388639521   -0.9961901213 
    338       Ba               -1.9780665370   -1.9781559910   -0.4743044715 
    339       Ba               -1.9751692688   -1.9814189077   -1.5179355864 
    340       Ba               -1.9751692688    2.0185810923   -1.5179355864 
    341       Ba               -1.9780665370    2.0218440090   -0.4743044715 
    342       Ba                2.0219334630   -1.9781559910   -0.4743044715 
    343       Ba                2.0248307312   -1.9814189077   -1.5179355864 
    344       Ti               -2.4507774170   -1.4610729138   -1.9725661051 
    345       Ti               -1.4561441630   -2.4562082560   -0.0181056859 
    346       Ti               -2.4561676250   -1.4562462830   -0.0182163069 
    347       Ti               -1.4507054167   -2.4608808142   -1.9747554087 
    348       Ba                2.0248307312    2.0185810923   -1.5179355864 
    349       Ba                2.0219334630    2.0218440090   -0.4743044715 
    350       O                -2.4761464222   -1.4823906780   -1.4991167042 
    351       O                -1.4796655460   -2.4797096780   -0.4901599062 
    352       O                -2.4796818930   -1.4797475230   -0.4901887506 
    353       O                -1.4787148108   -2.4806946273   -1.5010658495 
    354       Ti                1.5420295281   -2.4540114103   -1.9746692691 
    355       Ti               -2.4561665500    1.5437827500   -0.0182310306 
    356       Ti                1.5438334500   -2.4562172500   -0.0182310306 
    357       Ti               -2.4579704719    1.5459885897   -1.9746692691 
    358       O                 1.5196803686   -2.4771071240   -1.5008447624 
    359       O                -2.4796589690    1.5202996220   -0.4901983965 
    360       O                 1.5203410310   -2.4797003780   -0.4901983965 
    361       O                -2.4803196314    1.5228928760   -1.5008447624 
    362       Ti                2.4986292054    1.4967462843   -0.9981345019 
    363       Ti                1.5019748450    2.4962149826   -0.9970392742 
    364       Ti                2.4974067653   -1.5020256326   -0.9975392450 
    365       Ti               -1.5025932347    2.4979743674   -0.9975392450 
    366       Ti               -2.5008637994    1.4983694227   -0.9981316934 
    367       Ti               -2.4980251550   -1.5037850174   -0.9970392742 
    368       Ti                1.4991362006   -2.5016305773   -0.9981316934 
    369       Ti               -1.5013707946   -2.5032537157   -0.9981345019 
    370       O                 2.5188978473   -1.4808606091   -1.4996258534 
    371       O                -1.4811021527    2.5191393909   -1.4996258534 
    372       O                -1.4797810880    2.5201812390   -0.4901619677 
    373       O                 2.5202189120   -1.4798187610   -0.4901619677 
    374       Ti                2.5433706724   -1.4562268872   -1.9736556671 
    375       Ti               -1.4561807150    2.5437629170   -0.0181928108 
    376       Ti                2.5438192850   -1.4562370830   -0.0181928108 
    377       Ti               -1.4566293276    2.5437731128   -1.9736556671 
    378       O                 1.5238535778    2.5176093220   -1.4991167042 
    379       O                 1.5203181070    2.5202524770   -0.4901887506 
    380       O                 2.5203344540    1.5202903220   -0.4901599062 
    381       O                 2.5212851892    1.5193053727   -1.5010658495 
    382       Ba                0.0220323081   -2.9729209338   -1.5035247725 
    383       Ti                1.5492225830    2.5389270862   -1.9725661051 
    384       Ti                1.5438323750    2.5437537170   -0.0182163069 
    385       Ti                2.5438558370    1.5437917440   -0.0181056859 
    386       Ti                2.5492945833    1.5391191858   -1.9747554087 
    387       Ba               -2.9780864080    0.0218184145   -0.4742871470 
    388       Ba                0.0219023557   -2.9781802590   -0.4742031468 
    389       Ba               -2.9807572113    0.0231947369   -1.5195789968 
    390       O                -2.9602523514   -0.4695236886   -0.9937255302 
    391       O                -0.4709882021   -2.9602598383   -0.9935888512 
    392       O                 0.5313091122   -2.9584394726   -0.9944645209 
    393       O                -2.9595856127    0.5326848017   -0.9922159000 
    394       Ba                0.0205331707    3.0163995794   -1.4993080078 
    395       Ba                3.0189707541    0.0236571040   -1.5190627704 
    396       Ba                0.0218822768    3.0218582744   -0.4742421684 
    397       Ba                3.0219044492    0.0218099210   -0.4742858097 
    398       O                 2.9866021417   -0.4929820366   -1.9956308928 
    399       O                 2.9861074467    0.5095219286   -2.0027323983 
    400       O                -0.4958938461    2.9920901160    0.0126497645 
    401       O                 2.9922247620   -0.4959548058    0.0126267195 
    402       O                 2.9922227910    0.5040271261    0.0125991717 
    403       O                 0.5041105546    2.9922039640    0.0126134930 
    404       O                 0.5004237190    2.9981528084   -1.9885347293 
    405       O                 0.5011048860   -3.0001684349   -1.9997669582 
    406       O                -0.4998976562    3.0017312957   -1.9981121519 
    407       O                -3.0044651872   -0.5057841153   -1.9887589326 
    408       O                -3.0078306354   -0.4959019708    0.0126110341 
    409       O                -0.4958918036   -3.0078812127    0.0126296975 
    410       O                -3.0077398215    0.5040382600    0.0125907157 
    411       O                 0.5042017826   -3.0078910701    0.0126226176 
    412       O                -0.4868136624   -3.0119057180   -1.9914387036 
    413       O                -3.0129725130    0.5069467173   -2.0089901354 
    414       O                 3.0358184323   -0.4685435055   -0.9931806782 
    415       O                -0.4722009361    3.0389111603   -0.9927190930 
    416       O                 3.0360246530    0.5300968492   -0.9913170314 
    417       O                 0.5340695802    3.0360983863   -0.9923994176 
    418       Ba               -2.9711421102   -0.9852181545   -1.5074678125 
    419       Ba               -2.9780584400   -0.9781446557   -0.4742883464 
    420       Ba               -0.9781014095   -2.9781770790   -0.4742480671 
    421       Ba               -0.9775437453   -2.9821228820   -1.5163174427 
    422       Ba                1.0205521400   -2.9758575541   -1.5156557803 
    423       Ba               -2.9780786440    1.0218576020   -0.4742084602 
    424       Ba                1.0219213560   -2.9781423980   -0.4742084602 
    425       Ba               -2.9794478600    1.0241424459   -1.5156557803 
    426       O                -2.4664370973   -1.9620669100   -0.9954294038 
    427       O                -1.9604895656   -2.4697141375   -0.9971430602 
    428       Ba                3.0144542448   -0.9770094931   -1.5118175788 
    429       Ba               -0.9780886854    3.0218039496   -0.4742029931 
    430       Ba                3.0219113146   -0.9781960504   -0.4742029931 
    431       Ba               -0.9855457552    3.0229905069   -1.5118175788 
    432       Ba                1.0288578898    3.0147818455   -1.5074678125 
    433       O                 1.9882383321   -2.4917684654   -2.0048115002 
    434       Ba                3.0224562547    1.0178771180   -1.5163174427 
    435       Ba                3.0218985905    1.0218229210   -0.4742480671 
    436       Ba                1.0219415600    3.0218553443   -0.4742883464 
    437       O                -2.4959436530    1.9921483980    0.0125945053 
    438       O                 1.9921966630   -2.4959275570    0.0126215579 
    439       O                -2.4664370973    2.0379330900   -0.9954294038 
    440       O                 1.9921954640    2.5040249750    0.0126350862 
    441       O                -2.4995725653    1.9977475710   -2.0029192851 
    442       O                 2.5041310990    1.9921364420    0.0126680713 
    443       O                 2.5295481047   -1.9605106302   -0.9961048815 
    444       O                 1.9978464583    2.5003139746   -2.0018612858 
    445       O                 2.5086688326    1.9880052836   -2.0058654948 
    446       O                -1.9621608090    2.5308398527   -0.9951604740 
    447       O                -2.0117616679   -2.4917684654   -2.0048115002 
    448       O                -2.4995725653   -2.0022524290   -2.0029192851 
    449       O                 2.0395104344   -2.4697141375   -0.9971430602 
    450       O                -2.0021535417    2.5003139746   -2.0018612858 
    451       O                -2.0078033370   -2.4959275570    0.0126215579 
    452       O                -2.4959436530   -2.0078516020    0.0125945053 
    453       O                -2.0078045360    2.5040249750    0.0126350862 
    454       O                 2.5041310990   -2.0078635580    0.0126680713 
    455       O                 2.5086688326   -2.0119947164   -2.0058654948 
    456       O                 2.0378391910    2.5308398527   -0.9951604740 
    457       O                 2.5295481047    2.0394893698   -0.9961048815 
    458       O                -2.9586994107   -1.4715230964   -0.9956180963 
    459       O                -1.4692103384   -2.9611360479   -0.9961901213 
    460       O                 1.5311318594   -2.9600981000   -0.9975395419 
    461       O                -2.9598490269    1.5320590731   -0.9958779629 
    462       O                -1.4965969652    2.9909622146   -2.0027615935 
    463       O                -1.4958560830    2.9921609780    0.0126413047 
    464       O                 2.9921988390   -1.4959951200    0.0125708124 
    465       O                 2.9935459449   -1.4936586658   -1.9986789082 
    466       O                 1.5072680483    2.9874612030   -2.0019407329 
    467       O                 1.5041436280    2.9921473660    0.0126236765 
    468       O                 2.9922266000    1.5040347660    0.0126230257 
    469       O                 2.9990839986    1.5007723479   -2.0007924955 
    470       O                 1.4996559142   -3.0018031155   -2.0024661178 
    471       O                -1.4998464911   -3.0016906571   -2.0033128449 
    472       O                -3.0077959918   -1.4958778220    0.0126864679 
    473       O                -1.4958645090   -3.0078910130    0.0125973078 
    474       O                -3.0121482832   -1.4918481299   -1.9965388703 
    475       O                -3.0077906376    1.5040887240    0.0126750900 
    476       O                 1.5040955000   -3.0078543567    0.0126097908 
    477       O                -3.0129796928    1.5102743843   -2.0010752057 
    478       O                 3.0361777868   -1.4683882263   -0.9944280650 
    479       O                -1.4718526183    3.0401404972   -0.9964548834 
    480       O                 3.0370807428    1.5317191880   -0.9945107979 
    481       O                 1.5318854553    3.0391173682   -0.9956004173 
    482       H                -3.4504633623    0.0229878910   -3.1864132976 
    483       O                -3.4678532527    0.0381104807   -0.9959334066 
    484       O                 0.0400240177   -3.4699018334   -0.9967673908 
    485       H                 3.4703578625    0.0634834957   -3.1814040328 
    486       Ti               -2.4579704719   -2.4540114103   -1.9746692691 
    487       Ti               -2.4561665500   -2.4562172500   -0.0182310306 
    488       H                 0.2041888914    3.4788446698   -3.1901866099 
    489       Ti               -3.4514386994   -0.4824283477   -1.9580728180 
    490       Ti               -0.4371094219   -3.4586270414   -1.9656726835 
    491       Ti               -3.4561877687   -0.4561846591   -0.0181245158 
    492       Ti               -0.4561394494   -3.4562502496   -0.0180926708 
    493       O                 0.0072391147   -3.4864292322   -1.9323290791 
    494       Ti                0.5369701425   -3.4466508541   -1.9733745010 
    495       O                -3.4955710401   -0.0186001569   -1.9956407324 
    496       O                -3.4958507952   -0.0077978347    0.0125552850 
    497       O                -0.0077648517   -3.4959219852    0.0126164273 
    498       Ti               -3.4561220445    0.5437143785   -0.0182310321 
    499       O                -0.0103584871    3.4987497776   -1.9662973076 
    500       Ti                0.5438779555   -3.4562856215   -0.0182310321 
    501       O                 3.5021998427   -0.0013149354   -1.9995922689 
    502       O                 3.5041072204   -0.0078238720    0.0125774613 
    503       O                -0.0077945560    3.5041179475    0.0126477278 
    504       O                -3.4657393429    0.5242900254   -1.4938404607 
    505       O                -2.4803196314   -2.4771071240   -1.5008447624 
    506       O                -2.4796589690   -2.4797003780   -0.4901983965 
    507       Ti               -3.4630298575    0.5533491459   -1.9733745010 
    508       O                -3.4735059991   -0.4867108882   -1.4914841203 
    509       H                -0.2373789699    3.5004781572   -3.1781556367 
    510       O                -3.4797269122   -0.4797434303   -0.4901955726 
    511       O                -0.4796717767   -3.4797845200   -0.4901873000 
    512       O                 0.5342606571   -3.4757099746   -1.4938404607 
    513       O                -0.4919823363   -3.4825523390   -1.4906442357 
    514       O                -3.4796214862    0.5202556386   -0.4902156894 
    515       O                 0.5203785138   -3.4797443614   -0.4902156894 
    516       O                 0.0413128479    3.5266660750   -0.9940480445 
    517       Ti               -2.4507774170    2.5389270862   -1.9725661051 
    518       Ti                3.4932976321   -0.5004150246   -0.9946352267 
    519       O                 3.5294058838    0.0358425750   -0.9928376256 
    520       Ti                3.4949756019    0.4965377199   -0.9987006519 
    521       O                -2.4761464222    2.5176093220   -1.4991167042 
    522       Ti               -2.4980251550    2.4962149826   -0.9970392742 
    523       Ti                0.5010560043    3.4959946185   -0.9936102154 
    524       Ti                2.4974067653    2.4979743674   -0.9975392450 
    525       Ti               -3.4989439957   -0.5040053815   -0.9936102154 
    526       Ti               -3.5002134667    0.4983074390   -0.9995098314 
    527       O                -2.4796818930    2.5202524770   -0.4901887506 
    528       O                 2.5203344540   -2.4797096780   -0.4901599062 
    529       Ti               -2.4561676250    2.5437537170   -0.0182163069 
    530       Ti               -0.5067023679    3.4995849754   -0.9946352267 
    531       Ti                2.5438558370   -2.4562082560   -0.0181056859 
    532       Ti                2.4986292054   -2.5032537157   -0.9981345019 
    533       O                 2.5212851892   -2.4806946273   -1.5010658495 
    534       Ti                0.4997865333   -3.5016925610   -0.9995098314 
    535       Ti               -2.5008637994   -2.5016305773   -0.9981316934 
    536       Ti               -0.5050243981   -3.5034622801   -0.9987006519 
    537       Ti                2.5492945833   -2.4608808142   -1.9747554087 
    538       O                 3.5109067725   -0.4813207900   -1.4938259450 
    539       O                 3.5080176637    0.5174476610   -1.4906442357 
    540       O                -0.4890932275    3.5186792100   -1.4938259450 
    541       O                 0.5264940009    3.5132891118   -1.4914841203 
    542       O                -0.4797125293    3.5202065636   -0.4901492064 
    543       O                 3.5202874707   -0.4797934364   -0.4901492064 
    544       Ti               -0.4532519035    3.5269965660   -1.9621807563 
    545       O                 0.5202730878    3.5202565697   -0.4901955726 
    546       O                 3.5203282233    0.5202154800   -0.4901873000 
    547       Ti                0.5485613006    3.5175716523   -1.9580728180 
    548       O                 2.5188978473    2.5191393909   -1.4996258534 
    549       O                 2.5202189120    2.5201812390   -0.4901619677 
    550       Ti               -0.4561897735    3.5437941955   -0.0181705164 
    551       Ti                3.5438102265   -0.4562058045   -0.0181705164 
    552       Ba               -2.9768600552   -1.9783041979   -1.5135629940 
    553       H                -0.2934960713   -3.5630364169   -3.1676003496 
    554       Ba               -1.9780514160   -2.9781475670   -0.4742699287 
    555       Ba               -2.9781260770   -1.9781370760   -0.4742744578 
    556       Ba               -1.9799147983   -2.9778792526   -1.5193672562 
    557       Ti                3.5467480965   -0.4730034340   -1.9621807563 
    558       H                 3.5842601511   -0.0657297471   -2.3875724400 
    559       Ti                0.5438122313    3.5438153409   -0.0181245158 
    560       Ti                3.5438605506    0.5437497504   -0.0180926708 
    561       H                -3.5874319651   -0.0845238321   -2.3679342105 
    562       Ti                2.5433706724    2.5437731128   -1.9736556671 
    563       Ti                2.5438192850    2.5437629170   -0.0181928108 
    564       O                -3.4659304198   -0.9639016137   -0.9923994176 
    565       Ba                2.0200852017   -2.9778792526   -1.5193672562 
    566       Ba               -2.9768600552    2.0216958021   -1.5135629940 
    567       Ba               -2.9781260770    2.0218629240   -0.4742744578 
    568       Ba                2.0219485840   -2.9781475670   -0.4742699287 
    569       O                -0.9639753470   -3.4699031508   -0.9913170314 
    570       Ti                3.5628905781    0.5413729586   -1.9656726835 
    571       H                 0.3401090484   -3.5883855519   -3.1762758412 
    572       Ba                3.0185995514   -1.9777002281   -1.5135249827 
    573       Ba               -1.9778703581    3.0211171669   -1.5153421372 
    574       Ba               -1.9780850800    3.0218365660   -0.4742322809 
    575       Ba                3.0218903845   -1.9781567190   -0.4742858983 
    576       O                 1.0404143873   -3.4673151983   -0.9922159000 
    577       H                -0.0199145821    3.6201291734   -3.5426031321 
    578       O                -3.4686908878    1.0415605274   -0.9944645209 
    579       C                -0.0123105871    3.6236011762   -3.2697199966 
    580       O                 0.9870274870   -3.4930532827   -2.0089901354 
    581       O                 0.9955348128    3.4942158847   -1.9887589326 
    582       Ba                3.0185995514    2.0222997719   -1.5135249827 
    583       O                -3.4957982174    0.9921089299    0.0126226176 
    584       O                 0.9922601785   -3.4959617400    0.0125907157 
    585       O                -1.0138925533   -3.4904780714   -2.0027323983 
    586       Ba                2.0221296419    3.0211171669   -1.5153421372 
    587       Ba                2.0219149200    3.0218365660   -0.4742322809 
    588       Ba                3.0218903845    2.0218432810   -0.4742858983 
    589       O                -3.4958894454   -1.0077960360    0.0126134930 
    590       O                -1.0077772090   -3.4959728739    0.0125991717 
    591       O                -3.4988951140    0.9998315651   -1.9997669582 
    592       O                 3.5001023438   -0.9982687043   -1.9981121519 
    593       O                -3.4995762810   -1.0018471916   -1.9885347293 
    594       O                 0.0112455458   -3.6417373395   -2.5641405580 
    595       O                 3.5041081964    0.9921187873    0.0126296975 
    596       O                 0.9921693646    3.5040980292    0.0126110341 
    597       O                -1.0077752380    3.5040451942    0.0126267195 
    598       O                 3.5041061539   -1.0079098840    0.0126497645 
    599       O                 3.5131863376    0.9880942820   -1.9914387036 
    600       O                -1.0133978583    3.5070179634   -1.9956308928 
    601       O                 3.5277990639   -0.9610888397   -0.9927190930 
    602       O                -0.9641815677    3.5314564945   -0.9931806782 
    603       H                -3.6710471649    0.1650010851   -3.5416477437 
    604       O                -3.6697614982   -0.2022653116   -2.5793043282 
    605       C                -3.6732574795    0.1560470938   -3.2689944307 
    606       O                 3.5290117979    1.0397401617   -0.9935888512 
    607       O                 1.0397476486    3.5304763114   -0.9937255302 
    608       O                 3.6775876488   -0.1932531941   -2.5856203772 
    609       H                -3.6598909516    0.4116144481   -3.1762758412 
    610       H                 3.6969827119    0.1940712639   -3.5371309084 
    611       C                 3.7009721822    0.1822465443   -3.2644565282 
    612       H                 3.7065039287    0.4369635831   -3.1676003496 
    613       Ti               -1.4570382318   -3.4540724813   -1.9762176348 
    614       Ti               -3.4561465024   -1.4561678360   -0.0180902847 
    615       Ti               -1.4561445750   -3.4562430801   -0.0181160046 
    616       Ti               -3.4570791081   -1.4583027032   -1.9643168157 
    617       Ti                1.5374129109   -3.4519005070   -1.9769819303 
    618       O                -1.4829784230   -3.4775886037   -1.5006086683 
    619       O                -3.4796084687   -1.4796771970   -0.4901805010 
    620       O                -1.4796800250   -3.4798136645   -0.4901844121 
    621       O                -3.4801362510   -1.4810488770   -1.4950976141 
    622       Ti               -3.4561632135    1.5437781810   -0.0181693634 
    623       Ti                1.5438454070   -3.4562190838   -0.0181321814 
    624       Ti               -3.4605881480    1.5495981940   -1.9682668334 
    625       O                 1.5163126224   -3.4784213181   -1.5027735600 
    626       H                 3.7626210301   -0.4995218428   -3.1781556367 
    627       O                -3.4796596340    1.5202741550   -0.4901648431 
    628       O                 1.5203966930   -3.4796984055   -0.4902173388 
    629       O                -3.4800067161    1.5253792155   -1.4965978416 
    630       Ti                3.4957832594    1.4983701976   -0.9957815287 
    631       Ti                3.4949942413   -1.5004822981   -0.9947198305 
    632       Ti                1.4990070126    3.4987440880   -0.9974648568 
    633       Ti                1.4975878447   -3.5012155728   -0.9983097472 
    634       Ti               -3.5001341091   -1.5028108397   -0.9944240820 
    635       Ti               -3.5014106953    1.5002623976   -0.9959559093 
    636       Ti               -1.5044516025    3.5002725891   -0.9977378630 
    637       Ti               -1.5027230022   -3.5015038577   -0.9985738780 
    638       O                 0.3302385018    3.7977346884   -2.5793043282 
    639       O                 3.5164886946   -1.4744802712   -1.4950570457 
    640       H                -0.3030172881   -3.8059287361   -3.5371309084 
    641       O                -1.4796865810    3.5202145837   -0.4901580709 
    642       O                 3.5203047455   -1.4797877280   -0.4901695890 
    643       O                -0.3224123512    3.8067468059   -2.5856203772 
    644       O                -1.4843026626    3.5219922075   -1.4981307605 
    645       Ti                3.5400764438   -1.4525169612   -1.9641705674 
    646       C                -0.2990278178   -3.8177534557   -3.2644565282 
    647       Ti               -1.4561510790    3.5437894227   -0.0180737063 
    648       Ti                3.5438814130   -1.4562631120   -0.0180923663 
    649       H                -3.7958111086   -0.5211553302   -3.1901866099 
    650       O                 3.5181411387    1.5210669976   -1.4939389021 
    651       O                 1.5217110157    3.5192866223   -1.4965911341 
    652       O                 3.5203027034    1.5202551540   -0.4901703337 
    653       O                 1.5203668130    3.5202990224   -0.4901684370 
    654       Ti               -1.4603479295    3.5471967048   -1.9717380472 
    655       H                 0.3289528351   -3.8349989149   -3.5416477437 
    656       O                -2.9598490269   -2.4679409269   -0.9958779629 
    657       O                -2.4688681406   -2.9600981000   -0.9975395419 
    658       C                 0.3267425205   -3.8439529062   -3.2689944307 
    659       Ti                1.5432417367    3.5417059610   -1.9690496165 
    660       Ti                3.5438318865    1.5437680350   -0.0182044679 
    661       Ti                1.5438256820    3.5438063181   -0.0181979960 
    662       Ti                3.5427330060    1.5470460258   -1.9640431141 
    663       O                -2.4927319517    2.9874612030   -2.0019407329 
    664       O                -2.9586994107    2.5284769036   -0.9956180963 
    665       O                 2.5307896616   -2.9611360479   -0.9961901213 
    666       O                -2.4958563720    2.9921473660    0.0126236765 
    667       O                 2.9922266000   -2.4959652340    0.0126230257 
    668       O                 2.5034030348    2.9909622146   -2.0027615935 
    669       O                 2.9921988390    2.5040048800    0.0125708124 
    670       O                 2.5041439170    2.9921609780    0.0126413047 
    671       O                 2.9990839986   -2.4992276521   -2.0007924955 
    672       O                 2.9935459449    2.5063413342   -1.9986789082 
    673       O                 2.5001535089   -3.0016906571   -2.0033128449 
    674       O                -2.5003440858   -3.0018031155   -2.0024661178 
    675       O                -3.0077906376   -2.4959112760    0.0126750900 
    676       O                -2.4959045000   -3.0078543567    0.0126097908 
    677       O                -3.0129796928   -2.4897256157   -2.0010752057 
    678       O                 3.0370807428   -2.4682808120   -0.9945107979 
    679       O                -3.0077959918    2.5041221780    0.0126864679 
    680       O                 2.5041354910   -3.0078910130    0.0125973078 
    681       O                -2.4681145447    3.0391173682   -0.9956004173 
    682       O                -3.0121482832    2.5081518701   -1.9965388703 
    683       H                 0.4125680349    3.9154761679   -2.3679342105 
    684       O                 3.0361777868    2.5316117737   -0.9944280650 
    685       O                 2.5281473817    3.0401404972   -0.9964548834 
    686       H                -0.4157398489    3.9342702529   -2.3875724400 
    687       H                -0.5296421375   -3.9365165043   -3.1814040328 
    688       Ba               -3.9752897548    0.0146164215   -1.5035789557 
    689       Ba               -3.9781093203    0.0218411252   -0.4742883436 
    690       Ba                0.0218906797   -3.9781588748   -0.4742883436 
    691       O                -3.4670820537   -1.9614215458   -0.9934640700 
    692       O                -1.9618891848   -3.4676578241   -0.9964380354 
    693       C                 0.0073000502    3.9845384271   -3.1502360898 
    694       Ba                0.0247102452   -3.9853835785   -1.5035789557 
    695       O                -3.9586871521   -0.4733339250   -0.9940480445 
    696       P                -3.9909019329    0.0076911569   -2.6993493669 
    697       O                -0.4705941162   -3.9641574250   -0.9928376256 
    698       P                 0.0090980671   -3.9923088431   -2.6993493669 
    699       C                -3.9926999498   -0.0154615729   -3.1502360898 
    700       O                -3.9599759823    0.5300981666   -0.9967673908 
    701       O                 0.5321467473   -3.9618895193   -0.9959334066 
    702       H                 3.9800854179   -0.3798708266   -3.5426031321 
    703       O                -3.9887544542    0.3582626605   -2.5641405580 
    704       C                 3.9876894129   -0.3763988238   -3.2697199966 
    705       O                 0.5044289599    3.9813998431   -1.9956407324 
    706       H                 0.5495366377   -3.9770121090   -3.1864132976 
    707       O                 1.9844134307   -3.4929115128   -2.0081064568 
    708       O                 3.9896415129   -0.5012502224   -1.9662973076 
    709       O                -3.4670820537    2.0385784542   -0.9934640700 
    710       O                 2.0381108152   -3.4676578241   -0.9964380354 
    711       O                -0.4958927796    3.9921761280    0.0125774613 
    712       O                 3.9922054440   -0.4958820525    0.0126477278 
    713       O                -3.4958628875    1.9921555200    0.0126198498 
    714       O                 1.9922045320   -3.4959419079    0.0126351910 
    715       O                 0.5041492048    3.9922021653    0.0125552850 
    716       O                 3.9922351483    0.5040780148    0.0126164273 
    717       O                -3.9927608853    0.5135707678   -1.9323290791 
    718       O                -0.4978001573    3.9986850646   -1.9995922689 
    719       O                 1.9919580942    3.5036699526   -1.9994163934 
    720       O                 1.9921861450    3.5040754267    0.0126477167 
    721       O                 3.5041179662    1.9921461840    0.0126353719 
    722       O                -3.5000760402   -1.9992021581   -1.9995518001 
    723       O                -3.4958628875   -2.0078444800    0.0126198498 
    724       O                -2.0077954680   -3.4959419079    0.0126351910 
    725       O                -3.5000760402    2.0007978419   -1.9995518001 
    726       O                -2.0155865693   -3.4929115128   -2.0081064568 
    727       O                 3.5039130115    1.9967335150   -1.9890623517 
    728       O                 3.5281620944   -1.9595033897   -0.9954421982 
    729       O                 3.5039130115   -2.0032664850   -1.9890623517 
    730       O                -2.0080419058    3.5036699526   -1.9994163934 
    731       O                -2.0078138550    3.5040754267    0.0126477167 
    732       O                 3.5041179662   -2.0078538160    0.0126353719 
    733       O                -1.9629073570    3.5328782850   -0.9942464567 
    734       O                 3.5281620944    2.0404966103   -0.9954421982 
    735       O                 2.0370926430    3.5328782850   -0.9942464567 
    736       Ba               -0.9810292459   -3.9763428960   -1.5190627704 
    737       Ba               -3.9781177232   -0.9781417256   -0.4742421684 
    738       Ba               -0.9780955508   -3.9781900790   -0.4742858097 
    739       Ba               -3.9794668293   -0.9836004206   -1.4993080078 
    740       Ba                1.0192427887   -3.9768052631   -1.5195789968 
    741       Ba               -3.9780976443    1.0218197410   -0.4742031468 
    742       Ba                1.0219135920   -3.9781815855   -0.4742871470 
    743       Ba               -3.9779676919    1.0270790662   -1.5035247725 
    744       Ba               -2.9794478600   -2.9758575541   -1.5156557803 
    745       Ba               -2.9780786440   -2.9781423980   -0.4742084602 
    746       O                -3.9602346852   -1.4706915081   -0.9934438566 
    747       O                -1.4711928656   -3.9605683221   -0.9969267448 
    748       Ba               -2.9711421102    3.0147818455   -1.5074678125 
    749       Ti               -3.4561632135   -2.4562218190   -0.0181693634 
    750       Ti               -2.4561545930   -3.4562190838   -0.0181321814 
    751       Ti               -2.4625870891   -3.4519005070   -1.9769819303 
    752       Ti               -3.4605881480   -2.4504018060   -1.9682668334 
    753       Ba               -2.9780584400    3.0218553443   -0.4742883464 
    754       Ba                3.0218985905   -2.9781770790   -0.4742480671 
    755       O                 1.5302288714   -3.9597783489   -0.9972459134 
    756       Ba                3.0224562547   -2.9821228820   -1.5163174427 
    757       O                -3.9608302943    1.5339834101   -0.9931938617 
    758       O                 3.9872452279   -1.4896616578   -1.9935546379 
    759       O                 1.5003360844    3.9883672993   -2.0028875521 
    760       O                -1.4958823760    3.9921456433    0.0126288852 
    761       O                 3.9922674989   -1.4959226870    0.0126196328 
    762       O                 1.5041044870    3.9921972133    0.0125895471 
    763       O                 3.9922318897    1.5040621640    0.0126302373 
    764       O                 3.9914288109    1.5095109432   -1.9926094634 
    765       Ba                3.0144542448    3.0229905069   -1.5118175788 
    766       O                -1.4999176900    3.9971353736   -2.0019422624 
    767       O                -3.4800067161   -2.4746207845   -1.4965978416 
    768       O                -2.4796033070   -3.4796984055   -0.4902173388 
    769       O                -3.4796596340   -2.4797258450   -0.4901648431 
    770       Ba                3.0219113146    3.0218039496   -0.4742029931 
    771       O                -2.4836873776   -3.4784213181   -1.5027735600 
    772       Ti                2.5429617682   -3.4540724813   -1.9762176348 
    773       Ti               -3.4570791081    2.5416972968   -1.9643168157 
    774       Ti               -3.4561465024    2.5438321640   -0.0180902847 
    775       Ti                2.5438554250   -3.4562430801   -0.0181160046 
    776       O                 2.5170215770   -3.4775886037   -1.5006086683 
    777       O                -3.4801362510    2.5189511230   -1.4950976141 
    778       O                -3.4796084687    2.5203228030   -0.4901805010 
    779       O                 2.5203199750   -3.4798136645   -0.4901844121 
    780       Ti                3.4949942413    2.4995177019   -0.9947198305 
    781       Ti                3.4957832594   -2.5016298024   -0.9957815287 
    782       Ti                2.4955483975    3.5002725891   -0.9977378630 
    783       Ti               -3.5001341091    2.4971891603   -0.9944240820 
    784       Ti               -2.5009929874    3.4987440880   -0.9974648568 
    785       Ti                2.4972769978   -3.5015038577   -0.9985738780 
    786       Ti               -3.5014106953   -2.4997376024   -0.9959559093 
    787       Ti               -2.5024121553   -3.5012155728   -0.9983097472 
    788       O                 3.5181411387   -2.4789330024   -1.4939389021 
    789       O                -2.4782889843    3.5192866223   -1.4965911341 
    790       O                -2.4796331870    3.5202990224   -0.4901684370 
    791       O                 3.5203027034   -2.4797448460   -0.4901703337 
    792       Ti                3.5427330060   -2.4529539742   -1.9640431141 
    793       Ti               -2.4567582633    3.5417059610   -1.9690496165 
    794       Ti               -2.4561743180    3.5438063181   -0.0181979960 
    795       Ti                3.5438318865   -2.4562319650   -0.0182044679 
    796       O                 2.5156973374    3.5219922075   -1.4981307605 
    797       O                 2.5203134190    3.5202145837   -0.4901580709 
    798       O                 3.5164886946    2.5255197288   -1.4950570457 
    799       O                 3.5203047455    2.5202122720   -0.4901695890 
    800       Ti                3.5400764438    2.5474830388   -1.9641705674 
    801       Ti                2.5438489210    3.5437894227   -0.0180737063 
    802       Ti                3.5438814130    2.5437368880   -0.0180923663 
    803       Ti                2.5396520705    3.5471967048   -1.9717380472 
    804       Ba               -1.9815074191   -3.9745406362   -1.5181145440 
    805       Ba               -3.9780778214   -1.9781248560   -0.4743105227 
    806       Ba               -1.9780394220   -3.9781578785   -0.4743139844 
    807       Ba               -3.9806212496   -1.9761124594   -1.5097481704 
    808       Ba                2.0184925809   -3.9745406362   -1.5181145440 
    809       Ba               -3.9780778214    2.0218751440   -0.4743105227 
    810       Ba                2.0219605780   -3.9781578785   -0.4743139844 
    811       Ba               -3.9806212496    2.0238875406   -1.5097481704 
    812       O                -2.9595856127   -3.4673151983   -0.9922159000 
    813       O                -3.4686908878   -2.9584394726   -0.9944645209 
    814       O                 2.9861074467   -3.4904780714   -2.0027323983 
    815       O                -3.4958894454    2.9922039640    0.0126134930 
    816       O                 2.9922227910   -3.4959728739    0.0125991717 
    817       O                 3.5290117979   -2.9602598383   -0.9935888512 
    818       O                 2.9866021417    3.5070179634   -1.9956308928 
    819       O                -2.9602523514    3.5304763114   -0.9937255302 
    820       O                -3.4659304198    3.0360983863   -0.9923994176 
    821       O                 3.5041061539    2.9920901160    0.0126497645 
    822       O                 2.9922247620    3.5040451942    0.0126267195 
    823       O                -3.4995762810    2.9981528084   -1.9885347293 
    824       O                -3.0044651872    3.4942158847   -1.9887589326 
    825       O                -3.4988951140   -3.0001684349   -1.9997669582 
    826       O                 3.0360246530   -3.4699031508   -0.9913170314 
    827       O                 3.5001023438    3.0017312957   -1.9981121519 
    828       O                -3.4957982174   -3.0078910701    0.0126226176 
    829       O                -3.0077398215   -3.4959617400    0.0125907157 
    830       O                -3.0129725130   -3.4930532827   -2.0089901354 
    831       O                -3.0078306354    3.5040980292    0.0126110341 
    832       O                 3.5041081964   -3.0078812127    0.0126296975 
    833       O                 3.5131863376   -3.0119057180   -1.9914387036 
    834       O                 3.5277990639    3.0389111603   -0.9927190930 
    835       O                 3.0358184323    3.5314564945   -0.9931806782 
    836       O                -3.9608302943   -2.4660165899   -0.9931938617 
    837       O                -2.4697711286   -3.9597783489   -0.9972459134 
    838       O                -3.9602346852    2.5293084919   -0.9934438566 
    839       O                 2.5288071344   -3.9605683221   -0.9969267448 
    840       O                 3.9914288109   -2.4904890568   -1.9926094634 
    841       O                -2.4996639156    3.9883672993   -2.0028875521 
    842       O                -2.4958955130    3.9921972133    0.0125895471 
    843       O                 3.9922318897   -2.4959378360    0.0126302373 
    844       O                 3.9872452279    2.5103383422   -1.9935546379 
    845       O                 2.5041176240    3.9921456433    0.0126288852 
    846       O                 3.9922674989    2.5040773130    0.0126196328 
    847       O                 2.5000823100    3.9971353736   -2.0019422624 
    848       Ti               -3.4630298575   -3.4466508541   -1.9733745010 
    849       Ti               -3.4561220445   -3.4562856215   -0.0182310321 
    850       O                -3.4657393429   -3.4757099746   -1.4938404607 
    851       O                -3.4796214862   -3.4797443614   -0.4902156894 
    852       Ti               -3.4514386994    3.5175716523   -1.9580728180 
    853       O                -3.4735059991    3.5132891118   -1.4914841203 
    854       O                 3.5080176637   -3.4825523390   -1.4906442357 
    855       Ti                3.4932976321    3.4995849754   -0.9946352267 
    856       Ti               -3.4989439957    3.4959946185   -0.9936102154 
    857       Ti                3.4949756019   -3.5034622801   -0.9987006519 
    858       O                -3.4797269122    3.5202565697   -0.4901955726 
    859       O                 3.5203282233   -3.4797845200   -0.4901873000 
    860       Ti               -3.4561877687    3.5438153409   -0.0181245158 
    861       Ti                3.5438605506   -3.4562502496   -0.0180926708 
    862       Ti               -3.5002134667   -3.5016925610   -0.9995098314 
    863       Ti                3.5628905781   -3.4586270414   -1.9656726835 
    864       Ba               -3.9779676919   -2.9729209338   -1.5035247725 
    865       Ba               -3.9780976443   -2.9781802590   -0.4742031468 
    866       Ba               -2.9780864080   -3.9781815855   -0.4742871470 
    867       Ba               -2.9807572113   -3.9768052631   -1.5195789968 
    868       O                 3.5109067725    3.5186792100   -1.4938259450 
    869       O                 3.5202874707    3.5202065636   -0.4901492064 
    870       Ba                3.0189707541   -3.9763428960   -1.5190627704 
    871       Ba               -3.9794668293    3.0163995794   -1.4993080078 
    872       Ba               -3.9781177232    3.0218582744   -0.4742421684 
    873       Ba                3.0219044492   -3.9781900790   -0.4742858097 
    874       Ti                3.5467480965    3.5269965660   -1.9621807563 
    875       Ti                3.5438102265    3.5437941955   -0.0181705164 
    876       H                -3.6598909516   -3.5883855519   -3.1762758412 
    877       H                 3.7626210301    3.5004781572   -3.1781556367 
    878       H                 3.7065039287   -3.5630364169   -3.1676003496 
    879       H                -3.7958111086    3.4788446698   -3.1901866099 
    880       H                 3.4703578625   -3.9365165043   -3.1814040328 
    881       O                -3.9599759823   -3.4699018334   -0.9967673908 
    882       H                -3.4504633623   -3.9770121090   -3.1864132976 
    883       O                -3.4678532527   -3.9618895193   -0.9959334066 
    884       O                -3.6697614982    3.7977346884   -2.5793043282 
    885       O                 3.6775876488    3.8067468059   -2.5856203772 
    886       O                -3.4955710401    3.9813998431   -1.9956407324 
    887       O                -3.9927608853   -3.4864292322   -1.9323290791 
    888       O                -3.9586871521    3.5266660750   -0.9940480445 
    889       H                 3.6969827119   -3.8059287361   -3.5371309084 
    890       O                 3.9896415129    3.4987497776   -1.9662973076 
    891       O                -3.4958507952    3.9922021653    0.0125552850 
    892       O                 3.9922351483   -3.4959219852    0.0126164273 
    893       O                 3.5294058838   -3.9641574250   -0.9928376256 
    894       H                -3.6710471649   -3.8349989149   -3.5416477437 
    895       H                -3.5874319651    3.9154761679   -2.3679342105 
    896       O                 3.5041072204    3.9921761280    0.0125774613 
    897       O                 3.9922054440    3.5041179475    0.0126477278 
    898       O                 3.5021998427    3.9986850646   -1.9995922689 
    899       C                -3.6732574795   -3.8439529062   -3.2689944307 
    900       C                 3.7009721822   -3.8177534557   -3.2644565282 
    901       H                 3.5842601511    3.9342702529   -2.3875724400 
    902       H                 3.9800854179    3.6201291734   -3.5426031321 
    903       C                 3.9876894129    3.6236011762   -3.2697199966 
    904       O                -3.9887544542   -3.6417373395   -2.5641405580 
    905       Ba               -3.9781093203   -3.9781588748   -0.4742883436 
    906       Ba               -3.9752897548   -3.9853835785   -1.5035789557 
    907       C                -3.9926999498    3.9845384271   -3.1502360898 
    908       P                -3.9909019329   -3.9923088431   -2.6993493669 
