216
9x1x1 BTO slab with H; 4 layer free; slab visualization
Ba     0     0     0.5037469551
Ba     0     0     1.526139112
Ba     0.0000080585     -0.0043075507     -0.4895449247
Ba     0.0000140319     -0.015022736     -1.488313625
H     0.0000056143     -0.2449928298     -2.202251908
O     0.0000020236     -0.4767944154     -2.126207715
O     0.0000164644     0.4888439778     -1.026486418
O     0.5     0     0.0000002457
O     0.5     0     0.9987995269
O     0.5     0     1.997138754
O     0.4999999852     -0.002216989     -2.050459411
O     0     0.5     0.0000002457
O     0     0.5     0.9987995269
O     0     0.5     1.997138754
O     0     -0.5     0.0000002457
O     0     -0.5     0.9987995269
O     0     -0.5     1.997138754
O     -0.5     0     0.0000002457
O     -0.5     0     0.9987995269
O     -0.5     0     1.997138754
O     -0.5000000148     -0.002216989     -2.050459411
O     0.5000145711     -0.0109613725     -1.018420388
O     -0.4999854289     -0.0109613725     -1.018420388
O     0.0000164644     -0.5111560222     -1.026486418
O     0.0000020236     0.5232055846     -2.126207715
Ti     0.500004305     0.4681619442     -2.005909975
Ti     -0.499995695     0.4681619442     -2.005909975
O     0.5000165413     0.4872406497     -1.559727875
O     -0.4999834587     0.4872406497     -1.559727875
Ti     0.5000120689     0.4906982128     -0.9801584182
Ti     -0.4999879311     0.4906982128     -0.9801584182
O     0.500012402     0.4940374176     -0.5148056392
O     -0.499987598     0.4940374176     -0.5148056392
Ti     0.5     0.5     0
O     0.5     0.5     0.5005611904
Ti     0.5     0.5     0.9945756879
O     0.5     0.5     1.504100891
Ti     0.5     0.5     1.970498358
Ti     0.5     -0.5     0
O     0.5     -0.5     0.5005611904
Ti     0.5     -0.5     0.9945756879
O     0.5     -0.5     1.504100891
Ti     0.5     -0.5     1.970498358
Ti     -0.5     0.5     0
O     -0.5     0.5     0.5005611904
Ti     -0.5     0.5     0.9945756879
O     -0.5     0.5     1.504100891
Ti     -0.5     0.5     1.970498358
Ti     -0.5     -0.5     0
O     -0.5     -0.5     0.5005611904
Ti     -0.5     -0.5     0.9945756879
O     -0.5     -0.5     1.504100891
Ti     -0.5     -0.5     1.970498358
O     0.500012402     -0.5059625824     -0.5148056392
O     -0.499987598     -0.5059625824     -0.5148056392
Ti     0.5000120689     -0.5093017872     -0.9801584182
Ti     -0.4999879311     -0.5093017872     -0.9801584182
O     0.5000165413     -0.5127593503     -1.559727875
O     -0.4999834587     -0.5127593503     -1.559727875
Ti     0.500004305     -0.5318380558     -2.005909975
Ti     -0.499995695     -0.5318380558     -2.005909975
H     0.0000056143     0.7550071702     -2.202251908
Ba     0.0000140319     0.984977264     -1.488313625
Ba     0.0000080585     0.9956924493     -0.4895449247
Ba     1     0     0.5037469551
Ba     1     0     1.526139112
Ba     0     1     0.5037469551
Ba     0     1     1.526139112
Ba     1.000008059     -0.0043075507     -0.4895449247
Ba     0     -1     0.5037469551
Ba     0     -1     1.526139112
Ba     -1     0     0.5037469551
Ba     -1     0     1.526139112
Ba     -0.9999919415     -0.0043075507     -0.4895449247
Ba     1.000014032     -0.015022736     -1.488313625
Ba     -0.9999859681     -0.015022736     -1.488313625
Ba     0.0000080585     -1.004307551     -0.4895449247
Ba     0.0000140319     -1.015022736     -1.488313625
H     1.000005614     -0.2449928298     -2.202251908
H     -0.9999943857     -0.2449928298     -2.202251908
O     1.000002024     -0.4767944154     -2.126207715
O     -0.9999979764     -0.4767944154     -2.126207715
O     0.5000145711     0.9890386275     -1.018420388
O     -0.4999854289     0.9890386275     -1.018420388
O     1.000016464     0.4888439778     -1.026486418
O     -0.9999835356     0.4888439778     -1.026486418
O     0.4999999852     0.997783011     -2.050459411
O     -0.5000000148     0.997783011     -2.050459411
O     1     0.5     0.0000002457
O     1     0.5     0.9987995269
O     1     0.5     1.997138754
O     0.5     1     0.0000002457
O     0.5     1     0.9987995269
O     0.5     1     1.997138754
O     1     -0.5     0.0000002457
O     1     -0.5     0.9987995269
O     1     -0.5     1.997138754
O     -0.5     1     0.0000002457
O     -0.5     1     0.9987995269
O     -0.5     1     1.997138754
O     0.5     -1     0.0000002457
O     0.5     -1     0.9987995269
O     0.5     -1     1.997138754
O     -1     0.5     0.0000002457
O     -1     0.5     0.9987995269
O     -1     0.5     1.997138754
O     -0.5     -1     0.0000002457
O     -0.5     -1     0.9987995269
O     -0.5     -1     1.997138754
O     -1     -0.5     0.0000002457
O     -1     -0.5     0.9987995269
O     -1     -0.5     1.997138754
O     0.4999999852     -1.002216989     -2.050459411
O     -0.5000000148     -1.002216989     -2.050459411
O     1.000016464     -0.5111560222     -1.026486418
O     -0.9999835356     -0.5111560222     -1.026486418
O     0.5000145711     -1.010961373     -1.018420388
O     -0.4999854289     -1.010961373     -1.018420388
O     1.000002024     0.5232055846     -2.126207715
O     -0.9999979764     0.5232055846     -2.126207715
H     0.0000056143     -1.24499283     -2.202251908
H     1.000005614     0.7550071702     -2.202251908
H     -0.9999943857     0.7550071702     -2.202251908
Ba     1.000014032     0.984977264     -1.488313625
Ba     -0.9999859681     0.984977264     -1.488313625
Ba     1.000008059     0.9956924493     -0.4895449247
Ba     -0.9999919415     0.9956924493     -0.4895449247
Ba     1     1     0.5037469551
Ba     1     1     1.526139112
Ba     1     -1     0.5037469551
Ba     1     -1     1.526139112
Ba     -1     1     0.5037469551
Ba     -1     1     1.526139112
Ba     -1     -1     0.5037469551
Ba     -1     -1     1.526139112
Ba     1.000008059     -1.004307551     -0.4895449247
Ba     -0.9999919415     -1.004307551     -0.4895449247
Ba     1.000014032     -1.015022736     -1.488313625
Ba     -0.9999859681     -1.015022736     -1.488313625
O     0.0000020236     -1.476794415     -2.126207715
O     0.0000164644     1.488843978     -1.026486418
O     1.5     0     0.0000002457
O     1.5     0     0.9987995269
O     1.5     0     1.997138754
O     1.499999985     -0.002216989     -2.050459411
O     0     1.5     0.0000002457
O     0     1.5     0.9987995269
O     0     1.5     1.997138754
O     1.500014571     -0.0109613725     -1.018420388
Ti     0.500004305     1.468161944     -2.005909975
Ti     -0.499995695     1.468161944     -2.005909975
O     0.5000165413     1.48724065     -1.559727875
O     -0.4999834587     1.48724065     -1.559727875
Ti     1.500004305     0.4681619442     -2.005909975
Ti     0.5000120689     1.490698213     -0.9801584182
Ti     -0.4999879311     1.490698213     -0.9801584182
O     0.500012402     1.494037418     -0.5148056392
O     -0.499987598     1.494037418     -0.5148056392
O     1.500016541     0.4872406497     -1.559727875
Ti     1.500012069     0.4906982128     -0.9801584182
O     1.500012402     0.4940374176     -0.5148056392
Ti     1.5     0.5     0
O     1.5     0.5     0.5005611904
Ti     1.5     0.5     0.9945756879
O     1.5     0.5     1.504100891
Ti     1.5     0.5     1.970498358
Ti     0.5     1.5     0
O     0.5     1.5     0.5005611904
Ti     0.5     1.5     0.9945756879
O     0.5     1.5     1.504100891
Ti     0.5     1.5     1.970498358
Ti     1.5     -0.5     0
O     1.5     -0.5     0.5005611904
Ti     1.5     -0.5     0.9945756879
O     1.5     -0.5     1.504100891
Ti     1.5     -0.5     1.970498358
Ti     -0.5     1.5     0
O     -0.5     1.5     0.5005611904
Ti     -0.5     1.5     0.9945756879
O     -0.5     1.5     1.504100891
Ti     -0.5     1.5     1.970498358
O     1.500012402     -0.5059625824     -0.5148056392
Ti     1.500012069     -0.5093017872     -0.9801584182
O     1.500016541     -0.5127593503     -1.559727875
Ti     1.500004305     -0.5318380558     -2.005909975
H     1.000005614     -1.24499283     -2.202251908
H     -0.9999943857     -1.24499283     -2.202251908
O     1.000002024     -1.476794415     -2.126207715
O     -0.9999979764     -1.476794415     -2.126207715
O     1.000016464     1.488843978     -1.026486418
O     -0.9999835356     1.488843978     -1.026486418
O     1.500014571     0.9890386275     -1.018420388
O     1.499999985     0.997783011     -2.050459411
O     1.5     1     0.0000002457
O     1.5     1     0.9987995269
O     1.5     1     1.997138754
O     1     1.5     0.0000002457
O     1     1.5     0.9987995269
O     1     1.5     1.997138754
O     1.5     -1     0.0000002457
O     1.5     -1     0.9987995269
O     1.5     -1     1.997138754
O     -1     1.5     0.0000002457
O     -1     1.5     0.9987995269
O     -1     1.5     1.997138754
O     1.499999985     -1.002216989     -2.050459411
O     1.500014571     -1.010961373     -1.018420388
Ti     1.500004305     1.468161944     -2.005909975
O     1.500016541     1.48724065     -1.559727875
Ti     1.500012069     1.490698213     -0.9801584182
O     1.500012402     1.494037418     -0.5148056392
Ti     1.5     1.5     0
O     1.5     1.5     0.5005611904
Ti     1.5     1.5     0.9945756879
O     1.5     1.5     1.504100891
Ti     1.5     1.5     1.970498358