atom, type, position vector
      1       Ba                0.0000000000    0.0000000000    0.5037469551 
      2       Ba                0.0000000000    0.0000000000    1.5261391117 
      3       Ba                0.0000080585   -0.0043075507   -0.4895449247 
      4       Ba                0.0000140319   -0.0150227360   -1.4883136253 
      5       H                 0.0000056143   -0.2449928298   -2.2022519075 
      6       O                 0.0000020236   -0.4767944154   -2.1262077153 
      7       O                 0.0000164644    0.4888439778   -1.0264864177 
      8       O                 0.5000000000    0.0000000000    0.0000002457 
      9       O                 0.5000000000    0.0000000000    0.9987995269 
     10       O                 0.5000000000    0.0000000000    1.9971387538 
     11       O                 0.4999999852   -0.0022169890   -2.0504594109 
     12       O                 0.0000000000    0.5000000000    0.0000002457 
     13       O                 0.0000000000    0.5000000000    0.9987995269 
     14       O                 0.0000000000    0.5000000000    1.9971387538 
     15       O                 0.0000000000   -0.5000000000    0.0000002457 
     16       O                 0.0000000000   -0.5000000000    0.9987995269 
     17       O                 0.0000000000   -0.5000000000    1.9971387538 
     18       O                -0.5000000000    0.0000000000    0.0000002457 
     19       O                -0.5000000000    0.0000000000    0.9987995269 
     20       O                -0.5000000000    0.0000000000    1.9971387538 
     21       O                -0.5000000148   -0.0022169890   -2.0504594109 
     22       O                 0.5000145711   -0.0109613725   -1.0184203878 
     23       O                -0.4999854289   -0.0109613725   -1.0184203878 
     24       O                 0.0000164644   -0.5111560222   -1.0264864177 
     25       O                 0.0000020236    0.5232055846   -2.1262077153 
     26       Ti                0.5000043050    0.4681619442   -2.0059099752 
     27       Ti               -0.4999956950    0.4681619442   -2.0059099752 
     28       O                 0.5000165413    0.4872406497   -1.5597278751 
     29       O                -0.4999834587    0.4872406497   -1.5597278751 
     30       Ti                0.5000120689    0.4906982128   -0.9801584182 
     31       Ti               -0.4999879311    0.4906982128   -0.9801584182 
     32       O                 0.5000124020    0.4940374176   -0.5148056392 
     33       O                -0.4999875980    0.4940374176   -0.5148056392 
     34       Ti                0.5000000000    0.5000000000    0.0000000000 
     35       O                 0.5000000000    0.5000000000    0.5005611904 
     36       Ti                0.5000000000    0.5000000000    0.9945756879 
     37       O                 0.5000000000    0.5000000000    1.5041008908 
     38       Ti                0.5000000000    0.5000000000    1.9704983581 
     39       Ti                0.5000000000   -0.5000000000    0.0000000000 
     40       O                 0.5000000000   -0.5000000000    0.5005611904 
     41       Ti                0.5000000000   -0.5000000000    0.9945756879 
     42       O                 0.5000000000   -0.5000000000    1.5041008908 
     43       Ti                0.5000000000   -0.5000000000    1.9704983581 
     44       Ti               -0.5000000000    0.5000000000    0.0000000000 
     45       O                -0.5000000000    0.5000000000    0.5005611904 
     46       Ti               -0.5000000000    0.5000000000    0.9945756879 
     47       O                -0.5000000000    0.5000000000    1.5041008908 
     48       Ti               -0.5000000000    0.5000000000    1.9704983581 
     49       Ti               -0.5000000000   -0.5000000000    0.0000000000 
     50       O                -0.5000000000   -0.5000000000    0.5005611904 
     51       Ti               -0.5000000000   -0.5000000000    0.9945756879 
     52       O                -0.5000000000   -0.5000000000    1.5041008908 
     53       Ti               -0.5000000000   -0.5000000000    1.9704983581 
     54       O                 0.5000124020   -0.5059625824   -0.5148056392 
     55       O                -0.4999875980   -0.5059625824   -0.5148056392 
     56       Ti                0.5000120689   -0.5093017872   -0.9801584182 
     57       Ti               -0.4999879311   -0.5093017872   -0.9801584182 
     58       O                 0.5000165413   -0.5127593503   -1.5597278751 
     59       O                -0.4999834587   -0.5127593503   -1.5597278751 
     60       Ti                0.5000043050   -0.5318380558   -2.0059099752 
     61       Ti               -0.4999956950   -0.5318380558   -2.0059099752 
     62       H                 0.0000056143    0.7550071702   -2.2022519075 
     63       Ba                0.0000140319    0.9849772640   -1.4883136253 
     64       Ba                0.0000080585    0.9956924493   -0.4895449247 
     65       Ba                1.0000000000    0.0000000000    0.5037469551 
     66       Ba                1.0000000000    0.0000000000    1.5261391117 
     67       Ba                0.0000000000    1.0000000000    0.5037469551 
     68       Ba                0.0000000000    1.0000000000    1.5261391117 
     69       Ba                1.0000080585   -0.0043075507   -0.4895449247 
     70       Ba                0.0000000000   -1.0000000000    0.5037469551 
     71       Ba                0.0000000000   -1.0000000000    1.5261391117 
     72       Ba               -1.0000000000    0.0000000000    0.5037469551 
     73       Ba               -1.0000000000    0.0000000000    1.5261391117 
     74       Ba               -0.9999919415   -0.0043075507   -0.4895449247 
     75       Ba                1.0000140319   -0.0150227360   -1.4883136253 
     76       Ba               -0.9999859681   -0.0150227360   -1.4883136253 
     77       Ba                0.0000080585   -1.0043075507   -0.4895449247 
     78       Ba                0.0000140319   -1.0150227360   -1.4883136253 
     79       H                 1.0000056143   -0.2449928298   -2.2022519075 
     80       H                -0.9999943857   -0.2449928298   -2.2022519075 
     81       O                 1.0000020236   -0.4767944154   -2.1262077153 
     82       O                -0.9999979764   -0.4767944154   -2.1262077153 
     83       O                 0.5000145711    0.9890386275   -1.0184203878 
     84       O                -0.4999854289    0.9890386275   -1.0184203878 
     85       O                 1.0000164644    0.4888439778   -1.0264864177 
     86       O                -0.9999835356    0.4888439778   -1.0264864177 
     87       O                 0.4999999852    0.9977830110   -2.0504594109 
     88       O                -0.5000000148    0.9977830110   -2.0504594109 
     89       O                 1.0000000000    0.5000000000    0.0000002457 
     90       O                 1.0000000000    0.5000000000    0.9987995269 
     91       O                 1.0000000000    0.5000000000    1.9971387538 
     92       O                 0.5000000000    1.0000000000    0.0000002457 
     93       O                 0.5000000000    1.0000000000    0.9987995269 
     94       O                 0.5000000000    1.0000000000    1.9971387538 
     95       O                 1.0000000000   -0.5000000000    0.0000002457 
     96       O                 1.0000000000   -0.5000000000    0.9987995269 
     97       O                 1.0000000000   -0.5000000000    1.9971387538 
     98       O                -0.5000000000    1.0000000000    0.0000002457 
     99       O                -0.5000000000    1.0000000000    0.9987995269 
    100       O                -0.5000000000    1.0000000000    1.9971387538 
    101       O                 0.5000000000   -1.0000000000    0.0000002457 
    102       O                 0.5000000000   -1.0000000000    0.9987995269 
    103       O                 0.5000000000   -1.0000000000    1.9971387538 
    104       O                -1.0000000000    0.5000000000    0.0000002457 
    105       O                -1.0000000000    0.5000000000    0.9987995269 
    106       O                -1.0000000000    0.5000000000    1.9971387538 
    107       O                -0.5000000000   -1.0000000000    0.0000002457 
    108       O                -0.5000000000   -1.0000000000    0.9987995269 
    109       O                -0.5000000000   -1.0000000000    1.9971387538 
    110       O                -1.0000000000   -0.5000000000    0.0000002457 
    111       O                -1.0000000000   -0.5000000000    0.9987995269 
    112       O                -1.0000000000   -0.5000000000    1.9971387538 
    113       O                 0.4999999852   -1.0022169890   -2.0504594109 
    114       O                -0.5000000148   -1.0022169890   -2.0504594109 
    115       O                 1.0000164644   -0.5111560222   -1.0264864177 
    116       O                -0.9999835356   -0.5111560222   -1.0264864177 
    117       O                 0.5000145711   -1.0109613725   -1.0184203878 
    118       O                -0.4999854289   -1.0109613725   -1.0184203878 
    119       O                 1.0000020236    0.5232055846   -2.1262077153 
    120       O                -0.9999979764    0.5232055846   -2.1262077153 
    121       H                 0.0000056143   -1.2449928298   -2.2022519075 
    122       H                 1.0000056143    0.7550071702   -2.2022519075 
    123       H                -0.9999943857    0.7550071702   -2.2022519075 
    124       Ba                1.0000140319    0.9849772640   -1.4883136253 
    125       Ba               -0.9999859681    0.9849772640   -1.4883136253 
    126       Ba                1.0000080585    0.9956924493   -0.4895449247 
    127       Ba               -0.9999919415    0.9956924493   -0.4895449247 
    128       Ba                1.0000000000    1.0000000000    0.5037469551 
    129       Ba                1.0000000000    1.0000000000    1.5261391117 
    130       Ba                1.0000000000   -1.0000000000    0.5037469551 
    131       Ba                1.0000000000   -1.0000000000    1.5261391117 
    132       Ba               -1.0000000000    1.0000000000    0.5037469551 
    133       Ba               -1.0000000000    1.0000000000    1.5261391117 
    134       Ba               -1.0000000000   -1.0000000000    0.5037469551 
    135       Ba               -1.0000000000   -1.0000000000    1.5261391117 
    136       Ba                1.0000080585   -1.0043075507   -0.4895449247 
    137       Ba               -0.9999919415   -1.0043075507   -0.4895449247 
    138       Ba                1.0000140319   -1.0150227360   -1.4883136253 
    139       Ba               -0.9999859681   -1.0150227360   -1.4883136253 
    140       O                 0.0000020236   -1.4767944154   -2.1262077153 
    141       O                 0.0000164644    1.4888439778   -1.0264864177 
    142       O                 1.5000000000    0.0000000000    0.0000002457 
    143       O                 1.5000000000    0.0000000000    0.9987995269 
    144       O                 1.5000000000    0.0000000000    1.9971387538 
    145       O                 1.4999999852   -0.0022169890   -2.0504594109 
    146       O                 0.0000000000    1.5000000000    0.0000002457 
    147       O                 0.0000000000    1.5000000000    0.9987995269 
    148       O                 0.0000000000    1.5000000000    1.9971387538 
    149       O                 1.5000145711   -0.0109613725   -1.0184203878 
    150       Ti                0.5000043050    1.4681619442   -2.0059099752 
    151       Ti               -0.4999956950    1.4681619442   -2.0059099752 
    152       O                 0.5000165413    1.4872406497   -1.5597278751 
    153       O                -0.4999834587    1.4872406497   -1.5597278751 
    154       Ti                1.5000043050    0.4681619442   -2.0059099752 
    155       Ti                0.5000120689    1.4906982128   -0.9801584182 
    156       Ti               -0.4999879311    1.4906982128   -0.9801584182 
    157       O                 0.5000124020    1.4940374176   -0.5148056392 
    158       O                -0.4999875980    1.4940374176   -0.5148056392 
    159       O                 1.5000165413    0.4872406497   -1.5597278751 
    160       Ti                1.5000120689    0.4906982128   -0.9801584182 
    161       O                 1.5000124020    0.4940374176   -0.5148056392 
    162       Ti                1.5000000000    0.5000000000    0.0000000000 
    163       O                 1.5000000000    0.5000000000    0.5005611904 
    164       Ti                1.5000000000    0.5000000000    0.9945756879 
    165       O                 1.5000000000    0.5000000000    1.5041008908 
    166       Ti                1.5000000000    0.5000000000    1.9704983581 
    167       Ti                0.5000000000    1.5000000000    0.0000000000 
    168       O                 0.5000000000    1.5000000000    0.5005611904 
    169       Ti                0.5000000000    1.5000000000    0.9945756879 
    170       O                 0.5000000000    1.5000000000    1.5041008908 
    171       Ti                0.5000000000    1.5000000000    1.9704983581 
    172       Ti                1.5000000000   -0.5000000000    0.0000000000 
    173       O                 1.5000000000   -0.5000000000    0.5005611904 
    174       Ti                1.5000000000   -0.5000000000    0.9945756879 
    175       O                 1.5000000000   -0.5000000000    1.5041008908 
    176       Ti                1.5000000000   -0.5000000000    1.9704983581 
    177       Ti               -0.5000000000    1.5000000000    0.0000000000 
    178       O                -0.5000000000    1.5000000000    0.5005611904 
    179       Ti               -0.5000000000    1.5000000000    0.9945756879 
    180       O                -0.5000000000    1.5000000000    1.5041008908 
    181       Ti               -0.5000000000    1.5000000000    1.9704983581 
    182       O                 1.5000124020   -0.5059625824   -0.5148056392 
    183       Ti                1.5000120689   -0.5093017872   -0.9801584182 
    184       O                 1.5000165413   -0.5127593503   -1.5597278751 
    185       Ti                1.5000043050   -0.5318380558   -2.0059099752 
    186       H                 1.0000056143   -1.2449928298   -2.2022519075 
    187       H                -0.9999943857   -1.2449928298   -2.2022519075 
    188       O                 1.0000020236   -1.4767944154   -2.1262077153 
    189       O                -0.9999979764   -1.4767944154   -2.1262077153 
    190       O                 1.0000164644    1.4888439778   -1.0264864177 
    191       O                -0.9999835356    1.4888439778   -1.0264864177 
    192       O                 1.5000145711    0.9890386275   -1.0184203878 
    193       O                 1.4999999852    0.9977830110   -2.0504594109 
    194       O                 1.5000000000    1.0000000000    0.0000002457 
    195       O                 1.5000000000    1.0000000000    0.9987995269 
    196       O                 1.5000000000    1.0000000000    1.9971387538 
    197       O                 1.0000000000    1.5000000000    0.0000002457 
    198       O                 1.0000000000    1.5000000000    0.9987995269 
    199       O                 1.0000000000    1.5000000000    1.9971387538 
    200       O                 1.5000000000   -1.0000000000    0.0000002457 
    201       O                 1.5000000000   -1.0000000000    0.9987995269 
    202       O                 1.5000000000   -1.0000000000    1.9971387538 
    203       O                -1.0000000000    1.5000000000    0.0000002457 
    204       O                -1.0000000000    1.5000000000    0.9987995269 
    205       O                -1.0000000000    1.5000000000    1.9971387538 
    206       O                 1.4999999852   -1.0022169890   -2.0504594109 
    207       O                 1.5000145711   -1.0109613725   -1.0184203878 
    208       Ti                1.5000043050    1.4681619442   -2.0059099752 
    209       O                 1.5000165413    1.4872406497   -1.5597278751 
    210       Ti                1.5000120689    1.4906982128   -0.9801584182 
    211       O                 1.5000124020    1.4940374176   -0.5148056392 
    212       Ti                1.5000000000    1.5000000000    0.0000000000 
    213       O                 1.5000000000    1.5000000000    0.5005611904 
    214       Ti                1.5000000000    1.5000000000    0.9945756879 
    215       O                 1.5000000000    1.5000000000    1.5041008908 
    216       Ti                1.5000000000    1.5000000000    1.9704983581 
