primitive lattice vectors  5  5  1
  5.00000000  0.00000000  0.00000000
  0.00000000  5.00000000  0.00000000
  0.00000000  0.00000000 80.00000000
number of atoms in unit cell
600
atom, type, position vector
      1       Ba                0.0000000000    0.0000000000    0.5037469551 
      2       Ba                0.0000000000    0.0000000000    1.5261391117 
      3       Ba                0.0000080585   -0.0043075507   -0.4895449247 
      4       Ba                0.0000140319   -0.0150227360   -1.4883136253 
      5       H                 0.0000056143   -0.2449928298   -2.2022519075 
      6       O                 0.0000020236   -0.4767944154   -2.1262077153 
      7       O                 0.0000164644    0.4888439778   -1.0264864177 
      8       O                 0.5000000000    0.0000000000    0.0000002457 
      9       O                 0.5000000000    0.0000000000    0.9987995269 
     10       O                 0.5000000000    0.0000000000    1.9971387538 
     11       O                 0.4999999852   -0.0022169890   -2.0504594109 
     12       O                 0.0000000000    0.5000000000    0.0000002457 
     13       O                 0.0000000000    0.5000000000    0.9987995269 
     14       O                 0.0000000000    0.5000000000    1.9971387538 
     15       O                 0.0000000000   -0.5000000000    0.0000002457 
     16       O                 0.0000000000   -0.5000000000    0.9987995269 
     17       O                 0.0000000000   -0.5000000000    1.9971387538 
     18       O                -0.5000000000    0.0000000000    0.0000002457 
     19       O                -0.5000000000    0.0000000000    0.9987995269 
     20       O                -0.5000000000    0.0000000000    1.9971387538 
     21       O                -0.5000000148   -0.0022169890   -2.0504594109 
     22       O                 0.5000145711   -0.0109613725   -1.0184203878 
     23       O                -0.4999854289   -0.0109613725   -1.0184203878 
     24       O                 0.0000164644   -0.5111560222   -1.0264864177 
     25       O                 0.0000020236    0.5232055846   -2.1262077153 
     26       Ti                0.5000043050    0.4681619442   -2.0059099752 
     27       Ti               -0.4999956950    0.4681619442   -2.0059099752 
     28       O                 0.5000165413    0.4872406497   -1.5597278751 
     29       O                -0.4999834587    0.4872406497   -1.5597278751 
     30       Ti                0.5000120689    0.4906982128   -0.9801584182 
     31       Ti               -0.4999879311    0.4906982128   -0.9801584182 
     32       O                 0.5000124020    0.4940374176   -0.5148056392 
     33       O                -0.4999875980    0.4940374176   -0.5148056392 
     34       Ti                0.5000000000    0.5000000000    0.0000000000 
     35       O                 0.5000000000    0.5000000000    0.5005611904 
     36       Ti                0.5000000000    0.5000000000    0.9945756879 
     37       O                 0.5000000000    0.5000000000    1.5041008908 
     38       Ti                0.5000000000    0.5000000000    1.9704983581 
     39       Ti                0.5000000000   -0.5000000000    0.0000000000 
     40       O                 0.5000000000   -0.5000000000    0.5005611904 
     41       Ti                0.5000000000   -0.5000000000    0.9945756879 
     42       O                 0.5000000000   -0.5000000000    1.5041008908 
     43       Ti                0.5000000000   -0.5000000000    1.9704983581 
     44       Ti               -0.5000000000    0.5000000000    0.0000000000 
     45       O                -0.5000000000    0.5000000000    0.5005611904 
     46       Ti               -0.5000000000    0.5000000000    0.9945756879 
     47       O                -0.5000000000    0.5000000000    1.5041008908 
     48       Ti               -0.5000000000    0.5000000000    1.9704983581 
     49       Ti               -0.5000000000   -0.5000000000    0.0000000000 
     50       O                -0.5000000000   -0.5000000000    0.5005611904 
     51       Ti               -0.5000000000   -0.5000000000    0.9945756879 
     52       O                -0.5000000000   -0.5000000000    1.5041008908 
     53       Ti               -0.5000000000   -0.5000000000    1.9704983581 
     54       O                 0.5000124020   -0.5059625824   -0.5148056392 
     55       O                -0.4999875980   -0.5059625824   -0.5148056392 
     56       Ti                0.5000120689   -0.5093017872   -0.9801584182 
     57       Ti               -0.4999879311   -0.5093017872   -0.9801584182 
     58       O                 0.5000165413   -0.5127593503   -1.5597278751 
     59       O                -0.4999834587   -0.5127593503   -1.5597278751 
     60       Ti                0.5000043050   -0.5318380558   -2.0059099752 
     61       Ti               -0.4999956950   -0.5318380558   -2.0059099752 
     62       H                 0.0000056143    0.7550071702   -2.2022519075 
     63       Ba                0.0000140319    0.9849772640   -1.4883136253 
     64       Ba                0.0000080585    0.9956924493   -0.4895449247 
     65       Ba                1.0000000000    0.0000000000    0.5037469551 
     66       Ba                1.0000000000    0.0000000000    1.5261391117 
     67       Ba                0.0000000000    1.0000000000    0.5037469551 
     68       Ba                0.0000000000    1.0000000000    1.5261391117 
     69       Ba                1.0000080585   -0.0043075507   -0.4895449247 
     70       Ba                0.0000000000   -1.0000000000    0.5037469551 
     71       Ba                0.0000000000   -1.0000000000    1.5261391117 
     72       Ba               -1.0000000000    0.0000000000    0.5037469551 
     73       Ba               -1.0000000000    0.0000000000    1.5261391117 
     74       Ba               -0.9999919415   -0.0043075507   -0.4895449247 
     75       Ba                1.0000140319   -0.0150227360   -1.4883136253 
     76       Ba               -0.9999859681   -0.0150227360   -1.4883136253 
     77       Ba                0.0000080585   -1.0043075507   -0.4895449247 
     78       Ba                0.0000140319   -1.0150227360   -1.4883136253 
     79       H                 1.0000056143   -0.2449928298   -2.2022519075 
     80       H                -0.9999943857   -0.2449928298   -2.2022519075 
     81       O                 1.0000020236   -0.4767944154   -2.1262077153 
     82       O                -0.9999979764   -0.4767944154   -2.1262077153 
     83       O                 0.5000145711    0.9890386275   -1.0184203878 
     84       O                -0.4999854289    0.9890386275   -1.0184203878 
     85       O                 1.0000164644    0.4888439778   -1.0264864177 
     86       O                -0.9999835356    0.4888439778   -1.0264864177 
     87       O                 0.4999999852    0.9977830110   -2.0504594109 
     88       O                -0.5000000148    0.9977830110   -2.0504594109 
     89       O                 1.0000000000    0.5000000000    0.0000002457 
     90       O                 1.0000000000    0.5000000000    0.9987995269 
     91       O                 1.0000000000    0.5000000000    1.9971387538 
     92       O                 0.5000000000    1.0000000000    0.0000002457 
     93       O                 0.5000000000    1.0000000000    0.9987995269 
     94       O                 0.5000000000    1.0000000000    1.9971387538 
     95       O                 1.0000000000   -0.5000000000    0.0000002457 
     96       O                 1.0000000000   -0.5000000000    0.9987995269 
     97       O                 1.0000000000   -0.5000000000    1.9971387538 
     98       O                -0.5000000000    1.0000000000    0.0000002457 
     99       O                -0.5000000000    1.0000000000    0.9987995269 
    100       O                -0.5000000000    1.0000000000    1.9971387538 
    101       O                 0.5000000000   -1.0000000000    0.0000002457 
    102       O                 0.5000000000   -1.0000000000    0.9987995269 
    103       O                 0.5000000000   -1.0000000000    1.9971387538 
    104       O                -1.0000000000    0.5000000000    0.0000002457 
    105       O                -1.0000000000    0.5000000000    0.9987995269 
    106       O                -1.0000000000    0.5000000000    1.9971387538 
    107       O                -0.5000000000   -1.0000000000    0.0000002457 
    108       O                -0.5000000000   -1.0000000000    0.9987995269 
    109       O                -0.5000000000   -1.0000000000    1.9971387538 
    110       O                -1.0000000000   -0.5000000000    0.0000002457 
    111       O                -1.0000000000   -0.5000000000    0.9987995269 
    112       O                -1.0000000000   -0.5000000000    1.9971387538 
    113       O                 0.4999999852   -1.0022169890   -2.0504594109 
    114       O                -0.5000000148   -1.0022169890   -2.0504594109 
    115       O                 1.0000164644   -0.5111560222   -1.0264864177 
    116       O                -0.9999835356   -0.5111560222   -1.0264864177 
    117       O                 0.5000145711   -1.0109613725   -1.0184203878 
    118       O                -0.4999854289   -1.0109613725   -1.0184203878 
    119       O                 1.0000020236    0.5232055846   -2.1262077153 
    120       O                -0.9999979764    0.5232055846   -2.1262077153 
    121       H                 0.0000056143   -1.2449928298   -2.2022519075 
    122       H                 1.0000056143    0.7550071702   -2.2022519075 
    123       H                -0.9999943857    0.7550071702   -2.2022519075 
    124       Ba                1.0000140319    0.9849772640   -1.4883136253 
    125       Ba               -0.9999859681    0.9849772640   -1.4883136253 
    126       Ba                1.0000080585    0.9956924493   -0.4895449247 
    127       Ba               -0.9999919415    0.9956924493   -0.4895449247 
    128       Ba                1.0000000000    1.0000000000    0.5037469551 
    129       Ba                1.0000000000    1.0000000000    1.5261391117 
    130       Ba                1.0000000000   -1.0000000000    0.5037469551 
    131       Ba                1.0000000000   -1.0000000000    1.5261391117 
    132       Ba               -1.0000000000    1.0000000000    0.5037469551 
    133       Ba               -1.0000000000    1.0000000000    1.5261391117 
    134       Ba               -1.0000000000   -1.0000000000    0.5037469551 
    135       Ba               -1.0000000000   -1.0000000000    1.5261391117 
    136       Ba                1.0000080585   -1.0043075507   -0.4895449247 
    137       Ba               -0.9999919415   -1.0043075507   -0.4895449247 
    138       Ba                1.0000140319   -1.0150227360   -1.4883136253 
    139       Ba               -0.9999859681   -1.0150227360   -1.4883136253 
    140       O                 0.0000020236   -1.4767944154   -2.1262077153 
    141       O                 0.0000164644    1.4888439778   -1.0264864177 
    142       O                 1.5000000000    0.0000000000    0.0000002457 
    143       O                 1.5000000000    0.0000000000    0.9987995269 
    144       O                 1.5000000000    0.0000000000    1.9971387538 
    145       O                 1.4999999852   -0.0022169890   -2.0504594109 
    146       O                 0.0000000000    1.5000000000    0.0000002457 
    147       O                 0.0000000000    1.5000000000    0.9987995269 
    148       O                 0.0000000000    1.5000000000    1.9971387538 
    149       O                 1.5000145711   -0.0109613725   -1.0184203878 
    150       O                 0.0000000000   -1.5000000000    0.0000002457 
    151       O                 0.0000000000   -1.5000000000    0.9987995269 
    152       O                 0.0000000000   -1.5000000000    1.9971387538 
    153       O                -1.5000000000    0.0000000000    0.0000002457 
    154       O                -1.5000000000    0.0000000000    0.9987995269 
    155       O                -1.5000000000    0.0000000000    1.9971387538 
    156       O                -1.5000000148   -0.0022169890   -2.0504594109 
    157       O                -1.4999854289   -0.0109613725   -1.0184203878 
    158       O                 0.0000164644   -1.5111560222   -1.0264864177 
    159       O                 0.0000020236    1.5232055846   -2.1262077153 
    160       Ti                0.5000043050    1.4681619442   -2.0059099752 
    161       Ti               -0.4999956950    1.4681619442   -2.0059099752 
    162       O                 0.5000165413    1.4872406497   -1.5597278751 
    163       O                -0.4999834587    1.4872406497   -1.5597278751 
    164       Ti                1.5000043050    0.4681619442   -2.0059099752 
    165       Ti               -1.4999956950    0.4681619442   -2.0059099752 
    166       Ti                0.5000120689    1.4906982128   -0.9801584182 
    167       Ti               -0.4999879311    1.4906982128   -0.9801584182 
    168       O                 0.5000124020    1.4940374176   -0.5148056392 
    169       O                -0.4999875980    1.4940374176   -0.5148056392 
    170       O                 1.5000165413    0.4872406497   -1.5597278751 
    171       O                -1.4999834587    0.4872406497   -1.5597278751 
    172       Ti                1.5000120689    0.4906982128   -0.9801584182 
    173       Ti               -1.4999879311    0.4906982128   -0.9801584182 
    174       O                 1.5000124020    0.4940374176   -0.5148056392 
    175       O                -1.4999875980    0.4940374176   -0.5148056392 
    176       Ti                1.5000000000    0.5000000000    0.0000000000 
    177       O                 1.5000000000    0.5000000000    0.5005611904 
    178       Ti                1.5000000000    0.5000000000    0.9945756879 
    179       O                 1.5000000000    0.5000000000    1.5041008908 
    180       Ti                1.5000000000    0.5000000000    1.9704983581 
    181       Ti                0.5000000000    1.5000000000    0.0000000000 
    182       O                 0.5000000000    1.5000000000    0.5005611904 
    183       Ti                0.5000000000    1.5000000000    0.9945756879 
    184       O                 0.5000000000    1.5000000000    1.5041008908 
    185       Ti                0.5000000000    1.5000000000    1.9704983581 
    186       Ti                1.5000000000   -0.5000000000    0.0000000000 
    187       O                 1.5000000000   -0.5000000000    0.5005611904 
    188       Ti                1.5000000000   -0.5000000000    0.9945756879 
    189       O                 1.5000000000   -0.5000000000    1.5041008908 
    190       Ti                1.5000000000   -0.5000000000    1.9704983581 
    191       Ti               -0.5000000000    1.5000000000    0.0000000000 
    192       O                -0.5000000000    1.5000000000    0.5005611904 
    193       Ti               -0.5000000000    1.5000000000    0.9945756879 
    194       O                -0.5000000000    1.5000000000    1.5041008908 
    195       Ti               -0.5000000000    1.5000000000    1.9704983581 
    196       Ti                0.5000000000   -1.5000000000    0.0000000000 
    197       O                 0.5000000000   -1.5000000000    0.5005611904 
    198       Ti                0.5000000000   -1.5000000000    0.9945756879 
    199       O                 0.5000000000   -1.5000000000    1.5041008908 
    200       Ti                0.5000000000   -1.5000000000    1.9704983581 
    201       Ti               -1.5000000000    0.5000000000    0.0000000000 
    202       O                -1.5000000000    0.5000000000    0.5005611904 
    203       Ti               -1.5000000000    0.5000000000    0.9945756879 
    204       O                -1.5000000000    0.5000000000    1.5041008908 
    205       Ti               -1.5000000000    0.5000000000    1.9704983581 
    206       Ti               -0.5000000000   -1.5000000000    0.0000000000 
    207       O                -0.5000000000   -1.5000000000    0.5005611904 
    208       Ti               -0.5000000000   -1.5000000000    0.9945756879 
    209       O                -0.5000000000   -1.5000000000    1.5041008908 
    210       Ti               -0.5000000000   -1.5000000000    1.9704983581 
    211       Ti               -1.5000000000   -0.5000000000    0.0000000000 
    212       O                -1.5000000000   -0.5000000000    0.5005611904 
    213       Ti               -1.5000000000   -0.5000000000    0.9945756879 
    214       O                -1.5000000000   -0.5000000000    1.5041008908 
    215       Ti               -1.5000000000   -0.5000000000    1.9704983581 
    216       O                 1.5000124020   -0.5059625824   -0.5148056392 
    217       O                -1.4999875980   -0.5059625824   -0.5148056392 
    218       Ti                1.5000120689   -0.5093017872   -0.9801584182 
    219       Ti               -1.4999879311   -0.5093017872   -0.9801584182 
    220       O                 1.5000165413   -0.5127593503   -1.5597278751 
    221       O                -1.4999834587   -0.5127593503   -1.5597278751 
    222       O                 0.5000124020   -1.5059625824   -0.5148056392 
    223       O                -0.4999875980   -1.5059625824   -0.5148056392 
    224       Ti                0.5000120689   -1.5093017872   -0.9801584182 
    225       Ti               -0.4999879311   -1.5093017872   -0.9801584182 
    226       Ti                1.5000043050   -0.5318380558   -2.0059099752 
    227       Ti               -1.4999956950   -0.5318380558   -2.0059099752 
    228       O                 0.5000165413   -1.5127593503   -1.5597278751 
    229       O                -0.4999834587   -1.5127593503   -1.5597278751 
    230       H                 1.0000056143   -1.2449928298   -2.2022519075 
    231       H                -0.9999943857   -1.2449928298   -2.2022519075 
    232       Ti                0.5000043050   -1.5318380558   -2.0059099752 
    233       Ti               -0.4999956950   -1.5318380558   -2.0059099752 
    234       H                 0.0000056143    1.7550071702   -2.2022519075 
    235       O                 1.0000020236   -1.4767944154   -2.1262077153 
    236       O                -0.9999979764   -1.4767944154   -2.1262077153 
    237       O                 1.0000164644    1.4888439778   -1.0264864177 
    238       O                -0.9999835356    1.4888439778   -1.0264864177 
    239       O                 1.5000145711    0.9890386275   -1.0184203878 
    240       O                -1.4999854289    0.9890386275   -1.0184203878 
    241       O                 1.4999999852    0.9977830110   -2.0504594109 
    242       O                -1.5000000148    0.9977830110   -2.0504594109 
    243       O                 1.5000000000    1.0000000000    0.0000002457 
    244       O                 1.5000000000    1.0000000000    0.9987995269 
    245       O                 1.5000000000    1.0000000000    1.9971387538 
    246       O                 1.0000000000    1.5000000000    0.0000002457 
    247       O                 1.0000000000    1.5000000000    0.9987995269 
    248       O                 1.0000000000    1.5000000000    1.9971387538 
    249       O                 1.5000000000   -1.0000000000    0.0000002457 
    250       O                 1.5000000000   -1.0000000000    0.9987995269 
    251       O                 1.5000000000   -1.0000000000    1.9971387538 
    252       O                -1.0000000000    1.5000000000    0.0000002457 
    253       O                -1.0000000000    1.5000000000    0.9987995269 
    254       O                -1.0000000000    1.5000000000    1.9971387538 
    255       O                 1.0000000000   -1.5000000000    0.0000002457 
    256       O                 1.0000000000   -1.5000000000    0.9987995269 
    257       O                 1.0000000000   -1.5000000000    1.9971387538 
    258       O                -1.5000000000    1.0000000000    0.0000002457 
    259       O                -1.5000000000    1.0000000000    0.9987995269 
    260       O                -1.5000000000    1.0000000000    1.9971387538 
    261       O                -1.0000000000   -1.5000000000    0.0000002457 
    262       O                -1.0000000000   -1.5000000000    0.9987995269 
    263       O                -1.0000000000   -1.5000000000    1.9971387538 
    264       O                -1.5000000000   -1.0000000000    0.0000002457 
    265       O                -1.5000000000   -1.0000000000    0.9987995269 
    266       O                -1.5000000000   -1.0000000000    1.9971387538 
    267       O                 1.4999999852   -1.0022169890   -2.0504594109 
    268       O                -1.5000000148   -1.0022169890   -2.0504594109 
    269       O                 1.5000145711   -1.0109613725   -1.0184203878 
    270       O                -1.4999854289   -1.0109613725   -1.0184203878 
    271       O                 1.0000164644   -1.5111560222   -1.0264864177 
    272       O                -0.9999835356   -1.5111560222   -1.0264864177 
    273       O                 1.0000020236    1.5232055846   -2.1262077153 
    274       O                -0.9999979764    1.5232055846   -2.1262077153 
    275       Ba                0.0000140319    1.9849772640   -1.4883136253 
    276       Ba                0.0000080585    1.9956924493   -0.4895449247 
    277       Ba                2.0000000000    0.0000000000    0.5037469551 
    278       Ba                2.0000000000    0.0000000000    1.5261391117 
    279       Ba                0.0000000000    2.0000000000    0.5037469551 
    280       Ba                0.0000000000    2.0000000000    1.5261391117 
    281       Ba                2.0000080585   -0.0043075507   -0.4895449247 
    282       Ba                0.0000000000   -2.0000000000    0.5037469551 
    283       Ba                0.0000000000   -2.0000000000    1.5261391117 
    284       Ba               -1.9999919415   -0.0043075507   -0.4895449247 
    285       Ba               -2.0000000000    0.0000000000    0.5037469551 
    286       Ba               -2.0000000000    0.0000000000    1.5261391117 
    287       Ba                2.0000140319   -0.0150227360   -1.4883136253 
    288       Ba               -1.9999859681   -0.0150227360   -1.4883136253 
    289       Ba                0.0000080585   -2.0043075507   -0.4895449247 
    290       H                 2.0000056143   -0.2449928298   -2.2022519075 
    291       H                -1.9999943857   -0.2449928298   -2.2022519075 
    292       Ba                0.0000140319   -2.0150227360   -1.4883136253 
    293       H                 1.0000056143    1.7550071702   -2.2022519075 
    294       H                -0.9999943857    1.7550071702   -2.2022519075 
    295       O                 0.5000145711    1.9890386275   -1.0184203878 
    296       O                -0.4999854289    1.9890386275   -1.0184203878 
    297       O                 2.0000020236   -0.4767944154   -2.1262077153 
    298       O                -1.9999979764   -0.4767944154   -2.1262077153 
    299       O                 2.0000164644    0.4888439778   -1.0264864177 
    300       O                -1.9999835356    0.4888439778   -1.0264864177 
    301       O                 0.4999999852    1.9977830110   -2.0504594109 
    302       O                -0.5000000148    1.9977830110   -2.0504594109 
    303       O                 2.0000000000    0.5000000000    0.0000002457 
    304       O                 2.0000000000    0.5000000000    0.9987995269 
    305       O                 2.0000000000    0.5000000000    1.9971387538 
    306       O                 0.5000000000    2.0000000000    0.0000002457 
    307       O                 0.5000000000    2.0000000000    0.9987995269 
    308       O                 0.5000000000    2.0000000000    1.9971387538 
    309       O                 2.0000000000   -0.5000000000    0.0000002457 
    310       O                 2.0000000000   -0.5000000000    0.9987995269 
    311       O                 2.0000000000   -0.5000000000    1.9971387538 
    312       O                -0.5000000000    2.0000000000    0.0000002457 
    313       O                -0.5000000000    2.0000000000    0.9987995269 
    314       O                -0.5000000000    2.0000000000    1.9971387538 
    315       O                 0.5000000000   -2.0000000000    0.0000002457 
    316       O                 0.5000000000   -2.0000000000    0.9987995269 
    317       O                 0.5000000000   -2.0000000000    1.9971387538 
    318       O                -2.0000000000    0.5000000000    0.0000002457 
    319       O                -2.0000000000    0.5000000000    0.9987995269 
    320       O                -2.0000000000    0.5000000000    1.9971387538 
    321       O                -0.5000000000   -2.0000000000    0.0000002457 
    322       O                -0.5000000000   -2.0000000000    0.9987995269 
    323       O                -0.5000000000   -2.0000000000    1.9971387538 
    324       O                -2.0000000000   -0.5000000000    0.0000002457 
    325       O                -2.0000000000   -0.5000000000    0.9987995269 
    326       O                -2.0000000000   -0.5000000000    1.9971387538 
    327       O                 0.4999999852   -2.0022169890   -2.0504594109 
    328       O                -0.5000000148   -2.0022169890   -2.0504594109 
    329       O                 2.0000164644   -0.5111560222   -1.0264864177 
    330       O                -1.9999835356   -0.5111560222   -1.0264864177 
    331       O                 2.0000020236    0.5232055846   -2.1262077153 
    332       O                -1.9999979764    0.5232055846   -2.1262077153 
    333       O                 0.5000145711   -2.0109613725   -1.0184203878 
    334       O                -0.4999854289   -2.0109613725   -1.0184203878 
    335       Ti                1.5000043050    1.4681619442   -2.0059099752 
    336       Ti               -1.4999956950    1.4681619442   -2.0059099752 
    337       O                 1.5000165413    1.4872406497   -1.5597278751 
    338       O                -1.4999834587    1.4872406497   -1.5597278751 
    339       Ti                1.5000120689    1.4906982128   -0.9801584182 
    340       Ti               -1.4999879311    1.4906982128   -0.9801584182 
    341       O                 1.5000124020    1.4940374176   -0.5148056392 
    342       O                -1.4999875980    1.4940374176   -0.5148056392 
    343       Ti                1.5000000000    1.5000000000    0.0000000000 
    344       O                 1.5000000000    1.5000000000    0.5005611904 
    345       Ti                1.5000000000    1.5000000000    0.9945756879 
    346       O                 1.5000000000    1.5000000000    1.5041008908 
    347       Ti                1.5000000000    1.5000000000    1.9704983581 
    348       Ti                1.5000000000   -1.5000000000    0.0000000000 
    349       O                 1.5000000000   -1.5000000000    0.5005611904 
    350       Ti                1.5000000000   -1.5000000000    0.9945756879 
    351       O                 1.5000000000   -1.5000000000    1.5041008908 
    352       Ti                1.5000000000   -1.5000000000    1.9704983581 
    353       Ti               -1.5000000000    1.5000000000    0.0000000000 
    354       O                -1.5000000000    1.5000000000    0.5005611904 
    355       Ti               -1.5000000000    1.5000000000    0.9945756879 
    356       O                -1.5000000000    1.5000000000    1.5041008908 
    357       Ti               -1.5000000000    1.5000000000    1.9704983581 
    358       Ti               -1.5000000000   -1.5000000000    0.0000000000 
    359       O                -1.5000000000   -1.5000000000    0.5005611904 
    360       Ti               -1.5000000000   -1.5000000000    0.9945756879 
    361       O                -1.5000000000   -1.5000000000    1.5041008908 
    362       Ti               -1.5000000000   -1.5000000000    1.9704983581 
    363       O                 1.5000124020   -1.5059625824   -0.5148056392 
    364       O                -1.4999875980   -1.5059625824   -0.5148056392 
    365       Ti                1.5000120689   -1.5093017872   -0.9801584182 
    366       Ti               -1.4999879311   -1.5093017872   -0.9801584182 
    367       O                 1.5000165413   -1.5127593503   -1.5597278751 
    368       O                -1.4999834587   -1.5127593503   -1.5597278751 
    369       H                 2.0000056143    0.7550071702   -2.2022519075 
    370       H                -1.9999943857    0.7550071702   -2.2022519075 
    371       Ti                1.5000043050   -1.5318380558   -2.0059099752 
    372       Ti               -1.4999956950   -1.5318380558   -2.0059099752 
    373       Ba                1.0000140319    1.9849772640   -1.4883136253 
    374       Ba               -0.9999859681    1.9849772640   -1.4883136253 
    375       Ba                2.0000140319    0.9849772640   -1.4883136253 
    376       Ba               -1.9999859681    0.9849772640   -1.4883136253 
    377       Ba                1.0000080585    1.9956924493   -0.4895449247 
    378       Ba               -0.9999919415    1.9956924493   -0.4895449247 
    379       Ba                2.0000080585    0.9956924493   -0.4895449247 
    380       Ba               -1.9999919415    0.9956924493   -0.4895449247 
    381       Ba                2.0000000000    1.0000000000    0.5037469551 
    382       Ba                2.0000000000    1.0000000000    1.5261391117 
    383       Ba                1.0000000000    2.0000000000    0.5037469551 
    384       Ba                1.0000000000    2.0000000000    1.5261391117 
    385       Ba                2.0000000000   -1.0000000000    0.5037469551 
    386       Ba                2.0000000000   -1.0000000000    1.5261391117 
    387       Ba               -1.0000000000    2.0000000000    0.5037469551 
    388       Ba               -1.0000000000    2.0000000000    1.5261391117 
    389       Ba                1.0000000000   -2.0000000000    0.5037469551 
    390       Ba                1.0000000000   -2.0000000000    1.5261391117 
    391       Ba               -2.0000000000    1.0000000000    0.5037469551 
    392       Ba               -2.0000000000    1.0000000000    1.5261391117 
    393       Ba               -1.0000000000   -2.0000000000    0.5037469551 
    394       Ba               -1.0000000000   -2.0000000000    1.5261391117 
    395       Ba               -2.0000000000   -1.0000000000    0.5037469551 
    396       Ba               -2.0000000000   -1.0000000000    1.5261391117 
    397       Ba                2.0000080585   -1.0043075507   -0.4895449247 
    398       Ba               -1.9999919415   -1.0043075507   -0.4895449247 
    399       Ba                1.0000080585   -2.0043075507   -0.4895449247 
    400       Ba               -0.9999919415   -2.0043075507   -0.4895449247 
    401       Ba                2.0000140319   -1.0150227360   -1.4883136253 
    402       Ba               -1.9999859681   -1.0150227360   -1.4883136253 
    403       H                 0.0000056143   -2.2449928298   -2.2022519075 
    404       Ba                1.0000140319   -2.0150227360   -1.4883136253 
    405       Ba               -0.9999859681   -2.0150227360   -1.4883136253 
    406       H                 2.0000056143   -1.2449928298   -2.2022519075 
    407       H                -1.9999943857   -1.2449928298   -2.2022519075 
    408       H                 1.0000056143   -2.2449928298   -2.2022519075 
    409       H                -0.9999943857   -2.2449928298   -2.2022519075 
    410       O                 0.0000020236   -2.4767944154   -2.1262077153 
    411       O                 2.0000020236   -1.4767944154   -2.1262077153 
    412       O                -1.9999979764   -1.4767944154   -2.1262077153 
    413       O                 0.0000164644    2.4888439778   -1.0264864177 
    414       O                 1.5000145711    1.9890386275   -1.0184203878 
    415       O                -1.4999854289    1.9890386275   -1.0184203878 
    416       O                 2.0000164644    1.4888439778   -1.0264864177 
    417       O                -1.9999835356    1.4888439778   -1.0264864177 
    418       O                 1.4999999852    1.9977830110   -2.0504594109 
    419       O                -1.5000000148    1.9977830110   -2.0504594109 
    420       O                 2.0000000000    1.5000000000    0.0000002457 
    421       O                 2.0000000000    1.5000000000    0.9987995269 
    422       O                 2.0000000000    1.5000000000    1.9971387538 
    423       O                 1.5000000000    2.0000000000    0.0000002457 
    424       O                 1.5000000000    2.0000000000    0.9987995269 
    425       O                 1.5000000000    2.0000000000    1.9971387538 
    426       O                 2.5000000000    0.0000000000    0.0000002457 
    427       O                 2.5000000000    0.0000000000    0.9987995269 
    428       O                 2.5000000000    0.0000000000    1.9971387538 
    429       O                 2.4999999852   -0.0022169890   -2.0504594109 
    430       O                 0.0000000000    2.5000000000    0.0000002457 
    431       O                 0.0000000000    2.5000000000    0.9987995269 
    432       O                 0.0000000000    2.5000000000    1.9971387538 
    433       O                 2.0000000000   -1.5000000000    0.0000002457 
    434       O                 2.0000000000   -1.5000000000    0.9987995269 
    435       O                 2.0000000000   -1.5000000000    1.9971387538 
    436       O                -1.5000000000    2.0000000000    0.0000002457 
    437       O                -1.5000000000    2.0000000000    0.9987995269 
    438       O                -1.5000000000    2.0000000000    1.9971387538 
    439       O                 1.5000000000   -2.0000000000    0.0000002457 
    440       O                 1.5000000000   -2.0000000000    0.9987995269 
    441       O                 1.5000000000   -2.0000000000    1.9971387538 
    442       O                 2.5000145711   -0.0109613725   -1.0184203878 
    443       O                -2.0000000000    1.5000000000    0.0000002457 
    444       O                -2.0000000000    1.5000000000    0.9987995269 
    445       O                -2.0000000000    1.5000000000    1.9971387538 
    446       O                -1.5000000000   -2.0000000000    0.0000002457 
    447       O                -1.5000000000   -2.0000000000    0.9987995269 
    448       O                -1.5000000000   -2.0000000000    1.9971387538 
    449       O                -2.0000000000   -1.5000000000    0.0000002457 
    450       O                -2.0000000000   -1.5000000000    0.9987995269 
    451       O                -2.0000000000   -1.5000000000    1.9971387538 
    452       O                 1.4999999852   -2.0022169890   -2.0504594109 
    453       O                -1.5000000148   -2.0022169890   -2.0504594109 
    454       O                 2.0000164644   -1.5111560222   -1.0264864177 
    455       O                -1.9999835356   -1.5111560222   -1.0264864177 
    456       O                 1.5000145711   -2.0109613725   -1.0184203878 
    457       O                -1.4999854289   -2.0109613725   -1.0184203878 
    458       O                 2.0000020236    1.5232055846   -2.1262077153 
    459       O                -1.9999979764    1.5232055846   -2.1262077153 
    460       Ti                0.5000043050    2.4681619442   -2.0059099752 
    461       Ti               -0.4999956950    2.4681619442   -2.0059099752 
    462       O                 0.5000165413    2.4872406497   -1.5597278751 
    463       O                -0.4999834587    2.4872406497   -1.5597278751 
    464       Ti                0.5000120689    2.4906982128   -0.9801584182 
    465       Ti               -0.4999879311    2.4906982128   -0.9801584182 
    466       Ti                2.5000043050    0.4681619442   -2.0059099752 
    467       O                 0.5000124020    2.4940374176   -0.5148056392 
    468       O                -0.4999875980    2.4940374176   -0.5148056392 
    469       O                 2.5000165413    0.4872406497   -1.5597278751 
    470       Ti                2.5000120689    0.4906982128   -0.9801584182 
    471       O                 2.5000124020    0.4940374176   -0.5148056392 
    472       Ti                2.5000000000    0.5000000000    0.0000000000 
    473       O                 2.5000000000    0.5000000000    0.5005611904 
    474       Ti                2.5000000000    0.5000000000    0.9945756879 
    475       O                 2.5000000000    0.5000000000    1.5041008908 
    476       Ti                2.5000000000    0.5000000000    1.9704983581 
    477       Ti                0.5000000000    2.5000000000    0.0000000000 
    478       O                 0.5000000000    2.5000000000    0.5005611904 
    479       Ti                0.5000000000    2.5000000000    0.9945756879 
    480       O                 0.5000000000    2.5000000000    1.5041008908 
    481       Ti                0.5000000000    2.5000000000    1.9704983581 
    482       Ti                2.5000000000   -0.5000000000    0.0000000000 
    483       O                 2.5000000000   -0.5000000000    0.5005611904 
    484       Ti                2.5000000000   -0.5000000000    0.9945756879 
    485       O                 2.5000000000   -0.5000000000    1.5041008908 
    486       Ti                2.5000000000   -0.5000000000    1.9704983581 
    487       Ti               -0.5000000000    2.5000000000    0.0000000000 
    488       O                -0.5000000000    2.5000000000    0.5005611904 
    489       Ti               -0.5000000000    2.5000000000    0.9945756879 
    490       O                -0.5000000000    2.5000000000    1.5041008908 
    491       Ti               -0.5000000000    2.5000000000    1.9704983581 
    492       O                 2.5000124020   -0.5059625824   -0.5148056392 
    493       Ti                2.5000120689   -0.5093017872   -0.9801584182 
    494       O                 2.5000165413   -0.5127593503   -1.5597278751 
    495       Ti                2.5000043050   -0.5318380558   -2.0059099752 
    496       H                 2.0000056143    1.7550071702   -2.2022519075 
    497       H                -1.9999943857    1.7550071702   -2.2022519075 
    498       O                 1.0000020236   -2.4767944154   -2.1262077153 
    499       O                -0.9999979764   -2.4767944154   -2.1262077153 
    500       O                 1.0000164644    2.4888439778   -1.0264864177 
    501       O                -0.9999835356    2.4888439778   -1.0264864177 
    502       O                 2.5000145711    0.9890386275   -1.0184203878 
    503       O                 2.4999999852    0.9977830110   -2.0504594109 
    504       O                 2.5000000000    1.0000000000    0.0000002457 
    505       O                 2.5000000000    1.0000000000    0.9987995269 
    506       O                 2.5000000000    1.0000000000    1.9971387538 
    507       O                 1.0000000000    2.5000000000    0.0000002457 
    508       O                 1.0000000000    2.5000000000    0.9987995269 
    509       O                 1.0000000000    2.5000000000    1.9971387538 
    510       O                 2.5000000000   -1.0000000000    0.0000002457 
    511       O                 2.5000000000   -1.0000000000    0.9987995269 
    512       O                 2.5000000000   -1.0000000000    1.9971387538 
    513       O                -1.0000000000    2.5000000000    0.0000002457 
    514       O                -1.0000000000    2.5000000000    0.9987995269 
    515       O                -1.0000000000    2.5000000000    1.9971387538 
    516       O                 2.4999999852   -1.0022169890   -2.0504594109 
    517       O                 2.5000145711   -1.0109613725   -1.0184203878 
    518       Ba                2.0000140319    1.9849772640   -1.4883136253 
    519       Ba               -1.9999859681    1.9849772640   -1.4883136253 
    520       Ba                2.0000080585    1.9956924493   -0.4895449247 
    521       Ba               -1.9999919415    1.9956924493   -0.4895449247 
    522       Ba                2.0000000000    2.0000000000    0.5037469551 
    523       Ba                2.0000000000    2.0000000000    1.5261391117 
    524       Ba                2.0000000000   -2.0000000000    0.5037469551 
    525       Ba                2.0000000000   -2.0000000000    1.5261391117 
    526       Ba               -2.0000000000    2.0000000000    0.5037469551 
    527       Ba               -2.0000000000    2.0000000000    1.5261391117 
    528       Ba               -2.0000000000   -2.0000000000    0.5037469551 
    529       Ba               -2.0000000000   -2.0000000000    1.5261391117 
    530       Ba                2.0000080585   -2.0043075507   -0.4895449247 
    531       Ba               -1.9999919415   -2.0043075507   -0.4895449247 
    532       Ba                2.0000140319   -2.0150227360   -1.4883136253 
    533       Ba               -1.9999859681   -2.0150227360   -1.4883136253 
    534       Ti                1.5000043050    2.4681619442   -2.0059099752 
    535       Ti               -1.4999956950    2.4681619442   -2.0059099752 
    536       Ti                2.5000043050    1.4681619442   -2.0059099752 
    537       O                 1.5000165413    2.4872406497   -1.5597278751 
    538       O                -1.4999834587    2.4872406497   -1.5597278751 
    539       Ti                1.5000120689    2.4906982128   -0.9801584182 
    540       Ti               -1.4999879311    2.4906982128   -0.9801584182 
    541       O                 2.5000165413    1.4872406497   -1.5597278751 
    542       O                 1.5000124020    2.4940374176   -0.5148056392 
    543       O                -1.4999875980    2.4940374176   -0.5148056392 
    544       Ti                2.5000120689    1.4906982128   -0.9801584182 
    545       O                 2.5000124020    1.4940374176   -0.5148056392 
    546       Ti                2.5000000000    1.5000000000    0.0000000000 
    547       O                 2.5000000000    1.5000000000    0.5005611904 
    548       Ti                2.5000000000    1.5000000000    0.9945756879 
    549       O                 2.5000000000    1.5000000000    1.5041008908 
    550       Ti                2.5000000000    1.5000000000    1.9704983581 
    551       Ti                1.5000000000    2.5000000000    0.0000000000 
    552       O                 1.5000000000    2.5000000000    0.5005611904 
    553       Ti                1.5000000000    2.5000000000    0.9945756879 
    554       O                 1.5000000000    2.5000000000    1.5041008908 
    555       Ti                1.5000000000    2.5000000000    1.9704983581 
    556       Ti                2.5000000000   -1.5000000000    0.0000000000 
    557       O                 2.5000000000   -1.5000000000    0.5005611904 
    558       Ti                2.5000000000   -1.5000000000    0.9945756879 
    559       O                 2.5000000000   -1.5000000000    1.5041008908 
    560       Ti                2.5000000000   -1.5000000000    1.9704983581 
    561       Ti               -1.5000000000    2.5000000000    0.0000000000 
    562       O                -1.5000000000    2.5000000000    0.5005611904 
    563       Ti               -1.5000000000    2.5000000000    0.9945756879 
    564       O                -1.5000000000    2.5000000000    1.5041008908 
    565       Ti               -1.5000000000    2.5000000000    1.9704983581 
    566       O                 2.5000124020   -1.5059625824   -0.5148056392 
    567       Ti                2.5000120689   -1.5093017872   -0.9801584182 
    568       O                 2.5000165413   -1.5127593503   -1.5597278751 
    569       Ti                2.5000043050   -1.5318380558   -2.0059099752 
    570       H                 2.0000056143   -2.2449928298   -2.2022519075 
    571       H                -1.9999943857   -2.2449928298   -2.2022519075 
    572       O                 2.0000020236   -2.4767944154   -2.1262077153 
    573       O                -1.9999979764   -2.4767944154   -2.1262077153 
    574       O                 2.0000164644    2.4888439778   -1.0264864177 
    575       O                -1.9999835356    2.4888439778   -1.0264864177 
    576       O                 2.5000145711    1.9890386275   -1.0184203878 
    577       O                 2.4999999852    1.9977830110   -2.0504594109 
    578       O                 2.5000000000    2.0000000000    0.0000002457 
    579       O                 2.5000000000    2.0000000000    0.9987995269 
    580       O                 2.5000000000    2.0000000000    1.9971387538 
    581       O                 2.0000000000    2.5000000000    0.0000002457 
    582       O                 2.0000000000    2.5000000000    0.9987995269 
    583       O                 2.0000000000    2.5000000000    1.9971387538 
    584       O                 2.5000000000   -2.0000000000    0.0000002457 
    585       O                 2.5000000000   -2.0000000000    0.9987995269 
    586       O                 2.5000000000   -2.0000000000    1.9971387538 
    587       O                -2.0000000000    2.5000000000    0.0000002457 
    588       O                -2.0000000000    2.5000000000    0.9987995269 
    589       O                -2.0000000000    2.5000000000    1.9971387538 
    590       O                 2.4999999852   -2.0022169890   -2.0504594109 
    591       O                 2.5000145711   -2.0109613725   -1.0184203878 
    592       Ti                2.5000043050    2.4681619442   -2.0059099752 
    593       O                 2.5000165413    2.4872406497   -1.5597278751 
    594       Ti                2.5000120689    2.4906982128   -0.9801584182 
    595       O                 2.5000124020    2.4940374176   -0.5148056392 
    596       Ti                2.5000000000    2.5000000000    0.0000000000 
    597       O                 2.5000000000    2.5000000000    0.5005611904 
    598       Ti                2.5000000000    2.5000000000    0.9945756879 
    599       O                 2.5000000000    2.5000000000    1.5041008908 
    600       Ti                2.5000000000    2.5000000000    1.9704983581 
