primitive lattice vectors  3  2  1
  3.00000000  0.00000000  0.00000000
  0.00000000  2.00000000  0.00000000
  0.00000000  0.00000000 80.00000000
number of atoms in unit cell
144
atom, type, position vector
      1       Ba                0.0000000000    0.0000000000    0.5037469551 
      2       Ba                0.0000000000    0.0000000000    1.5261391117 
      3       Ba                0.0000080585   -0.0043075507   -0.4895449247 
      4       Ba                0.0000140319   -0.0150227360   -1.4883136253 
      5       H                 0.0000056143   -0.2449928298   -2.2022519075 
      6       O                 0.0000020236   -0.4767944154   -2.1262077153 
      7       O                 0.0000164644    0.4888439778   -1.0264864177 
      8       O                 0.5000000000    0.0000000000    0.0000002457 
      9       O                 0.5000000000    0.0000000000    0.9987995269 
     10       O                 0.5000000000    0.0000000000    1.9971387538 
     11       O                 0.4999999852   -0.0022169890   -2.0504594109 
     12       O                 0.0000000000    0.5000000000    0.0000002457 
     13       O                 0.0000000000    0.5000000000    0.9987995269 
     14       O                 0.0000000000    0.5000000000    1.9971387538 
     15       O                 0.0000000000   -0.5000000000    0.0000002457 
     16       O                 0.0000000000   -0.5000000000    0.9987995269 
     17       O                 0.0000000000   -0.5000000000    1.9971387538 
     18       O                -0.5000000000    0.0000000000    0.0000002457 
     19       O                -0.5000000000    0.0000000000    0.9987995269 
     20       O                -0.5000000000    0.0000000000    1.9971387538 
     21       O                -0.5000000148   -0.0022169890   -2.0504594109 
     22       O                 0.5000145711   -0.0109613725   -1.0184203878 
     23       O                -0.4999854289   -0.0109613725   -1.0184203878 
     24       O                 0.0000164644   -0.5111560222   -1.0264864177 
     25       O                 0.0000020236    0.5232055846   -2.1262077153 
     26       Ti                0.5000043050    0.4681619442   -2.0059099752 
     27       Ti               -0.4999956950    0.4681619442   -2.0059099752 
     28       O                 0.5000165413    0.4872406497   -1.5597278751 
     29       O                -0.4999834587    0.4872406497   -1.5597278751 
     30       Ti                0.5000120689    0.4906982128   -0.9801584182 
     31       Ti               -0.4999879311    0.4906982128   -0.9801584182 
     32       O                 0.5000124020    0.4940374176   -0.5148056392 
     33       O                -0.4999875980    0.4940374176   -0.5148056392 
     34       Ti                0.5000000000    0.5000000000    0.0000000000 
     35       O                 0.5000000000    0.5000000000    0.5005611904 
     36       Ti                0.5000000000    0.5000000000    0.9945756879 
     37       O                 0.5000000000    0.5000000000    1.5041008908 
     38       Ti                0.5000000000    0.5000000000    1.9704983581 
     39       Ti                0.5000000000   -0.5000000000    0.0000000000 
     40       O                 0.5000000000   -0.5000000000    0.5005611904 
     41       Ti                0.5000000000   -0.5000000000    0.9945756879 
     42       O                 0.5000000000   -0.5000000000    1.5041008908 
     43       Ti                0.5000000000   -0.5000000000    1.9704983581 
     44       Ti               -0.5000000000    0.5000000000    0.0000000000 
     45       O                -0.5000000000    0.5000000000    0.5005611904 
     46       Ti               -0.5000000000    0.5000000000    0.9945756879 
     47       O                -0.5000000000    0.5000000000    1.5041008908 
     48       Ti               -0.5000000000    0.5000000000    1.9704983581 
     49       Ti               -0.5000000000   -0.5000000000    0.0000000000 
     50       O                -0.5000000000   -0.5000000000    0.5005611904 
     51       Ti               -0.5000000000   -0.5000000000    0.9945756879 
     52       O                -0.5000000000   -0.5000000000    1.5041008908 
     53       Ti               -0.5000000000   -0.5000000000    1.9704983581 
     54       O                 0.5000124020   -0.5059625824   -0.5148056392 
     55       O                -0.4999875980   -0.5059625824   -0.5148056392 
     56       Ti                0.5000120689   -0.5093017872   -0.9801584182 
     57       Ti               -0.4999879311   -0.5093017872   -0.9801584182 
     58       O                 0.5000165413   -0.5127593503   -1.5597278751 
     59       O                -0.4999834587   -0.5127593503   -1.5597278751 
     60       Ti                0.5000043050   -0.5318380558   -2.0059099752 
     61       Ti               -0.4999956950   -0.5318380558   -2.0059099752 
     62       H                 0.0000056143    0.7550071702   -2.2022519075 
     63       Ba                0.0000140319    0.9849772640   -1.4883136253 
     64       Ba                0.0000080585    0.9956924493   -0.4895449247 
     65       Ba                1.0000000000    0.0000000000    0.5037469551 
     66       Ba                1.0000000000    0.0000000000    1.5261391117 
     67       Ba                0.0000000000    1.0000000000    0.5037469551 
     68       Ba                0.0000000000    1.0000000000    1.5261391117 
     69       Ba                1.0000080585   -0.0043075507   -0.4895449247 
     70       Ba               -1.0000000000    0.0000000000    0.5037469551 
     71       Ba               -1.0000000000    0.0000000000    1.5261391117 
     72       Ba               -0.9999919415   -0.0043075507   -0.4895449247 
     73       Ba                1.0000140319   -0.0150227360   -1.4883136253 
     74       Ba               -0.9999859681   -0.0150227360   -1.4883136253 
     75       H                 1.0000056143   -0.2449928298   -2.2022519075 
     76       H                -0.9999943857   -0.2449928298   -2.2022519075 
     77       O                 1.0000020236   -0.4767944154   -2.1262077153 
     78       O                -0.9999979764   -0.4767944154   -2.1262077153 
     79       O                 0.5000145711    0.9890386275   -1.0184203878 
     80       O                -0.4999854289    0.9890386275   -1.0184203878 
     81       O                 1.0000164644    0.4888439778   -1.0264864177 
     82       O                -0.9999835356    0.4888439778   -1.0264864177 
     83       O                 0.4999999852    0.9977830110   -2.0504594109 
     84       O                -0.5000000148    0.9977830110   -2.0504594109 
     85       O                 1.0000000000    0.5000000000    0.0000002457 
     86       O                 1.0000000000    0.5000000000    0.9987995269 
     87       O                 1.0000000000    0.5000000000    1.9971387538 
     88       O                 0.5000000000    1.0000000000    0.0000002457 
     89       O                 0.5000000000    1.0000000000    0.9987995269 
     90       O                 0.5000000000    1.0000000000    1.9971387538 
     91       O                 1.0000000000   -0.5000000000    0.0000002457 
     92       O                 1.0000000000   -0.5000000000    0.9987995269 
     93       O                 1.0000000000   -0.5000000000    1.9971387538 
     94       O                -0.5000000000    1.0000000000    0.0000002457 
     95       O                -0.5000000000    1.0000000000    0.9987995269 
     96       O                -0.5000000000    1.0000000000    1.9971387538 
     97       O                -1.0000000000    0.5000000000    0.0000002457 
     98       O                -1.0000000000    0.5000000000    0.9987995269 
     99       O                -1.0000000000    0.5000000000    1.9971387538 
    100       O                -1.0000000000   -0.5000000000    0.0000002457 
    101       O                -1.0000000000   -0.5000000000    0.9987995269 
    102       O                -1.0000000000   -0.5000000000    1.9971387538 
    103       O                 1.0000164644   -0.5111560222   -1.0264864177 
    104       O                -0.9999835356   -0.5111560222   -1.0264864177 
    105       O                 1.0000020236    0.5232055846   -2.1262077153 
    106       O                -0.9999979764    0.5232055846   -2.1262077153 
    107       H                 1.0000056143    0.7550071702   -2.2022519075 
    108       H                -0.9999943857    0.7550071702   -2.2022519075 
    109       Ba                1.0000140319    0.9849772640   -1.4883136253 
    110       Ba               -0.9999859681    0.9849772640   -1.4883136253 
    111       Ba                1.0000080585    0.9956924493   -0.4895449247 
    112       Ba               -0.9999919415    0.9956924493   -0.4895449247 
    113       Ba                1.0000000000    1.0000000000    0.5037469551 
    114       Ba                1.0000000000    1.0000000000    1.5261391117 
    115       Ba               -1.0000000000    1.0000000000    0.5037469551 
    116       Ba               -1.0000000000    1.0000000000    1.5261391117 
    117       O                 1.5000000000    0.0000000000    0.0000002457 
    118       O                 1.5000000000    0.0000000000    0.9987995269 
    119       O                 1.5000000000    0.0000000000    1.9971387538 
    120       O                 1.4999999852   -0.0022169890   -2.0504594109 
    121       O                 1.5000145711   -0.0109613725   -1.0184203878 
    122       Ti                1.5000043050    0.4681619442   -2.0059099752 
    123       O                 1.5000165413    0.4872406497   -1.5597278751 
    124       Ti                1.5000120689    0.4906982128   -0.9801584182 
    125       O                 1.5000124020    0.4940374176   -0.5148056392 
    126       Ti                1.5000000000    0.5000000000    0.0000000000 
    127       O                 1.5000000000    0.5000000000    0.5005611904 
    128       Ti                1.5000000000    0.5000000000    0.9945756879 
    129       O                 1.5000000000    0.5000000000    1.5041008908 
    130       Ti                1.5000000000    0.5000000000    1.9704983581 
    131       Ti                1.5000000000   -0.5000000000    0.0000000000 
    132       O                 1.5000000000   -0.5000000000    0.5005611904 
    133       Ti                1.5000000000   -0.5000000000    0.9945756879 
    134       O                 1.5000000000   -0.5000000000    1.5041008908 
    135       Ti                1.5000000000   -0.5000000000    1.9704983581 
    136       O                 1.5000124020   -0.5059625824   -0.5148056392 
    137       Ti                1.5000120689   -0.5093017872   -0.9801584182 
    138       O                 1.5000165413   -0.5127593503   -1.5597278751 
    139       Ti                1.5000043050   -0.5318380558   -2.0059099752 
    140       O                 1.5000145711    0.9890386275   -1.0184203878 
    141       O                 1.4999999852    0.9977830110   -2.0504594109 
    142       O                 1.5000000000    1.0000000000    0.0000002457 
    143       O                 1.5000000000    1.0000000000    0.9987995269 
    144       O                 1.5000000000    1.0000000000    1.9971387538 
