primitive lattice vectors  5  5  1
  5.00000000  0.00000000  0.00000000
  0.00000000  5.00000000  0.00000000
  0.00000000  0.00000000 80.00000000
number of atoms in unit cell
600
atom, type, position vector
      1       Ba                0.0000000000    0.0000000000   -0.5037462655 
      2       Ba                0.0000000000    0.0000000000    0.5037469551 
      3       Ba                0.0000000000    0.0000000000    1.5261391117 
      4       Ba                0.0000020044   -0.0000094144   -1.4861647906 
      5       O                 0.4999994818    0.0000404042   -2.0246982724 
      6       O                 0.5000000000    0.0000000000   -0.9987995952 
      7       O                 0.5000000000    0.0000000000    0.0000002457 
      8       O                 0.5000000000    0.0000000000    0.9987995269 
      9       O                 0.5000000000    0.0000000000    1.9971387538 
     10       O                 0.0000000000    0.5000000000   -0.9987995952 
     11       O                 0.0000000000    0.5000000000    0.0000002457 
     12       O                 0.0000000000    0.5000000000    0.9987995269 
     13       O                 0.0000000000    0.5000000000    1.9971387538 
     14       O                -0.0000011500    0.5000103152   -2.0669053911 
     15       H                -0.0000029871    0.5000139431   -2.3092931900 
     16       H                -0.0000029871   -0.4999860569   -2.3092931900 
     17       O                -0.0000011500   -0.4999896848   -2.0669053911 
     18       O                 0.0000000000   -0.5000000000   -0.9987995952 
     19       O                 0.0000000000   -0.5000000000    0.0000002457 
     20       O                 0.0000000000   -0.5000000000    0.9987995269 
     21       O                 0.0000000000   -0.5000000000    1.9971387538 
     22       O                -0.5000000000    0.0000000000   -0.9987995952 
     23       O                -0.5000000000    0.0000000000    0.0000002457 
     24       O                -0.5000000000    0.0000000000    0.9987995269 
     25       O                -0.5000000000    0.0000000000    1.9971387538 
     26       O                -0.5000005182    0.0000404042   -2.0246982724 
     27       Ti                0.5000001783    0.4999188934   -1.9770134396 
     28       Ti               -0.4999998217    0.4999188934   -1.9770134396 
     29       Ti                0.5000000000    0.5000000000   -0.9945756786 
     30       O                 0.5000000000    0.5000000000   -0.5005608276 
     31       Ti                0.5000000000    0.5000000000    0.0000000000 
     32       O                 0.5000000000    0.5000000000    0.5005611904 
     33       Ti                0.5000000000    0.5000000000    0.9945756879 
     34       O                 0.5000000000    0.5000000000    1.5041008908 
     35       Ti                0.5000000000    0.5000000000    1.9704983581 
     36       O                 0.5000022012    0.5000061283   -1.5204778458 
     37       O                 0.5000022012   -0.4999938717   -1.5204778458 
     38       Ti                0.5000000000   -0.5000000000   -0.9945756786 
     39       O                 0.5000000000   -0.5000000000   -0.5005608276 
     40       Ti                0.5000000000   -0.5000000000    0.0000000000 
     41       O                 0.5000000000   -0.5000000000    0.5005611904 
     42       Ti                0.5000000000   -0.5000000000    0.9945756879 
     43       O                 0.5000000000   -0.5000000000    1.5041008908 
     44       Ti                0.5000000000   -0.5000000000    1.9704983581 
     45       Ti               -0.5000000000    0.5000000000   -0.9945756786 
     46       O                -0.5000000000    0.5000000000   -0.5005608276 
     47       Ti               -0.5000000000    0.5000000000    0.0000000000 
     48       O                -0.5000000000    0.5000000000    0.5005611904 
     49       Ti               -0.5000000000    0.5000000000    0.9945756879 
     50       O                -0.5000000000    0.5000000000    1.5041008908 
     51       Ti               -0.5000000000    0.5000000000    1.9704983581 
     52       O                -0.4999977988    0.5000061283   -1.5204778458 
     53       O                -0.4999977988   -0.4999938717   -1.5204778458 
     54       Ti               -0.5000000000   -0.5000000000   -0.9945756786 
     55       O                -0.5000000000   -0.5000000000   -0.5005608276 
     56       Ti               -0.5000000000   -0.5000000000    0.0000000000 
     57       O                -0.5000000000   -0.5000000000    0.5005611904 
     58       Ti               -0.5000000000   -0.5000000000    0.9945756879 
     59       O                -0.5000000000   -0.5000000000    1.5041008908 
     60       Ti               -0.5000000000   -0.5000000000    1.9704983581 
     61       Ti                0.5000001783   -0.5000811066   -1.9770134396 
     62       Ti               -0.4999998217   -0.5000811066   -1.9770134396 
     63       Ba                0.0000020044    0.9999905856   -1.4861647906 
     64       Ba                1.0000000000    0.0000000000   -0.5037462655 
     65       Ba                1.0000000000    0.0000000000    0.5037469551 
     66       Ba                1.0000000000    0.0000000000    1.5261391117 
     67       Ba                1.0000020044   -0.0000094144   -1.4861647906 
     68       Ba                0.0000000000    1.0000000000   -0.5037462655 
     69       Ba                0.0000000000    1.0000000000    0.5037469551 
     70       Ba                0.0000000000    1.0000000000    1.5261391117 
     71       Ba                0.0000000000   -1.0000000000   -0.5037462655 
     72       Ba                0.0000000000   -1.0000000000    0.5037469551 
     73       Ba                0.0000000000   -1.0000000000    1.5261391117 
     74       Ba               -0.9999979956   -0.0000094144   -1.4861647906 
     75       Ba               -1.0000000000    0.0000000000   -0.5037462655 
     76       Ba               -1.0000000000    0.0000000000    0.5037469551 
     77       Ba               -1.0000000000    0.0000000000    1.5261391117 
     78       Ba                0.0000020044   -1.0000094144   -1.4861647906 
     79       O                 1.0000000000    0.5000000000   -0.9987995952 
     80       O                 1.0000000000    0.5000000000    0.0000002457 
     81       O                 1.0000000000    0.5000000000    0.9987995269 
     82       O                 1.0000000000    0.5000000000    1.9971387538 
     83       H                 0.9999970129    0.5000139431   -2.3092931900 
     84       O                 0.5000000000    1.0000000000   -0.9987995952 
     85       O                 0.5000000000    1.0000000000    0.0000002457 
     86       O                 0.5000000000    1.0000000000    0.9987995269 
     87       O                 0.5000000000    1.0000000000    1.9971387538 
     88       O                 0.9999988500    0.5000103152   -2.0669053911 
     89       H                 0.9999970129   -0.4999860569   -2.3092931900 
     90       O                 0.4999994818   -0.9999595958   -2.0246982724 
     91       O                 0.9999988500   -0.4999896848   -2.0669053911 
     92       O                 1.0000000000   -0.5000000000   -0.9987995952 
     93       O                 1.0000000000   -0.5000000000    0.0000002457 
     94       O                 1.0000000000   -0.5000000000    0.9987995269 
     95       O                 1.0000000000   -0.5000000000    1.9971387538 
     96       O                -0.5000000000    1.0000000000   -0.9987995952 
     97       O                -0.5000000000    1.0000000000    0.0000002457 
     98       O                -0.5000000000    1.0000000000    0.9987995269 
     99       O                -0.5000000000    1.0000000000    1.9971387538 
    100       O                 0.4999994818    1.0000404042   -2.0246982724 
    101       O                -0.5000005182   -0.9999595958   -2.0246982724 
    102       O                 0.5000000000   -1.0000000000   -0.9987995952 
    103       O                 0.5000000000   -1.0000000000    0.0000002457 
    104       O                 0.5000000000   -1.0000000000    0.9987995269 
    105       O                 0.5000000000   -1.0000000000    1.9971387538 
    106       O                -1.0000000000    0.5000000000   -0.9987995952 
    107       O                -1.0000000000    0.5000000000    0.0000002457 
    108       O                -1.0000000000    0.5000000000    0.9987995269 
    109       O                -1.0000000000    0.5000000000    1.9971387538 
    110       O                -1.0000011500    0.5000103152   -2.0669053911 
    111       O                -0.5000005182    1.0000404042   -2.0246982724 
    112       H                -1.0000029871    0.5000139431   -2.3092931900 
    113       O                -1.0000011500   -0.4999896848   -2.0669053911 
    114       O                -0.5000000000   -1.0000000000   -0.9987995952 
    115       O                -0.5000000000   -1.0000000000    0.0000002457 
    116       O                -0.5000000000   -1.0000000000    0.9987995269 
    117       O                -0.5000000000   -1.0000000000    1.9971387538 
    118       H                -1.0000029871   -0.4999860569   -2.3092931900 
    119       O                -1.0000000000   -0.5000000000   -0.9987995952 
    120       O                -1.0000000000   -0.5000000000    0.0000002457 
    121       O                -1.0000000000   -0.5000000000    0.9987995269 
    122       O                -1.0000000000   -0.5000000000    1.9971387538 
    123       Ba                1.0000020044    0.9999905856   -1.4861647906 
    124       Ba                1.0000000000    1.0000000000   -0.5037462655 
    125       Ba                1.0000000000    1.0000000000    0.5037469551 
    126       Ba                1.0000000000    1.0000000000    1.5261391117 
    127       Ba                1.0000000000   -1.0000000000   -0.5037462655 
    128       Ba                1.0000000000   -1.0000000000    0.5037469551 
    129       Ba                1.0000000000   -1.0000000000    1.5261391117 
    130       Ba               -0.9999979956    0.9999905856   -1.4861647906 
    131       Ba                1.0000020044   -1.0000094144   -1.4861647906 
    132       Ba               -1.0000000000    1.0000000000   -0.5037462655 
    133       Ba               -1.0000000000    1.0000000000    0.5037469551 
    134       Ba               -1.0000000000    1.0000000000    1.5261391117 
    135       Ba               -1.0000000000   -1.0000000000   -0.5037462655 
    136       Ba               -1.0000000000   -1.0000000000    0.5037469551 
    137       Ba               -1.0000000000   -1.0000000000    1.5261391117 
    138       Ba               -0.9999979956   -1.0000094144   -1.4861647906 
    139       O                 1.4999994818    0.0000404042   -2.0246982724 
    140       O                 1.5000000000    0.0000000000   -0.9987995952 
    141       O                 1.5000000000    0.0000000000    0.0000002457 
    142       O                 1.5000000000    0.0000000000    0.9987995269 
    143       O                 1.5000000000    0.0000000000    1.9971387538 
    144       O                 0.0000000000    1.5000000000   -0.9987995952 
    145       O                 0.0000000000    1.5000000000    0.0000002457 
    146       O                 0.0000000000    1.5000000000    0.9987995269 
    147       O                 0.0000000000    1.5000000000    1.9971387538 
    148       O                -0.0000011500    1.5000103152   -2.0669053911 
    149       H                -0.0000029871    1.5000139431   -2.3092931900 
    150       H                -0.0000029871   -1.4999860569   -2.3092931900 
    151       O                -0.0000011500   -1.4999896848   -2.0669053911 
    152       O                 0.0000000000   -1.5000000000   -0.9987995952 
    153       O                 0.0000000000   -1.5000000000    0.0000002457 
    154       O                 0.0000000000   -1.5000000000    0.9987995269 
    155       O                 0.0000000000   -1.5000000000    1.9971387538 
    156       O                -1.5000000000    0.0000000000   -0.9987995952 
    157       O                -1.5000000000    0.0000000000    0.0000002457 
    158       O                -1.5000000000    0.0000000000    0.9987995269 
    159       O                -1.5000000000    0.0000000000    1.9971387538 
    160       O                -1.5000005182    0.0000404042   -2.0246982724 
    161       Ti                0.5000001783    1.4999188934   -1.9770134396 
    162       Ti               -0.4999998217    1.4999188934   -1.9770134396 
    163       Ti                1.5000001783    0.4999188934   -1.9770134396 
    164       Ti                1.5000000000    0.5000000000   -0.9945756786 
    165       O                 1.5000000000    0.5000000000   -0.5005608276 
    166       Ti                1.5000000000    0.5000000000    0.0000000000 
    167       O                 1.5000000000    0.5000000000    0.5005611904 
    168       Ti                1.5000000000    0.5000000000    0.9945756879 
    169       O                 1.5000000000    0.5000000000    1.5041008908 
    170       Ti                1.5000000000    0.5000000000    1.9704983581 
    171       O                 1.5000022012    0.5000061283   -1.5204778458 
    172       Ti                0.5000000000    1.5000000000   -0.9945756786 
    173       O                 0.5000000000    1.5000000000   -0.5005608276 
    174       Ti                0.5000000000    1.5000000000    0.0000000000 
    175       O                 0.5000000000    1.5000000000    0.5005611904 
    176       Ti                0.5000000000    1.5000000000    0.9945756879 
    177       O                 0.5000000000    1.5000000000    1.5041008908 
    178       Ti                0.5000000000    1.5000000000    1.9704983581 
    179       O                 0.5000022012    1.5000061283   -1.5204778458 
    180       Ti                1.5000000000   -0.5000000000   -0.9945756786 
    181       O                 1.5000000000   -0.5000000000   -0.5005608276 
    182       Ti                1.5000000000   -0.5000000000    0.0000000000 
    183       O                 1.5000000000   -0.5000000000    0.5005611904 
    184       Ti                1.5000000000   -0.5000000000    0.9945756879 
    185       O                 1.5000000000   -0.5000000000    1.5041008908 
    186       Ti                1.5000000000   -0.5000000000    1.9704983581 
    187       O                 1.5000022012   -0.4999938717   -1.5204778458 
    188       Ti               -0.5000000000    1.5000000000   -0.9945756786 
    189       O                -0.5000000000    1.5000000000   -0.5005608276 
    190       Ti               -0.5000000000    1.5000000000    0.0000000000 
    191       O                -0.5000000000    1.5000000000    0.5005611904 
    192       Ti               -0.5000000000    1.5000000000    0.9945756879 
    193       O                -0.5000000000    1.5000000000    1.5041008908 
    194       Ti               -0.5000000000    1.5000000000    1.9704983581 
    195       O                -0.4999977988    1.5000061283   -1.5204778458 
    196       Ti               -1.4999998217    0.4999188934   -1.9770134396 
    197       Ti                1.5000001783   -0.5000811066   -1.9770134396 
    198       O                 0.5000022012   -1.4999938717   -1.5204778458 
    199       Ti                0.5000000000   -1.5000000000   -0.9945756786 
    200       O                 0.5000000000   -1.5000000000   -0.5005608276 
    201       Ti                0.5000000000   -1.5000000000    0.0000000000 
    202       O                 0.5000000000   -1.5000000000    0.5005611904 
    203       Ti                0.5000000000   -1.5000000000    0.9945756879 
    204       O                 0.5000000000   -1.5000000000    1.5041008908 
    205       Ti                0.5000000000   -1.5000000000    1.9704983581 
    206       O                -1.4999977988    0.5000061283   -1.5204778458 
    207       Ti               -1.5000000000    0.5000000000   -0.9945756786 
    208       O                -1.5000000000    0.5000000000   -0.5005608276 
    209       Ti               -1.5000000000    0.5000000000    0.0000000000 
    210       O                -1.5000000000    0.5000000000    0.5005611904 
    211       Ti               -1.5000000000    0.5000000000    0.9945756879 
    212       O                -1.5000000000    0.5000000000    1.5041008908 
    213       Ti               -1.5000000000    0.5000000000    1.9704983581 
    214       O                -0.4999977988   -1.4999938717   -1.5204778458 
    215       Ti               -0.5000000000   -1.5000000000   -0.9945756786 
    216       O                -0.5000000000   -1.5000000000   -0.5005608276 
    217       Ti               -0.5000000000   -1.5000000000    0.0000000000 
    218       O                -0.5000000000   -1.5000000000    0.5005611904 
    219       Ti               -0.5000000000   -1.5000000000    0.9945756879 
    220       O                -0.5000000000   -1.5000000000    1.5041008908 
    221       Ti               -0.5000000000   -1.5000000000    1.9704983581 
    222       O                -1.4999977988   -0.4999938717   -1.5204778458 
    223       Ti               -1.5000000000   -0.5000000000   -0.9945756786 
    224       O                -1.5000000000   -0.5000000000   -0.5005608276 
    225       Ti               -1.5000000000   -0.5000000000    0.0000000000 
    226       O                -1.5000000000   -0.5000000000    0.5005611904 
    227       Ti               -1.5000000000   -0.5000000000    0.9945756879 
    228       O                -1.5000000000   -0.5000000000    1.5041008908 
    229       Ti               -1.5000000000   -0.5000000000    1.9704983581 
    230       Ti               -1.4999998217   -0.5000811066   -1.9770134396 
    231       Ti                0.5000001783   -1.5000811066   -1.9770134396 
    232       Ti               -0.4999998217   -1.5000811066   -1.9770134396 
    233       O                 1.5000000000    1.0000000000   -0.9987995952 
    234       O                 1.5000000000    1.0000000000    0.0000002457 
    235       O                 1.5000000000    1.0000000000    0.9987995269 
    236       O                 1.5000000000    1.0000000000    1.9971387538 
    237       O                 1.0000000000    1.5000000000   -0.9987995952 
    238       O                 1.0000000000    1.5000000000    0.0000002457 
    239       O                 1.0000000000    1.5000000000    0.9987995269 
    240       O                 1.0000000000    1.5000000000    1.9971387538 
    241       O                 1.4999994818   -0.9999595958   -2.0246982724 
    242       O                 0.9999988500    1.5000103152   -2.0669053911 
    243       H                 0.9999970129    1.5000139431   -2.3092931900 
    244       O                 1.4999994818    1.0000404042   -2.0246982724 
    245       O                 1.5000000000   -1.0000000000   -0.9987995952 
    246       O                 1.5000000000   -1.0000000000    0.0000002457 
    247       O                 1.5000000000   -1.0000000000    0.9987995269 
    248       O                 1.5000000000   -1.0000000000    1.9971387538 
    249       H                 0.9999970129   -1.4999860569   -2.3092931900 
    250       O                 0.9999988500   -1.4999896848   -2.0669053911 
    251       O                -1.0000000000    1.5000000000   -0.9987995952 
    252       O                -1.0000000000    1.5000000000    0.0000002457 
    253       O                -1.0000000000    1.5000000000    0.9987995269 
    254       O                -1.0000000000    1.5000000000    1.9971387538 
    255       O                 1.0000000000   -1.5000000000   -0.9987995952 
    256       O                 1.0000000000   -1.5000000000    0.0000002457 
    257       O                 1.0000000000   -1.5000000000    0.9987995269 
    258       O                 1.0000000000   -1.5000000000    1.9971387538 
    259       O                -1.0000011500    1.5000103152   -2.0669053911 
    260       H                -1.0000029871    1.5000139431   -2.3092931900 
    261       O                -1.5000000000    1.0000000000   -0.9987995952 
    262       O                -1.5000000000    1.0000000000    0.0000002457 
    263       O                -1.5000000000    1.0000000000    0.9987995269 
    264       O                -1.5000000000    1.0000000000    1.9971387538 
    265       O                -1.5000005182   -0.9999595958   -2.0246982724 
    266       H                -1.0000029871   -1.4999860569   -2.3092931900 
    267       O                -1.0000011500   -1.4999896848   -2.0669053911 
    268       O                -1.5000005182    1.0000404042   -2.0246982724 
    269       O                -1.0000000000   -1.5000000000   -0.9987995952 
    270       O                -1.0000000000   -1.5000000000    0.0000002457 
    271       O                -1.0000000000   -1.5000000000    0.9987995269 
    272       O                -1.0000000000   -1.5000000000    1.9971387538 
    273       O                -1.5000000000   -1.0000000000   -0.9987995952 
    274       O                -1.5000000000   -1.0000000000    0.0000002457 
    275       O                -1.5000000000   -1.0000000000    0.9987995269 
    276       O                -1.5000000000   -1.0000000000    1.9971387538 
    277       Ba                0.0000020044    1.9999905856   -1.4861647906 
    278       Ba                2.0000000000    0.0000000000   -0.5037462655 
    279       Ba                2.0000000000    0.0000000000    0.5037469551 
    280       Ba                2.0000000000    0.0000000000    1.5261391117 
    281       Ba                2.0000020044   -0.0000094144   -1.4861647906 
    282       Ba                0.0000000000    2.0000000000   -0.5037462655 
    283       Ba                0.0000000000    2.0000000000    0.5037469551 
    284       Ba                0.0000000000    2.0000000000    1.5261391117 
    285       Ba                0.0000000000   -2.0000000000   -0.5037462655 
    286       Ba                0.0000000000   -2.0000000000    0.5037469551 
    287       Ba                0.0000000000   -2.0000000000    1.5261391117 
    288       Ba               -1.9999979956   -0.0000094144   -1.4861647906 
    289       Ba               -2.0000000000    0.0000000000   -0.5037462655 
    290       Ba               -2.0000000000    0.0000000000    0.5037469551 
    291       Ba               -2.0000000000    0.0000000000    1.5261391117 
    292       Ba                0.0000020044   -2.0000094144   -1.4861647906 
    293       O                 2.0000000000    0.5000000000   -0.9987995952 
    294       O                 2.0000000000    0.5000000000    0.0000002457 
    295       O                 2.0000000000    0.5000000000    0.9987995269 
    296       O                 2.0000000000    0.5000000000    1.9971387538 
    297       H                 1.9999970129    0.5000139431   -2.3092931900 
    298       O                 1.9999988500    0.5000103152   -2.0669053911 
    299       O                 0.5000000000    2.0000000000   -0.9987995952 
    300       O                 0.5000000000    2.0000000000    0.0000002457 
    301       O                 0.5000000000    2.0000000000    0.9987995269 
    302       O                 0.5000000000    2.0000000000    1.9971387538 
    303       H                 1.9999970129   -0.4999860569   -2.3092931900 
    304       O                 1.9999988500   -0.4999896848   -2.0669053911 
    305       O                 2.0000000000   -0.5000000000   -0.9987995952 
    306       O                 2.0000000000   -0.5000000000    0.0000002457 
    307       O                 2.0000000000   -0.5000000000    0.9987995269 
    308       O                 2.0000000000   -0.5000000000    1.9971387538 
    309       O                 0.4999994818   -1.9999595958   -2.0246982724 
    310       O                -0.5000000000    2.0000000000   -0.9987995952 
    311       O                -0.5000000000    2.0000000000    0.0000002457 
    312       O                -0.5000000000    2.0000000000    0.9987995269 
    313       O                -0.5000000000    2.0000000000    1.9971387538 
    314       O                -0.5000005182   -1.9999595958   -2.0246982724 
    315       O                 0.4999994818    2.0000404042   -2.0246982724 
    316       O                 0.5000000000   -2.0000000000   -0.9987995952 
    317       O                 0.5000000000   -2.0000000000    0.0000002457 
    318       O                 0.5000000000   -2.0000000000    0.9987995269 
    319       O                 0.5000000000   -2.0000000000    1.9971387538 
    320       O                -0.5000005182    2.0000404042   -2.0246982724 
    321       O                -2.0000000000    0.5000000000   -0.9987995952 
    322       O                -2.0000000000    0.5000000000    0.0000002457 
    323       O                -2.0000000000    0.5000000000    0.9987995269 
    324       O                -2.0000000000    0.5000000000    1.9971387538 
    325       O                -2.0000011500    0.5000103152   -2.0669053911 
    326       H                -2.0000029871    0.5000139431   -2.3092931900 
    327       O                -0.5000000000   -2.0000000000   -0.9987995952 
    328       O                -0.5000000000   -2.0000000000    0.0000002457 
    329       O                -0.5000000000   -2.0000000000    0.9987995269 
    330       O                -0.5000000000   -2.0000000000    1.9971387538 
    331       O                -2.0000011500   -0.4999896848   -2.0669053911 
    332       H                -2.0000029871   -0.4999860569   -2.3092931900 
    333       O                -2.0000000000   -0.5000000000   -0.9987995952 
    334       O                -2.0000000000   -0.5000000000    0.0000002457 
    335       O                -2.0000000000   -0.5000000000    0.9987995269 
    336       O                -2.0000000000   -0.5000000000    1.9971387538 
    337       Ti                1.5000001783    1.4999188934   -1.9770134396 
    338       Ti               -1.4999998217    1.4999188934   -1.9770134396 
    339       Ti                1.5000000000    1.5000000000   -0.9945756786 
    340       O                 1.5000000000    1.5000000000   -0.5005608276 
    341       Ti                1.5000000000    1.5000000000    0.0000000000 
    342       O                 1.5000000000    1.5000000000    0.5005611904 
    343       Ti                1.5000000000    1.5000000000    0.9945756879 
    344       O                 1.5000000000    1.5000000000    1.5041008908 
    345       Ti                1.5000000000    1.5000000000    1.9704983581 
    346       O                 1.5000022012    1.5000061283   -1.5204778458 
    347       O                 1.5000022012   -1.4999938717   -1.5204778458 
    348       Ti                1.5000000000   -1.5000000000   -0.9945756786 
    349       O                 1.5000000000   -1.5000000000   -0.5005608276 
    350       Ti                1.5000000000   -1.5000000000    0.0000000000 
    351       O                 1.5000000000   -1.5000000000    0.5005611904 
    352       Ti                1.5000000000   -1.5000000000    0.9945756879 
    353       O                 1.5000000000   -1.5000000000    1.5041008908 
    354       Ti                1.5000000000   -1.5000000000    1.9704983581 
    355       Ti               -1.5000000000    1.5000000000   -0.9945756786 
    356       O                -1.5000000000    1.5000000000   -0.5005608276 
    357       Ti               -1.5000000000    1.5000000000    0.0000000000 
    358       O                -1.5000000000    1.5000000000    0.5005611904 
    359       Ti               -1.5000000000    1.5000000000    0.9945756879 
    360       O                -1.5000000000    1.5000000000    1.5041008908 
    361       Ti               -1.5000000000    1.5000000000    1.9704983581 
    362       O                -1.4999977988    1.5000061283   -1.5204778458 
    363       O                -1.4999977988   -1.4999938717   -1.5204778458 
    364       Ti               -1.5000000000   -1.5000000000   -0.9945756786 
    365       O                -1.5000000000   -1.5000000000   -0.5005608276 
    366       Ti               -1.5000000000   -1.5000000000    0.0000000000 
    367       O                -1.5000000000   -1.5000000000    0.5005611904 
    368       Ti               -1.5000000000   -1.5000000000    0.9945756879 
    369       O                -1.5000000000   -1.5000000000    1.5041008908 
    370       Ti               -1.5000000000   -1.5000000000    1.9704983581 
    371       Ti                1.5000001783   -1.5000811066   -1.9770134396 
    372       Ti               -1.4999998217   -1.5000811066   -1.9770134396 
    373       Ba                1.0000020044    1.9999905856   -1.4861647906 
    374       Ba                2.0000020044    0.9999905856   -1.4861647906 
    375       Ba                2.0000000000    1.0000000000   -0.5037462655 
    376       Ba                2.0000000000    1.0000000000    0.5037469551 
    377       Ba                2.0000000000    1.0000000000    1.5261391117 
    378       Ba                1.0000000000    2.0000000000   -0.5037462655 
    379       Ba                1.0000000000    2.0000000000    0.5037469551 
    380       Ba                1.0000000000    2.0000000000    1.5261391117 
    381       Ba                2.0000000000   -1.0000000000   -0.5037462655 
    382       Ba                2.0000000000   -1.0000000000    0.5037469551 
    383       Ba                2.0000000000   -1.0000000000    1.5261391117 
    384       Ba               -0.9999979956    1.9999905856   -1.4861647906 
    385       Ba                2.0000020044   -1.0000094144   -1.4861647906 
    386       Ba               -1.0000000000    2.0000000000   -0.5037462655 
    387       Ba               -1.0000000000    2.0000000000    0.5037469551 
    388       Ba               -1.0000000000    2.0000000000    1.5261391117 
    389       Ba                1.0000000000   -2.0000000000   -0.5037462655 
    390       Ba                1.0000000000   -2.0000000000    0.5037469551 
    391       Ba                1.0000000000   -2.0000000000    1.5261391117 
    392       Ba               -1.9999979956    0.9999905856   -1.4861647906 
    393       Ba                1.0000020044   -2.0000094144   -1.4861647906 
    394       Ba               -2.0000000000    1.0000000000   -0.5037462655 
    395       Ba               -2.0000000000    1.0000000000    0.5037469551 
    396       Ba               -2.0000000000    1.0000000000    1.5261391117 
    397       Ba               -1.0000000000   -2.0000000000   -0.5037462655 
    398       Ba               -1.0000000000   -2.0000000000    0.5037469551 
    399       Ba               -1.0000000000   -2.0000000000    1.5261391117 
    400       Ba               -2.0000000000   -1.0000000000   -0.5037462655 
    401       Ba               -2.0000000000   -1.0000000000    0.5037469551 
    402       Ba               -2.0000000000   -1.0000000000    1.5261391117 
    403       Ba               -1.9999979956   -1.0000094144   -1.4861647906 
    404       Ba               -0.9999979956   -2.0000094144   -1.4861647906 
    405       O                 2.0000000000    1.5000000000   -0.9987995952 
    406       O                 2.0000000000    1.5000000000    0.0000002457 
    407       O                 2.0000000000    1.5000000000    0.9987995269 
    408       O                 2.0000000000    1.5000000000    1.9971387538 
    409       O                 1.5000000000    2.0000000000   -0.9987995952 
    410       O                 1.5000000000    2.0000000000    0.0000002457 
    411       O                 1.5000000000    2.0000000000    0.9987995269 
    412       O                 1.5000000000    2.0000000000    1.9971387538 
    413       O                 1.9999988500    1.5000103152   -2.0669053911 
    414       H                 1.9999970129    1.5000139431   -2.3092931900 
    415       O                 2.4999994818    0.0000404042   -2.0246982724 
    416       O                 2.5000000000    0.0000000000   -0.9987995952 
    417       O                 2.5000000000    0.0000000000    0.0000002457 
    418       O                 2.5000000000    0.0000000000    0.9987995269 
    419       O                 2.5000000000    0.0000000000    1.9971387538 
    420       O                 1.4999994818   -1.9999595958   -2.0246982724 
    421       O                 0.0000000000    2.5000000000   -0.9987995952 
    422       O                 0.0000000000    2.5000000000    0.0000002457 
    423       O                 0.0000000000    2.5000000000    0.9987995269 
    424       O                 0.0000000000    2.5000000000    1.9971387538 
    425       H                 1.9999970129   -1.4999860569   -2.3092931900 
    426       O                 1.9999988500   -1.4999896848   -2.0669053911 
    427       O                -0.0000011500    2.5000103152   -2.0669053911 
    428       H                -0.0000029871    2.5000139431   -2.3092931900 
    429       O                 2.0000000000   -1.5000000000   -0.9987995952 
    430       O                 2.0000000000   -1.5000000000    0.0000002457 
    431       O                 2.0000000000   -1.5000000000    0.9987995269 
    432       O                 2.0000000000   -1.5000000000    1.9971387538 
    433       O                 1.4999994818    2.0000404042   -2.0246982724 
    434       O                -1.5000000000    2.0000000000   -0.9987995952 
    435       O                -1.5000000000    2.0000000000    0.0000002457 
    436       O                -1.5000000000    2.0000000000    0.9987995269 
    437       O                -1.5000000000    2.0000000000    1.9971387538 
    438       O                 1.5000000000   -2.0000000000   -0.9987995952 
    439       O                 1.5000000000   -2.0000000000    0.0000002457 
    440       O                 1.5000000000   -2.0000000000    0.9987995269 
    441       O                 1.5000000000   -2.0000000000    1.9971387538 
    442       O                -1.5000005182   -1.9999595958   -2.0246982724 
    443       O                -2.0000000000    1.5000000000   -0.9987995952 
    444       O                -2.0000000000    1.5000000000    0.0000002457 
    445       O                -2.0000000000    1.5000000000    0.9987995269 
    446       O                -2.0000000000    1.5000000000    1.9971387538 
    447       O                -2.0000011500    1.5000103152   -2.0669053911 
    448       H                -2.0000029871    1.5000139431   -2.3092931900 
    449       O                -1.5000005182    2.0000404042   -2.0246982724 
    450       H                -2.0000029871   -1.4999860569   -2.3092931900 
    451       O                -2.0000011500   -1.4999896848   -2.0669053911 
    452       O                -1.5000000000   -2.0000000000   -0.9987995952 
    453       O                -1.5000000000   -2.0000000000    0.0000002457 
    454       O                -1.5000000000   -2.0000000000    0.9987995269 
    455       O                -1.5000000000   -2.0000000000    1.9971387538 
    456       O                -2.0000000000   -1.5000000000   -0.9987995952 
    457       O                -2.0000000000   -1.5000000000    0.0000002457 
    458       O                -2.0000000000   -1.5000000000    0.9987995269 
    459       O                -2.0000000000   -1.5000000000    1.9971387538 
    460       Ti                0.5000001783    2.4999188934   -1.9770134396 
    461       Ti               -0.4999998217    2.4999188934   -1.9770134396 
    462       Ti                2.5000001783    0.4999188934   -1.9770134396 
    463       Ti                2.5000000000    0.5000000000   -0.9945756786 
    464       O                 2.5000000000    0.5000000000   -0.5005608276 
    465       Ti                2.5000000000    0.5000000000    0.0000000000 
    466       O                 2.5000000000    0.5000000000    0.5005611904 
    467       Ti                2.5000000000    0.5000000000    0.9945756879 
    468       O                 2.5000000000    0.5000000000    1.5041008908 
    469       Ti                2.5000000000    0.5000000000    1.9704983581 
    470       O                 2.5000022012    0.5000061283   -1.5204778458 
    471       Ti                0.5000000000    2.5000000000   -0.9945756786 
    472       O                 0.5000000000    2.5000000000   -0.5005608276 
    473       Ti                0.5000000000    2.5000000000    0.0000000000 
    474       O                 0.5000000000    2.5000000000    0.5005611904 
    475       Ti                0.5000000000    2.5000000000    0.9945756879 
    476       O                 0.5000000000    2.5000000000    1.5041008908 
    477       Ti                0.5000000000    2.5000000000    1.9704983581 
    478       Ti                2.5000000000   -0.5000000000   -0.9945756786 
    479       O                 2.5000000000   -0.5000000000   -0.5005608276 
    480       Ti                2.5000000000   -0.5000000000    0.0000000000 
    481       O                 2.5000000000   -0.5000000000    0.5005611904 
    482       Ti                2.5000000000   -0.5000000000    0.9945756879 
    483       O                 2.5000000000   -0.5000000000    1.5041008908 
    484       Ti                2.5000000000   -0.5000000000    1.9704983581 
    485       O                 2.5000022012   -0.4999938717   -1.5204778458 
    486       O                 0.5000022012    2.5000061283   -1.5204778458 
    487       Ti               -0.5000000000    2.5000000000   -0.9945756786 
    488       O                -0.5000000000    2.5000000000   -0.5005608276 
    489       Ti               -0.5000000000    2.5000000000    0.0000000000 
    490       O                -0.5000000000    2.5000000000    0.5005611904 
    491       Ti               -0.5000000000    2.5000000000    0.9945756879 
    492       O                -0.5000000000    2.5000000000    1.5041008908 
    493       Ti               -0.5000000000    2.5000000000    1.9704983581 
    494       O                -0.4999977988    2.5000061283   -1.5204778458 
    495       Ti                2.5000001783   -0.5000811066   -1.9770134396 
    496       O                 2.5000000000    1.0000000000   -0.9987995952 
    497       O                 2.5000000000    1.0000000000    0.0000002457 
    498       O                 2.5000000000    1.0000000000    0.9987995269 
    499       O                 2.5000000000    1.0000000000    1.9971387538 
    500       O                 1.0000000000    2.5000000000   -0.9987995952 
    501       O                 1.0000000000    2.5000000000    0.0000002457 
    502       O                 1.0000000000    2.5000000000    0.9987995269 
    503       O                 1.0000000000    2.5000000000    1.9971387538 
    504       O                 2.4999994818   -0.9999595958   -2.0246982724 
    505       O                 0.9999988500    2.5000103152   -2.0669053911 
    506       O                 2.4999994818    1.0000404042   -2.0246982724 
    507       H                 0.9999970129    2.5000139431   -2.3092931900 
    508       O                 2.5000000000   -1.0000000000   -0.9987995952 
    509       O                 2.5000000000   -1.0000000000    0.0000002457 
    510       O                 2.5000000000   -1.0000000000    0.9987995269 
    511       O                 2.5000000000   -1.0000000000    1.9971387538 
    512       O                -1.0000000000    2.5000000000   -0.9987995952 
    513       O                -1.0000000000    2.5000000000    0.0000002457 
    514       O                -1.0000000000    2.5000000000    0.9987995269 
    515       O                -1.0000000000    2.5000000000    1.9971387538 
    516       O                -1.0000011500    2.5000103152   -2.0669053911 
    517       H                -1.0000029871    2.5000139431   -2.3092931900 
    518       Ba                2.0000020044    1.9999905856   -1.4861647906 
    519       Ba                2.0000000000    2.0000000000   -0.5037462655 
    520       Ba                2.0000000000    2.0000000000    0.5037469551 
    521       Ba                2.0000000000    2.0000000000    1.5261391117 
    522       Ba                2.0000000000   -2.0000000000   -0.5037462655 
    523       Ba                2.0000000000   -2.0000000000    0.5037469551 
    524       Ba                2.0000000000   -2.0000000000    1.5261391117 
    525       Ba               -1.9999979956    1.9999905856   -1.4861647906 
    526       Ba                2.0000020044   -2.0000094144   -1.4861647906 
    527       Ba               -2.0000000000    2.0000000000   -0.5037462655 
    528       Ba               -2.0000000000    2.0000000000    0.5037469551 
    529       Ba               -2.0000000000    2.0000000000    1.5261391117 
    530       Ba               -2.0000000000   -2.0000000000   -0.5037462655 
    531       Ba               -2.0000000000   -2.0000000000    0.5037469551 
    532       Ba               -2.0000000000   -2.0000000000    1.5261391117 
    533       Ba               -1.9999979956   -2.0000094144   -1.4861647906 
    534       Ti                1.5000001783    2.4999188934   -1.9770134396 
    535       Ti                2.5000001783    1.4999188934   -1.9770134396 
    536       Ti               -1.4999998217    2.4999188934   -1.9770134396 
    537       Ti                2.5000000000    1.5000000000   -0.9945756786 
    538       O                 2.5000000000    1.5000000000   -0.5005608276 
    539       Ti                2.5000000000    1.5000000000    0.0000000000 
    540       O                 2.5000000000    1.5000000000    0.5005611904 
    541       Ti                2.5000000000    1.5000000000    0.9945756879 
    542       O                 2.5000000000    1.5000000000    1.5041008908 
    543       Ti                2.5000000000    1.5000000000    1.9704983581 
    544       Ti                1.5000000000    2.5000000000   -0.9945756786 
    545       O                 1.5000000000    2.5000000000   -0.5005608276 
    546       Ti                1.5000000000    2.5000000000    0.0000000000 
    547       O                 1.5000000000    2.5000000000    0.5005611904 
    548       Ti                1.5000000000    2.5000000000    0.9945756879 
    549       O                 1.5000000000    2.5000000000    1.5041008908 
    550       Ti                1.5000000000    2.5000000000    1.9704983581 
    551       O                 2.5000022012    1.5000061283   -1.5204778458 
    552       O                 1.5000022012    2.5000061283   -1.5204778458 
    553       O                 2.5000022012   -1.4999938717   -1.5204778458 
    554       Ti                2.5000000000   -1.5000000000   -0.9945756786 
    555       O                 2.5000000000   -1.5000000000   -0.5005608276 
    556       Ti                2.5000000000   -1.5000000000    0.0000000000 
    557       O                 2.5000000000   -1.5000000000    0.5005611904 
    558       Ti                2.5000000000   -1.5000000000    0.9945756879 
    559       O                 2.5000000000   -1.5000000000    1.5041008908 
    560       Ti                2.5000000000   -1.5000000000    1.9704983581 
    561       Ti               -1.5000000000    2.5000000000   -0.9945756786 
    562       O                -1.5000000000    2.5000000000   -0.5005608276 
    563       Ti               -1.5000000000    2.5000000000    0.0000000000 
    564       O                -1.5000000000    2.5000000000    0.5005611904 
    565       Ti               -1.5000000000    2.5000000000    0.9945756879 
    566       O                -1.5000000000    2.5000000000    1.5041008908 
    567       Ti               -1.5000000000    2.5000000000    1.9704983581 
    568       O                -1.4999977988    2.5000061283   -1.5204778458 
    569       Ti                2.5000001783   -1.5000811066   -1.9770134396 
    570       O                 2.5000000000    2.0000000000   -0.9987995952 
    571       O                 2.5000000000    2.0000000000    0.0000002457 
    572       O                 2.5000000000    2.0000000000    0.9987995269 
    573       O                 2.5000000000    2.0000000000    1.9971387538 
    574       O                 2.0000000000    2.5000000000   -0.9987995952 
    575       O                 2.0000000000    2.5000000000    0.0000002457 
    576       O                 2.0000000000    2.5000000000    0.9987995269 
    577       O                 2.0000000000    2.5000000000    1.9971387538 
    578       O                 2.4999994818   -1.9999595958   -2.0246982724 
    579       O                 1.9999988500    2.5000103152   -2.0669053911 
    580       H                 1.9999970129    2.5000139431   -2.3092931900 
    581       O                 2.4999994818    2.0000404042   -2.0246982724 
    582       O                 2.5000000000   -2.0000000000   -0.9987995952 
    583       O                 2.5000000000   -2.0000000000    0.0000002457 
    584       O                 2.5000000000   -2.0000000000    0.9987995269 
    585       O                 2.5000000000   -2.0000000000    1.9971387538 
    586       O                -2.0000000000    2.5000000000   -0.9987995952 
    587       O                -2.0000000000    2.5000000000    0.0000002457 
    588       O                -2.0000000000    2.5000000000    0.9987995269 
    589       O                -2.0000000000    2.5000000000    1.9971387538 
    590       O                -2.0000011500    2.5000103152   -2.0669053911 
    591       H                -2.0000029871    2.5000139431   -2.3092931900 
    592       Ti                2.5000001783    2.4999188934   -1.9770134396 
    593       Ti                2.5000000000    2.5000000000   -0.9945756786 
    594       O                 2.5000000000    2.5000000000   -0.5005608276 
    595       Ti                2.5000000000    2.5000000000    0.0000000000 
    596       O                 2.5000000000    2.5000000000    0.5005611904 
    597       Ti                2.5000000000    2.5000000000    0.9945756879 
    598       O                 2.5000000000    2.5000000000    1.5041008908 
    599       Ti                2.5000000000    2.5000000000    1.9704983581 
    600       O                 2.5000022012    2.5000061283   -1.5204778458 
