primitive lattice vectors  2  2  1
  8.00000000  0.00000000  0.00000000
  0.00000000  8.00000000  0.00000000
  0.00000000  0.00000000 80.00000000
number of atoms in unit cell
844
atom, type, position vector
      1       Ba                0.0218904696    0.0218408108   -0.4742867840 
      2       Ba                0.0312139633    0.0145295186   -1.5277043531 
      3       O                -0.4661282349    0.0362935278   -0.9937914624 
      4       O                 0.0417942506   -0.4726932928   -0.9968038707 
      5       O                -0.4919601476   -0.0095039094   -2.0007366303 
      6       O                -0.0077945362   -0.4958820381    0.0126467312 
      7       O                -0.4958927050   -0.0078235549    0.0125769816 
      8       O                -0.0008006823    0.5030169042   -1.9941084790 
      9       O                 0.5013776395   -0.0520844755   -2.0247749666 
     10       O                -0.0077649976    0.5040779304    0.0126131198 
     11       O                 0.5041491920   -0.0077976598    0.0125546084 
     12       O                -0.0153505311   -0.5106102400   -1.9995292690 
     13       H                 0.4907334968    0.1451178100   -2.3853074897 
     14       O                 0.5302296845    0.0369735713   -1.0008646130 
     15       O                 0.0373963441    0.5303613001   -0.9943267700 
     16       O                 0.5108624083    0.3714524804   -2.4962965401 
     17       Ti               -0.4561895985   -0.4562058247   -0.0181691502 
     18       Ti               -0.4585076863   -0.4607674310   -1.9694552286 
     19       O                -0.4797123454   -0.4797930484   -0.4901493331 
     20       O                -0.4821559925   -0.4823354178   -1.4960304868 
     21       Ti                0.4959642786    0.4953352388   -1.0085008864 
     22       Ti               -0.4986829126    0.4940706536   -0.9946652440 
     23       O                -0.4778430767    0.5169570055   -1.4967907500 
     24       Ti               -0.4524053412    0.5403525965   -1.9676899826 
     25       O                -0.4796716572    0.5202156499   -0.4901876582 
     26       O                 0.5202733162   -0.4797432524   -0.4901957640 
     27       Ti               -0.4561391601    0.5437494574   -0.0180932257 
     28       Ti                0.5438123398   -0.4561839357   -0.0181231430 
     29       Ti                0.4992981296   -0.5046977397   -0.9942724206 
     30       Ti               -0.5023353971   -0.5028406844   -0.9953587778 
     31       O                 0.5270002448   -0.4921224190   -1.5006423086 
     32       O                 0.5171202430    0.5221124437   -1.5025204792 
     33       O                 0.5203788217    0.5202558718   -0.4902160573 
     34       Ti                0.5558749264   -0.4953954586   -1.9710824884 
     35       Ti                0.5438781492    0.5437142836   -0.0182291248 
     36       Ti                0.5391097487    0.5738761501   -1.9993507909 
     37       H                 0.7404169395    0.3794233961   -2.5734644979 
     38       Ba               -0.9767171135    0.0194445517   -1.5132970694 
     39       Ba               -0.9780956723    0.0218097050   -0.4742842423 
     40       Ba                0.0218820914   -0.9781420429   -0.4742406794 
     41       Ba                0.0200533611   -0.9831204932   -1.5131317278 
     42       Ba                1.0126735194    0.0235336028   -1.5271629494 
     43       Ba                0.0219020459    1.0218198140   -0.4742016073 
     44       Ba                1.0219133590    0.0218183003   -0.4742855749 
     45       Ba                0.0205731977    1.0233160819   -1.5115734040 
     46       O                -0.9607682708   -0.4703333225   -0.9924561850 
     47       O                -0.4688745348   -0.9623009205   -0.9920600516 
     48       O                -0.9588884993    0.5280490516   -0.9936317559 
     49       O                 0.5334209137   -0.9638839824   -0.9911432167 
     50       O                -0.4913473892    0.9878230894   -1.9985811524 
     51       O                -0.4958918715    0.9921191400    0.0126280194 
     52       O                 0.9921696884   -0.4959020307    0.0126108913 
     53       O                 0.5042016074    0.9921091160    0.0126216214 
     54       O                 0.9922601432    0.5040381232    0.0125893819 
     55       O                 0.9898075180    0.5153545639   -2.0033317948 
     56       O                -1.0034881937    0.5008831194   -1.9970098345 
     57       O                -1.0077751700   -0.4959545853    0.0126255511 
     58       O                -0.4958935903   -1.0079097620    0.0126486885 
     59       O                -1.0111684315   -0.4960558927   -2.0013286633 
     60       O                -1.0077768500    0.5040271000    0.0125982324 
     61       O                 0.5041106870   -1.0077960510    0.0126139689 
     62       O                -0.5030058753   -1.0101373249   -1.9997054878 
     63       O                 0.5043193387   -1.0121961825   -2.0085377949 
     64       O                 1.0077055458   -0.5138895991   -2.0013853094 
     65       O                 0.5049191253    1.0142472723   -2.0067296508 
     66       O                 1.0388004281   -0.4687216018   -0.9937221301 
     67       O                -0.4682976998    1.0396653464   -0.9938592593 
     68       O                 1.0384519395    0.5305800893   -0.9957330191 
     69       O                 0.5303794012    1.0416712266   -0.9978863947 
     70       Ba               -0.9780886162   -0.9781962739   -0.4742014545 
     71       Ba               -0.9807924572   -0.9790958733   -1.5129077038 
     72       Ba               -0.9759158363    1.0184973793   -1.5119055949 
     73       Ba               -0.9781013422    1.0218227860   -0.4742465697 
     74       Ba                1.0219410130   -0.9781449543   -0.4742868644 
     75       Ba                1.0294835280   -0.9871039123   -1.5075992291 
     76       Ba                1.0219213210    1.0218575880   -0.4742067634 
     77       Ba                1.0209067587    1.0236989557   -1.5133088016 
     78       O                -1.4681662518    0.0377667479   -0.9924206254 
     79       O                 0.0402397244   -1.4704478290   -0.9930634130 
     80       O                -0.0119776906   -1.4949191991   -1.9972558578 
     81       O                -1.4958823830   -0.0078544159    0.0126275219 
     82       O                -0.0077325353   -1.4959227750    0.0126196566 
     83       O                -1.4971527125   -0.0064809143   -2.0004329043 
     84       O                 1.5006063825   -0.0070558249   -2.0033932409 
     85       O                -0.0077682954    1.5040620470    0.0126294036 
     86       O                 1.5041045620   -0.0078028665    0.0125887505 
     87       O                -0.0084053483    1.5087039356   -2.0000098368 
     88       Ti               -1.4561502240   -0.4562098900   -0.0180746520 
     89       Ti               -0.4561178185   -1.4562618310   -0.0180914902 
     90       Ti               -0.4594561244   -1.4578132127   -1.9678669620 
     91       Ti               -1.4590307743   -0.4560367449   -1.9686220994 
     92       O                 1.5294708066    0.0386254407   -0.9945410743 
     93       O                 0.0389892970    1.5324293872   -0.9924756858 
     94       Ti               -1.4521686307    0.5401344084   -1.9686432522 
     95       Ti               -1.4561443480    0.5437573163   -0.0181173091 
     96       Ti                0.5438538146   -1.4561673320   -0.0180864736 
     97       O                -1.4796863530   -0.4797851515   -0.4901581583 
     98       O                -0.4796950462   -1.4797874770   -0.4901692708 
     99       O                -1.4813160576   -0.4798530495   -1.4971997096 
    100       O                -0.4827836398   -1.4806508503   -1.4947812664 
    101       Ti                0.5482389479   -1.4673513673   -1.9678240829 
    102       O                -1.4791569067    0.5178919656   -1.4975421052 
    103       O                -1.4796799700    0.5201863523   -0.4901845290 
    104       O                 0.5203919317   -1.4796769370   -0.4901799524 
    105       O                 0.5212662411   -1.4808356211   -1.4985494426 
    106       Ti                1.4952806562    0.4969176389   -0.9938768313 
    107       Ti                1.4967058894   -0.5002818858   -0.9939280608 
    108       Ti                0.4977126751    1.4990326687   -0.9924352383 
    109       Ti               -0.5021320153    1.4975468291   -0.9926335572 
    110       Ti               -1.5011220578    0.4964644191   -0.9930509834 
    111       Ti                0.4986648157   -1.5023250021   -0.9914427532 
    112       Ti               -0.5037874792   -1.5018266236   -0.9929554655 
    113       Ti               -1.5028180258   -0.5018205476   -0.9929873347 
    114       O                 1.5202866483   -0.4792654601   -1.4975401813 
    115       O                -0.4796969233    1.5202556190   -0.4901703987 
    116       O                -0.4800422416    1.5202263841   -1.4961247910 
    117       O                 1.5203670190   -0.4797007562   -0.4901687987 
    118       O                 1.5181184399    0.5202699224   -1.4990871128 
    119       O                 0.5203405889    1.5202743750   -0.4901647318 
    120       O                 1.5203970090    0.5203017895   -0.4902173883 
    121       Ti                1.5422746543   -0.4564026585   -1.9680483643 
    122       Ti               -0.4561680625    1.5437680670   -0.0182036375 
    123       Ti                1.5438257280   -0.4561935995   -0.0181961766 
    124       Ti               -0.4580217289    1.5449465273   -1.9676704247 
    125       O                 0.5179178484    1.5278945925   -1.4998302066 
    126       Ti                0.5438368922    1.5437782510   -0.0181689002 
    127       Ti                1.5438455260    0.5437818929   -0.0181315404 
    128       Ti                1.5436924289    0.5461808237   -1.9686392336 
    129       Ti                0.5417380613    1.5542197635   -1.9688792027 
    130       O                -1.4700510029   -0.9609093127   -0.9925739148 
    131       O                -0.9625510405   -1.4693391059   -0.9910286547 
    132       O                -1.4923839611    0.9888552251   -2.0006253577 
    133       O                -1.4958645630    0.9921095553    0.0125958492 
    134       O                 0.9922037868   -1.4958778580    0.0126863211 
    135       O                -1.4674680133    1.0373562653   -0.9919515639 
    136       O                 0.9964394598   -1.4991345640   -1.9960651430 
    137       O                 1.5040956560    0.9921454695    0.0126093343 
    138       O                 0.9922095147    1.5040887150    0.0126745028 
    139       O                 1.0413815210   -1.4715948651   -0.9927858872 
    140       O                 1.5035410478    0.9961395261   -2.0021130773 
    141       O                -1.4958562590   -1.0078390730    0.0126397226 
    142       O                -1.0078010010   -1.4959951230    0.0125700814 
    143       O                -1.0027704186    1.5000689862   -1.9967548346 
    144       O                -1.4961794315   -1.0090289053   -1.9982857009 
    145       O                 0.9884913009    1.5125321508   -2.0000730002 
    146       O                 1.5308226406   -0.9603503786   -0.9940617430 
    147       O                -0.9615052269    1.5301997568   -0.9916372522 
    148       O                -1.0099056166   -1.4988061052   -1.9994168155 
    149       O                -1.0077730090    1.5040347950    0.0126227711 
    150       O                 1.5041436500   -1.0078522930    0.0126229492 
    151       O                 1.5111071410   -1.0146618423   -1.9989727865 
    152       O                 1.5310901917    1.0377694766   -0.9933037087 
    153       O                 1.0401485680    1.5307303110   -0.9937830781 
    154       Ba                0.0191349359   -1.9768338926   -1.5107189085 
    155       Ba               -1.9780395340    0.0218421494   -0.4743123636 
    156       Ba                0.0219219769   -1.9781248870   -0.4743089502 
    157       Ba               -1.9796930296    0.0221919122   -1.5136412327 
    158       O                -1.9610990223   -0.4682434369   -0.9926956532 
    159       O                -0.4701591769   -1.9607972992   -0.9918396940 
    160       Ba                2.0203069704    0.0221919122   -1.5136412327 
    161       Ba                0.0219219769    2.0218751130   -0.4743089502 
    162       Ba                2.0219604660    0.0218421494   -0.4743123636 
    163       Ba                0.0191349359    2.0231661074   -1.5107189085 
    164       O                -1.9597577510    0.5292502492   -0.9941593779 
    165       O                 0.5324364013   -1.9609383657   -0.9923519026 
    166       O                 1.9921066365   -0.4959735877   -2.0012228457 
    167       O                -0.4958820865    1.9921460770    0.0126348923 
    168       O                 1.9921862940   -0.4959245108    0.0126469668 
    169       O                 1.9902891023    0.5054510138   -2.0008254804 
    170       O                -0.4983899043    1.9924551109   -1.9987656087 
    171       O                 0.5041371571    1.9921557280    0.0126195467 
    172       O                 1.9922044050    0.5040581286    0.0126342226 
    173       O                 0.5011093334   -1.9940833837   -2.0033827794 
    174       Ti               -1.4561807610   -1.4562370080   -0.0181935746 
    175       Ti               -1.4583320639   -1.4571984723   -1.9672375228 
    176       O                 0.5011093334    2.0059166163   -2.0033827794 
    177       O                -2.0078137060   -0.4959245108    0.0126469668 
    178       O                -0.4958820865   -2.0078539230    0.0126348923 
    179       O                -2.0078933635   -0.4959735877   -2.0012228457 
    180       O                -0.4983899043   -2.0075448891   -1.9987656087 
    181       O                -2.0077955950    0.5040581286    0.0126342226 
    182       O                 0.5041371571   -2.0078442720    0.0126195467 
    183       O                -2.0097108977    0.5054510138   -2.0008254804 
    184       O                 2.0389009777   -0.4682434369   -0.9926956532 
    185       O                -0.4701591769    2.0392027008   -0.9918396940 
    186       O                -1.4797805640   -1.4798183460   -0.4901612362 
    187       O                -1.4802951647   -1.4813107993   -1.4949553515 
    188       O                 0.5324364013    2.0390616343   -0.9923519026 
    189       O                 2.0402422490    0.5292502492   -0.9941593779 
    190       Ti               -1.4531637505    1.5398063582   -1.9673046953 
    191       O                -1.4777730070    1.5166785507   -1.4957315046 
    192       Ti                1.4994037582    1.4965934384   -0.9922390561 
    193       Ti               -1.5003755441    1.4960840694   -0.9923531309 
    194       O                -1.4796653130    1.5202906030   -0.4901601391 
    195       O                 1.5203183360   -1.4797471760   -0.4901891195 
    196       Ti               -1.4561443190    1.5437915710   -0.0181052489 
    197       Ti                1.5438324320   -1.4562462350   -0.0182160067 
    198       Ti               -1.5018056943   -1.5025210646   -0.9926548105 
    199       Ti                1.5013470931   -1.5037423993   -0.9917268892 
    200       O                 1.5241328991   -1.4843970520   -1.4964357165 
    201       Ti                1.5494580137   -1.4616613892   -1.9683986961 
    202       O                 1.5209390338    1.5179792361   -1.4980179138 
    203       O                 1.5203413090    1.5202999050   -0.4901986381 
    204       Ti                1.5438335550    1.5437826980   -0.0182310976 
    205       Ti                1.5490154020    1.5399793470   -1.9688379805 
    206       Ba               -1.9780850830   -0.9781637321   -0.4742307488 
    207       Ba               -0.9781093603   -1.9781567180   -0.4742842873 
    208       Ba               -1.9783568320   -0.9785306520   -1.5122500074 
    209       Ba               -0.9795807422   -1.9794045557   -1.5114854984 
    210       Ba               -1.9758349469    1.0192414687   -1.5117020568 
    211       Ba               -1.9780516540    1.0218521500   -0.4742683428 
    212       Ba                1.0218733800   -1.9781371780   -0.4742727893 
    213       Ba                1.0270465376   -1.9805335461   -1.5098231217 
    214       Ba               -0.9795807422    2.0205954443   -1.5114854984 
    215       Ba                2.0216431680   -0.9785306520   -1.5122500074 
    216       Ba               -0.9781093603    2.0218432820   -0.4742842873 
    217       Ba                2.0219149170   -0.9781637321   -0.4742307488 
    218       Ba                1.0218733800    2.0218628220   -0.4742727893 
    219       Ba                2.0219483460    1.0218521500   -0.4742683428 
    220       Ba                1.0270465376    2.0194664539   -1.5098231217 
    221       Ba                2.0241650531    1.0192414687   -1.5117020568 
    222       O                -1.9616413755   -1.4693378851   -0.9911032369 
    223       O                -1.4696421931   -1.9615376944   -0.9921317185 
    224       O                 0.0389892970   -2.4675706128   -0.9924756858 
    225       O                -2.4705291934    0.0386254407   -0.9945410743 
    226       O                -1.4926280997    1.9871664055   -1.9984035043 
    227       O                -1.9602907261    1.5283870701   -0.9927642754 
    228       O                 1.5333918998   -1.9628213401   -0.9918460833 
    229       O                -1.4958687420    1.9921365400    0.0126671234 
    230       O                 1.9921952650   -1.4959750340    0.0126337925 
    231       O                -0.0084053483   -2.4912960644   -2.0000098368 
    232       O                -2.4958954380   -0.0078028665    0.0125887505 
    233       O                -0.0077682954   -2.4959379530    0.0126294036 
    234       O                 1.5040565150    1.9921484780    0.0125929014 
    235       O                 1.9921965180    1.5040724660    0.0126206884 
    236       O                 1.5090188329    1.9891330076   -2.0017169805 
    237       Ti               -0.4580217289   -2.4550534727   -1.9676704247 
    238       Ti               -2.4561742720   -0.4561935995   -0.0181961766 
    239       Ti               -0.4561680625   -2.4562319330   -0.0182036375 
    240       O                 1.9976148628    1.5004989112   -1.9961268392 
    241       O                -2.4993936175   -0.0070558249   -2.0033932409 
    242       Ti               -2.4577253457   -0.4564026585   -1.9680483643 
    243       O                 1.9990263822   -1.5009683130   -1.9971775538 
    244       O                -2.0009736178   -1.5009683130   -1.9971775538 
    245       O                -2.0023851372    1.5004989112   -1.9961268392 
    246       O                 2.5028472875   -0.0064809143   -2.0004329043 
    247       O                -1.4958687420   -2.0078634600    0.0126671234 
    248       O                -2.0078047350   -1.4959750340    0.0126337925 
    249       O                -0.0077325353    2.5040772250    0.0126196566 
    250       O                 2.5041176170   -0.0078544159    0.0126275219 
    251       Ti                0.5417380613   -2.4457802365   -1.9688792027 
    252       O                -0.0119776906    2.5050808009   -1.9972558578 
    253       O                -1.4926280997   -2.0128335945   -1.9984035043 
    254       O                -2.0078034820    1.5040724660    0.0126206884 
    255       O                 1.5040565150   -2.0078515220    0.0125929014 
    256       O                 2.0383586245   -1.4693378851   -0.9911032369 
    257       O                -1.4696421931    2.0384623056   -0.9921317185 
    258       O                 1.5090188329   -2.0108669924   -2.0017169805 
    259       Ti               -2.4561544740    0.5437818929   -0.0181315404 
    260       Ti                0.5438368922   -2.4562217490   -0.0181689002 
    261       Ti               -2.4563075711    0.5461808237   -1.9686392336 
    262       O                -2.4797133517   -0.4792654601   -1.4975401813 
    263       O                -2.4796329810   -0.4797007562   -0.4901687987 
    264       O                -0.4796969233   -2.4797443810   -0.4901703987 
    265       O                 0.5179178484   -2.4721054075   -1.4998302066 
    266       O                -0.4800422416   -2.4797736159   -1.4961247910 
    267       O                 0.0402397244    2.5295521710   -0.9930634130 
    268       O                 2.5318337482    0.0377667479   -0.9924206254 
    269       O                -2.4796029910    0.5203017895   -0.4902173883 
    270       O                 0.5203405889   -2.4797256250   -0.4901647318 
    271       O                -2.4818815601    0.5202699224   -1.4990871128 
    272       Ti                0.4986648157    2.4976749979   -0.9914427532 
    273       Ti                2.4971819742   -0.5018205476   -0.9929873347 
    274       Ti                2.4988779422    0.4964644191   -0.9930509834 
    275       Ti               -0.5037874792    2.4981733764   -0.9929554655 
    276       O                 2.0397092739    1.5283870701   -0.9927642754 
    277       O                 1.5333918998    2.0371786599   -0.9918460833 
    278       Ti                0.4977126751   -2.5009673313   -0.9924352383 
    279       Ti               -0.5021320153   -2.5024531709   -0.9926335572 
    280       Ti               -2.5032941106   -0.5002818858   -0.9939280608 
    281       Ti               -2.5047193438    0.4969176389   -0.9938768313 
    282       O                 2.5186839424   -0.4798530495   -1.4971997096 
    283       O                -0.4827836398    2.5193491497   -1.4947812664 
    284       O                -0.4796950462    2.5202125230   -0.4901692708 
    285       O                 2.5203136470   -0.4797851515   -0.4901581583 
    286       O                 0.5212662411    2.5191643789   -1.4985494426 
    287       O                 2.5203200300    0.5201863523   -0.4901845290 
    288       O                 2.5208430933    0.5178919656   -1.4975421052 
    289       O                 0.5203919317    2.5203230630   -0.4901799524 
    290       Ti                2.5409692257   -0.4560367449   -1.9686220994 
    291       Ti               -0.4594561244    2.5421867873   -1.9678669620 
    292       Ti               -0.4561178185    2.5437381690   -0.0180914902 
    293       Ti                2.5438497760   -0.4562098900   -0.0180746520 
    294       Ti                0.5482389479    2.5326486327   -1.9678240829 
    295       Ti                2.5438556520    0.5437573163   -0.0181173091 
    296       Ti                0.5438538146    2.5438326680   -0.0180864736 
    297       Ti                2.5478313693    0.5401344084   -1.9686432522 
    298       O                -2.4691773594   -0.9603503786   -0.9940617430 
    299       O                -0.9615052269   -2.4698002432   -0.9916372522 
    300       O                 0.9884913009   -2.4874678492   -2.0000730002 
    301       O                -2.4689098083    1.0377694766   -0.9933037087 
    302       O                 1.0401485680   -2.4692696890   -0.9937830781 
    303       O                -2.4959043440    0.9921454695    0.0126093343 
    304       O                 0.9922095147   -2.4959112850    0.0126745028 
    305       O                -2.4888928590   -1.0146618423   -1.9989727865 
    306       O                -2.4964589522    0.9961395261   -2.0021130773 
    307       O                -2.4958563500   -1.0078522930    0.0126229492 
    308       O                -1.0077730090   -2.4959652050    0.0126227711 
    309       O                 0.9964394598    2.5008654360   -1.9960651430 
    310       O                 2.5041354370    0.9921095553    0.0125958492 
    311       O                 0.9922037868    2.5041221420    0.0126863211 
    312       O                -1.0027704186   -2.4999310138   -1.9967548346 
    313       O                 2.5076160389    0.9888552251   -2.0006253577 
    314       O                -1.0099056166    2.5011938948   -1.9994168155 
    315       O                -1.0078010010    2.5040048770    0.0125700814 
    316       O                 2.5041437410   -1.0078390730    0.0126397226 
    317       O                 2.5038205685   -1.0090289053   -1.9982857009 
    318       O                 2.5299489971   -0.9609093127   -0.9925739148 
    319       O                -0.9625510405    2.5306608941   -0.9910286547 
    320       O                 1.0413815210    2.5284051349   -0.9927858872 
    321       O                 2.5325319867    1.0373562653   -0.9919515639 
    322       Ba               -1.9780669430   -1.9781562230   -0.4743028681 
    323       Ba               -1.9755809856   -1.9819145985   -1.5109835945 
    324       Ba               -1.9755809856    2.0180854015   -1.5109835945 
    325       Ba               -1.9780669430    2.0218437770   -0.4743028681 
    326       Ba                2.0219330570   -1.9781562230   -0.4743028681 
    327       Ba                2.0244190144   -1.9819145985   -1.5109835945 
    328       Ti               -2.4505419863   -1.4616613892   -1.9683986961 
    329       Ti               -1.4561443190   -2.4562084290   -0.0181052489 
    330       Ti               -2.4561675680   -1.4562462350   -0.0182160067 
    331       Ti               -1.4531637505   -2.4601936418   -1.9673046953 
    332       Ba                2.0244190144    2.0180854015   -1.5109835945 
    333       Ba                2.0219330570    2.0218437770   -0.4743028681 
    334       O                -2.4758671009   -1.4843970520   -1.4964357165 
    335       O                -1.4796653130   -2.4797093970   -0.4901601391 
    336       O                -2.4796816640   -1.4797471760   -0.4901891195 
    337       O                -1.4777730070   -2.4833214493   -1.4957315046 
    338       Ti               -2.4509845980    1.5399793470   -1.9688379805 
    339       Ti               -2.4561664450    1.5437826980   -0.0182310976 
    340       Ti                1.5438335550   -2.4562173020   -0.0182310976 
    341       O                -2.4790609662    1.5179792361   -1.4980179138 
    342       Ti                1.5490154020   -2.4600206530   -1.9688379805 
    343       O                -2.4796586910    1.5202999050   -0.4901986381 
    344       O                 1.5203413090   -2.4797000950   -0.4901986381 
    345       O                 1.5209390338   -2.4820207639   -1.4980179138 
    346       Ti                1.5013470931    2.4962576007   -0.9917268892 
    347       Ti                2.4996244559    1.4960840694   -0.9923531309 
    348       Ti               -1.5018056943    2.4974789354   -0.9926548105 
    349       Ti               -2.5005962418    1.4965934384   -0.9922390561 
    350       Ti                2.4981943057   -1.5025210646   -0.9926548105 
    351       Ti               -2.4986529069   -1.5037423993   -0.9917268892 
    352       Ti                1.4994037582   -2.5034065616   -0.9922390561 
    353       Ti               -1.5003755441   -2.5039159306   -0.9923531309 
    354       O                -1.4802951647    2.5186892007   -1.4949553515 
    355       O                -1.4797805640    2.5201816540   -0.4901612362 
    356       O                 2.5202194360   -1.4798183460   -0.4901612362 
    357       O                 2.5197048353   -1.4813107993   -1.4949553515 
    358       Ti                2.5416679361   -1.4571984723   -1.9672375228 
    359       Ti               -1.4561807610    2.5437629920   -0.0181935746 
    360       Ti                2.5438192390   -1.4562370080   -0.0181935746 
    361       Ti               -1.4583320639    2.5428015277   -1.9672375228 
    362       O                 1.5241328991    2.5156029480   -1.4964357165 
    363       O                 2.5222269930    1.5166785507   -1.4957315046 
    364       O                 1.5203183360    2.5202528240   -0.4901891195 
    365       O                 2.5203346870    1.5202906030   -0.4901601391 
    366       Ti                1.5494580137    2.5383386108   -1.9683986961 
    367       Ti                1.5438324320    2.5437537650   -0.0182160067 
    368       Ti                2.5438556810    1.5437915710   -0.0181052489 
    369       Ti                2.5468362495    1.5398063582   -1.9673046953 
    370       Ba                0.0205731977   -2.9766839181   -1.5115734040 
    371       Ba               -2.9780866410    0.0218183003   -0.4742855749 
    372       Ba                0.0219020459   -2.9781801860   -0.4742016073 
    373       Ba               -2.9873264806    0.0235336028   -1.5271629494 
    374       O                -0.4682976998   -2.9603346536   -0.9938592593 
    375       O                -2.9611995719   -0.4687216018   -0.9937221301 
    376       O                 0.5303794012   -2.9583287734   -0.9978863947 
    377       O                -2.9615480605    0.5305800893   -0.9957330191 
    378       Ba                0.0200533611    3.0168795068   -1.5131317278 
    379       Ba                0.0218820914    3.0218579571   -0.4742406794 
    380       Ba                3.0219043277    0.0218097050   -0.4742842423 
    381       Ba                3.0232828865    0.0194445517   -1.5132970694 
    382       O                 0.5049191253   -2.9857527277   -2.0067296508 
    383       O                 2.9888315685   -0.4960558927   -2.0013286633 
    384       O                 0.5043193387    2.9878038175   -2.0085377949 
    385       O                -0.5030058753    2.9898626751   -1.9997054878 
    386       O                -0.4958935903    2.9920902380    0.0126486885 
    387       O                 2.9922248300   -0.4959545853    0.0126255511 
    388       O                 2.9922231500    0.5040271000    0.0125982324 
    389       O                 0.5041106870    2.9922039490    0.0126139689 
    390       O                -2.9922944542   -0.5138895991   -2.0013853094 
    391       O                 2.9965118063    0.5008831194   -1.9970098345 
    392       O                -3.0078303116   -0.4959020307    0.0126108913 
    393       O                -0.4958918715   -3.0078808600    0.0126280194 
    394       O                -3.0077398568    0.5040381232    0.0125893819 
    395       O                 0.5042016074   -3.0078908840    0.0126216214 
    396       O                -0.4913473892   -3.0121769106   -1.9985811524 
    397       O                -3.0101924820    0.5153545639   -2.0033317948 
    398       O                -0.4688745348    3.0376990795   -0.9920600516 
    399       O                 3.0392317292   -0.4703333225   -0.9924561850 
    400       O                 0.5334209137    3.0361160176   -0.9911432167 
    401       O                 3.0411115007    0.5280490516   -0.9936317559 
    402       Ba               -2.9705164720   -0.9871039123   -1.5075992291 
    403       Ba               -2.9780589870   -0.9781449543   -0.4742868644 
    404       Ba               -0.9781013422   -2.9781772140   -0.4742465697 
    405       Ba               -0.9759158363   -2.9815026207   -1.5119055949 
    406       Ba                1.0209067587   -2.9763010443   -1.5133088016 
    407       Ba               -2.9780786790    1.0218575880   -0.4742067634 
    408       Ba                1.0219213210   -2.9781424120   -0.4742067634 
    409       Ba               -2.9790932413    1.0236989557   -1.5133088016 
    410       O                -2.4666081002   -1.9628213401   -0.9918460833 
    411       O                -1.9602907261   -2.4716129299   -0.9927642754 
    412       Ba                3.0192075428   -0.9790958733   -1.5129077038 
    413       Ba               -0.9807924572    3.0209041267   -1.5129077038 
    414       Ba               -0.9780886162    3.0218037261   -0.4742014545 
    415       Ba                3.0219113838   -0.9781962739   -0.4742014545 
    416       Ba                1.0294835280    3.0128960877   -1.5075992291 
    417       O                -2.4909811671    1.9891330076   -2.0017169805 
    418       Ba                3.0218986578    1.0218227860   -0.4742465697 
    419       Ba                1.0219410130    3.0218550457   -0.4742868644 
    420       Ba                3.0240841637    1.0184973793   -1.5119055949 
    421       O                -2.4959434850    1.9921484780    0.0125929014 
    422       O                 1.9921965180   -2.4959275340    0.0126206884 
    423       O                -2.4666081002    2.0371786599   -0.9918460833 
    424       O                 2.5073719003    1.9871664055   -1.9984035043 
    425       O                 1.9976148628   -2.4995010888   -1.9961268392 
    426       O                 1.9921952650    2.5040249660    0.0126337925 
    427       O                 2.5041312580    1.9921365400    0.0126671234 
    428       O                 1.9990263822    2.4990316870   -1.9971775538 
    429       O                -2.4909811671   -2.0108669924   -2.0017169805 
    430       O                -2.0009736178    2.4990316870   -1.9971775538 
    431       O                 2.5303578069   -1.9615376944   -0.9921317185 
    432       O                -1.9616413755    2.5306621149   -0.9911032369 
    433       O                -2.0023851372   -2.4995010888   -1.9961268392 
    434       O                -2.0078034820   -2.4959275340    0.0126206884 
    435       O                -2.4959434850   -2.0078515220    0.0125929014 
    436       O                 2.0397092739   -2.4716129299   -0.9927642754 
    437       O                -2.0078047350    2.5040249660    0.0126337925 
    438       O                 2.5041312580   -2.0078634600    0.0126671234 
    439       O                 2.5073719003   -2.0128335945   -1.9984035043 
    440       O                 2.5303578069    2.0384623056   -0.9921317185 
    441       O                 2.0383586245    2.5306621149   -0.9911032369 
    442       H                -3.2595830605    0.3794233961   -2.5734644979 
    443       O                -2.9586184790   -1.4715948651   -0.9927858872 
    444       O                -1.4674680133   -2.9626437347   -0.9919515639 
    445       O                -2.9598514320    1.5307303110   -0.9937830781 
    446       O                 1.5310901917   -2.9622305234   -0.9933037087 
    447       O                -1.4961794315    2.9909710947   -1.9982857009 
    448       O                 2.9900943834   -1.4988061052   -1.9994168155 
    449       O                -1.4958562590    2.9921609270    0.0126397226 
    450       O                 2.9921989990   -1.4959951230    0.0125700814 
    451       O                 1.5111071410    2.9853381577   -1.9989727865 
    452       O                 1.5041436500    2.9921477070    0.0126229492 
    453       O                 2.9922269910    1.5040347950    0.0126227711 
    454       O                 2.9972295814    1.5000689862   -1.9967548346 
    455       O                -3.0035605402   -1.4991345640   -1.9960651430 
    456       O                 1.5035410478   -3.0038604739   -2.0021130773 
    457       O                -3.0077962132   -1.4958778580    0.0126863211 
    458       O                -1.4958645630   -3.0078904447    0.0125958492 
    459       O                -1.4923839611   -3.0111447749   -2.0006253577 
    460       O                -3.0077904853    1.5040887150    0.0126745028 
    461       O                 1.5040956560   -3.0078545305    0.0126093343 
    462       O                -3.0115086991    1.5125321508   -2.0000730002 
    463       O                 3.0374489595   -1.4693391059   -0.9910286547 
    464       O                -1.4700510029    3.0390906873   -0.9925739148 
    465       O                 3.0384947731    1.5301997568   -0.9916372522 
    466       O                 1.5308226406    3.0396496214   -0.9940617430 
    467       Ti                0.5391097487   -3.4261238499   -1.9993507909 
    468       O                 0.0373963441   -3.4696386999   -0.9943267700 
    469       O                -3.4697703155    0.0369735713   -1.0008646130 
    470       Ti               -2.4509845980   -2.4600206530   -1.9688379805 
    471       Ti               -2.4561664450   -2.4562173020   -0.0182310976 
    472       Ti               -3.4441250736   -0.4953954586   -1.9710824884 
    473       Ti               -3.4561876602   -0.4561839357   -0.0181231430 
    474       Ti               -0.4561391601   -3.4562505426   -0.0180932257 
    475       Ti               -0.4524053412   -3.4596474035   -1.9676899826 
    476       O                -0.0153505311    3.4893897600   -1.9995292690 
    477       O                -3.4958508080   -0.0077976598    0.0125546084 
    478       O                -0.0077649976   -3.4959220696    0.0126131198 
    479       O                -0.0008006823   -3.4969830958   -1.9941084790 
    480       Ti               -3.4561218508    0.5437142836   -0.0182291248 
    481       Ti                0.5438781492   -3.4562857164   -0.0182291248 
    482       O                -3.4986223605   -0.0520844755   -2.0247749666 
    483       O                 3.5041072950   -0.0078235549    0.0125769816 
    484       O                -0.0077945362    3.5041179619    0.0126467312 
    485       O                -2.4796586910   -2.4797000950   -0.4901986381 
    486       O                -3.4729997552   -0.4921224190   -1.5006423086 
    487       O                 3.5080398524   -0.0095039094   -2.0007366303 
    488       O                -2.4790609662   -2.4820207639   -1.4980179138 
    489       Ti               -3.4608902513    0.5738761501   -1.9993507909 
    490       O                -3.4891375917    0.3714524804   -2.4962965401 
    491       H                -3.5092665032    0.1451178100   -2.3853074897 
    492       O                -3.4797266838   -0.4797432524   -0.4901957640 
    493       O                -0.4796716572   -3.4797843501   -0.4901876582 
    494       O                -0.4778430767   -3.4830429945   -1.4967907500 
    495       O                 0.5171202430   -3.4778875563   -1.5025204792 
    496       O                -3.4796211783    0.5202558718   -0.4902160573 
    497       O                 0.5203788217   -3.4797441282   -0.4902160573 
    498       O                -3.4828797570    0.5221124437   -1.5025204792 
    499       O                 0.0417942506    3.5273067072   -0.9968038707 
    500       Ti               -2.4505419863    2.5383386108   -1.9683986961 
    501       O                -2.4758671009    2.5156029480   -1.4964357165 
    502       Ti                0.4992981296    3.4953022603   -0.9942724206 
    503       Ti               -2.4986529069    2.4962576007   -0.9917268892 
    504       Ti                2.4981943057    2.4974789354   -0.9926548105 
    505       Ti               -0.5023353971    3.4971593156   -0.9953587778 
    506       Ti                3.4976646029   -0.5028406844   -0.9953587778 
    507       O                 3.5338717651    0.0362935278   -0.9937914624 
    508       O                -2.4796816640    2.5202528240   -0.4901891195 
    509       O                 2.5203346870   -2.4797093970   -0.4901601391 
    510       Ti                3.5013170874    0.4940706536   -0.9946652440 
    511       Ti               -2.4561675680    2.5437537650   -0.0182160067 
    512       Ti                2.5438556810   -2.4562084290   -0.0181052489 
    513       Ti               -3.5007018704   -0.5046977397   -0.9942724206 
    514       Ti                2.4996244559   -2.5039159306   -0.9923531309 
    515       Ti               -2.5005962418   -2.5034065616   -0.9922390561 
    516       Ti               -3.5040357214    0.4953352388   -1.0085008864 
    517       O                 2.5222269930   -2.4833214493   -1.4957315046 
    518       Ti                0.4959642786   -3.5046647612   -1.0085008864 
    519       Ti                2.5468362495   -2.4601936418   -1.9673046953 
    520       Ti               -0.4986829126   -3.5059293464   -0.9946652440 
    521       O                 0.5270002448    3.5078775810   -1.5006423086 
    522       Ti                0.5558749264    3.5046045414   -1.9710824884 
    523       O                -0.4821559925    3.5176645822   -1.4960304868 
    524       O                 3.5178440075   -0.4823354178   -1.4960304868 
    525       O                -0.4797123454    3.5202069516   -0.4901493331 
    526       O                 3.5202876546   -0.4797930484   -0.4901493331 
    527       O                 0.5202733162    3.5202567476   -0.4901957640 
    528       O                 3.5203283428    0.5202156499   -0.4901876582 
    529       O                 3.5221569233    0.5169570055   -1.4967907500 
    530       O                 2.5197048353    2.5186892007   -1.4949553515 
    531       O                 2.5202194360    2.5201816540   -0.4901612362 
    532       Ti               -0.4585076863    3.5392325690   -1.9694552286 
    533       Ti                3.5414923137   -0.4607674310   -1.9694552286 
    534       Ba               -2.9729534624   -1.9805335461   -1.5098231217 
    535       Ti               -0.4561895985    3.5437941753   -0.0181691502 
    536       Ti                3.5438104015   -0.4562058247   -0.0181691502 
    537       Ba               -1.9780516540   -2.9781478500   -0.4742683428 
    538       Ba               -2.9781266200   -1.9781371780   -0.4742727893 
    539       Ba               -1.9758349469   -2.9807585313   -1.5117020568 
    540       Ti                0.5438123398    3.5438160643   -0.0181231430 
    541       Ti                3.5438608399    0.5437494574   -0.0180932257 
    542       Ti                3.5475946588    0.5403525965   -1.9676899826 
    543       Ba               -2.9729534624    2.0194664539   -1.5098231217 
    544       Ti                2.5416679361    2.5428015277   -1.9672375228 
    545       Ti                2.5438192390    2.5437629920   -0.0181935746 
    546       O                -3.4665790863   -0.9638839824   -0.9911432167 
    547       Ba               -2.9781266200    2.0218628220   -0.4742727893 
    548       Ba                2.0219483460   -2.9781478500   -0.4742683428 
    549       O                -0.9588884993   -3.4719509484   -0.9936317559 
    550       Ba                2.0241650531   -2.9807585313   -1.5117020568 
    551       Ba                3.0204192578   -1.9794045557   -1.5114854984 
    552       Ba               -1.9783568320    3.0214693480   -1.5122500074 
    553       Ba               -1.9780850830    3.0218362679   -0.4742307488 
    554       Ba                3.0218906397   -1.9781567180   -0.4742842873 
    555       O                 1.0384519395   -3.4694199107   -0.9957330191 
    556       O                 0.9898075180   -3.4846454361   -2.0033317948 
    557       O                -3.4696205988    1.0416712266   -0.9978863947 
    558       O                 1.0077055458    3.4861104009   -2.0013853094 
    559       O                -3.4957983926    0.9921091160    0.0126216214 
    560       Ba                3.0204192578    2.0205954443   -1.5114854984 
    561       O                 0.9922601432   -3.4959618768    0.0125893819 
    562       Ba                2.0216431680    3.0214693480   -1.5122500074 
    563       Ba                2.0219149170    3.0218362679   -0.4742307488 
    564       Ba                3.0218906397    2.0218432820   -0.4742842873 
    565       O                -3.4958893130   -1.0077960510    0.0126139689 
    566       O                -1.0077768500   -3.4959729000    0.0125982324 
    567       O                -3.4950808747    1.0142472723   -2.0067296508 
    568       O                -3.4956806613   -1.0121961825   -2.0085377949 
    569       O                 3.4969941247   -1.0101373249   -1.9997054878 
    570       O                -1.0034881937   -3.4991168806   -1.9970098345 
    571       O                 3.5041081285    0.9921191400    0.0126280194 
    572       O                 0.9921696884    3.5040979693    0.0126108913 
    573       O                 3.5086526108    0.9878230894   -1.9985811524 
    574       O                -1.0077751700    3.5040454147    0.0126255511 
    575       O                 3.5041064097   -1.0079097620    0.0126486885 
    576       O                -1.0111684315    3.5039441073   -2.0013286633 
    577       O                -0.9607682708    3.5296666775   -0.9924561850 
    578       O                 3.5311254652   -0.9623009205   -0.9920600516 
    579       O                 0.5108624083   -3.6285475196   -2.4962965401 
    580       O                 1.0388004281    3.5312783982   -0.9937221301 
    581       O                 3.5317023002    1.0396653464   -0.9938592593 
    582       H                 0.7404169395   -3.6205766039   -2.5734644979 
    583       Ti               -3.4561461854   -1.4561673320   -0.0180864736 
    584       Ti               -1.4561443480   -3.4562426837   -0.0181173091 
    585       Ti               -3.4517610521   -1.4673513673   -1.9678240829 
    586       Ti               -1.4521686307   -3.4598655916   -1.9686432522 
    587       O                -3.4787337589   -1.4808356211   -1.4985494426 
    588       O                -3.4796080683   -1.4796769370   -0.4901799524 
    589       O                -1.4796799700   -3.4798136477   -0.4901845290 
    590       Ti                1.5436924289   -3.4538191763   -1.9686392336 
    591       O                -1.4791569067   -3.4821080344   -1.4975421052 
    592       Ti               -3.4561631078    1.5437782510   -0.0181689002 
    593       Ti                1.5438455260   -3.4562181071   -0.0181315404 
    594       Ti               -3.4582619387    1.5542197635   -1.9688792027 
    595       O                 1.5181184399   -3.4797300776   -1.4990871128 
    596       O                -3.4796594111    1.5202743750   -0.4901647318 
    597       O                 1.5203970090   -3.4796982105   -0.4902173883 
    598       O                -3.4820821516    1.5278945925   -1.4998302066 
    599       Ti                3.4978679847    1.4975468291   -0.9926335572 
    600       Ti                3.4962125208   -1.5018266236   -0.9929554655 
    601       Ti                1.4967058894    3.4997181142   -0.9939280608 
    602       Ti               -1.5028180258    3.4981794524   -0.9929873347 
    603       Ti                1.4952806562   -3.5030823611   -0.9938768313 
    604       Ti               -3.5022873249    1.4990326687   -0.9924352383 
    605       Ti               -3.5013351843   -1.5023250021   -0.9914427532 
    606       Ti               -1.5011220578   -3.5035355809   -0.9930509834 
    607       O                 3.5172163602   -1.4806508503   -1.4947812664 
    608       O                -1.4796863530    3.5202148485   -0.4901581583 
    609       O                 3.5203049538   -1.4797874770   -0.4901692708 
    610       O                -1.4813160576    3.5201469505   -1.4971997096 
    611       Ti                3.5405438756   -1.4578132127   -1.9678669620 
    612       Ti               -1.4561502240    3.5437901100   -0.0180746520 
    613       Ti                3.5438821815   -1.4562618310   -0.0180914902 
    614       Ti               -1.4590307743    3.5439632551   -1.9686220994 
    615       O                 3.5199577584    1.5202263841   -1.4961247910 
    616       O                 3.5203030767    1.5202556190   -0.4901703987 
    617       O                 1.5203670190    3.5202992438   -0.4901687987 
    618       O                 1.5202866483    3.5207345399   -1.4975401813 
    619       O                -2.9598514320   -2.4692696890   -0.9937830781 
    620       O                -2.4689098083   -2.9622305234   -0.9933037087 
    621       Ti                3.5419782711    1.5449465273   -1.9676704247 
    622       Ti                1.5422746543    3.5435973415   -1.9680483643 
    623       Ti                3.5438319375    1.5437680670   -0.0182036375 
    624       Ti                1.5438257280    3.5438064005   -0.0181961766 
    625       H                 0.4907334968   -3.8548821900   -2.3853074897 
    626       O                -2.4888928590    2.9853381577   -1.9989727865 
    627       O                -2.9586184790    2.5284051349   -0.9927858872 
    628       O                -2.4958563500    2.9921477070    0.0126229492 
    629       O                 2.9922269910   -2.4959652050    0.0126227711 
    630       O                 2.5325319867   -2.9626437347   -0.9919515639 
    631       O                 2.9900943834    2.5011938948   -1.9994168155 
    632       O                 2.5038205685    2.9909710947   -1.9982857009 
    633       O                 2.9921989990    2.5040048770    0.0125700814 
    634       O                 2.5041437410    2.9921609270    0.0126397226 
    635       O                 2.9972295814   -2.4999310138   -1.9967548346 
    636       O                -2.4964589522   -3.0038604739   -2.0021130773 
    637       O                -3.0115086991   -2.4874678492   -2.0000730002 
    638       O                -3.0035605402    2.5008654360   -1.9960651430 
    639       O                -3.0077904853   -2.4959112850    0.0126745028 
    640       O                -2.4959043440   -3.0078545305    0.0126093343 
    641       O                -3.0077962132    2.5041221420    0.0126863211 
    642       O                 2.5041354370   -3.0078904447    0.0125958492 
    643       O                 3.0384947731   -2.4698002432   -0.9916372522 
    644       O                -2.4691773594    3.0396496214   -0.9940617430 
    645       O                 2.5076160389   -3.0111447749   -2.0006253577 
    646       O                 3.0374489595    2.5306608941   -0.9910286547 
    647       O                 2.5299489971    3.0390906873   -0.9925739148 
    648       Ba               -3.9687860367    0.0145295186   -1.5277043531 
    649       Ba               -3.9781095304    0.0218408108   -0.4742867840 
    650       Ba                0.0218904696   -3.9781591892   -0.4742867840 
    651       O                 0.5013776395    3.9479155245   -2.0247749666 
    652       O                -3.4675635987   -1.9609383657   -0.9923519026 
    653       Ba                0.0312139633   -3.9854704814   -1.5277043531 
    654       O                -1.9597577510   -3.4707497508   -0.9941593779 
    655       O                -3.9582057494   -0.4726932928   -0.9968038707 
    656       O                -0.4661282349   -3.9637064722   -0.9937914624 
    657       O                -3.9626036559    0.5303613001   -0.9943267700 
    658       O                 0.5302296845   -3.9630264287   -1.0008646130 
    659       O                 3.9846494689   -0.5106102400   -1.9995292690 
    660       O                -0.4919601476    3.9904960906   -2.0007366303 
    661       O                 1.9902891023   -3.4945489862   -2.0008254804 
    662       O                -3.4675635987    2.0390616343   -0.9923519026 
    663       O                -0.4958927050    3.9921764451    0.0125769816 
    664       O                 3.9922054638   -0.4958820381    0.0126467312 
    665       O                -3.4958628429    1.9921557280    0.0126195467 
    666       O                 1.9922044050   -3.4959418714    0.0126342226 
    667       O                 0.5041491920    3.9922023402    0.0125546084 
    668       O                 3.9922350024    0.5040779304    0.0126131198 
    669       O                 2.0402422490   -3.4707497508   -0.9941593779 
    670       O                -3.4988906666   -1.9940833837   -2.0033827794 
    671       O                 3.5016100957    1.9924551109   -1.9987656087 
    672       O                 3.9991993177    0.5030169042   -1.9941084790 
    673       O                 1.9921066365    3.5040264123   -2.0012228457 
    674       O                 1.9921862940    3.5040754892    0.0126469668 
    675       O                 3.5041179135    1.9921460770    0.0126348923 
    676       O                -2.0097108977   -3.4945489862   -2.0008254804 
    677       O                -3.4958628429   -2.0078442720    0.0126195467 
    678       O                -2.0077955950   -3.4959418714    0.0126342226 
    679       O                -3.4988906666    2.0059166163   -2.0033827794 
    680       O                 3.5016100957   -2.0075448891   -1.9987656087 
    681       O                 3.5298408231   -1.9607972992   -0.9918396940 
    682       O                -2.0078933635    3.5040264123   -2.0012228457 
    683       O                -2.0078137060    3.5040754892    0.0126469668 
    684       O                 3.5041179135   -2.0078539230    0.0126348923 
    685       O                -1.9610990223    3.5317565631   -0.9926956532 
    686       O                 3.5298408231    2.0392027008   -0.9918396940 
    687       O                 2.0389009777    3.5317565631   -0.9926956532 
    688       Ba               -3.9781179086   -0.9781420429   -0.4742406794 
    689       Ba               -0.9780956723   -3.9781902950   -0.4742842423 
    690       Ba               -0.9767171135   -3.9805554483   -1.5132970694 
    691       Ba               -3.9799466389   -0.9831204932   -1.5131317278 
    692       Ba                1.0126735194   -3.9764663972   -1.5271629494 
    693       Ba               -3.9780979541    1.0218198140   -0.4742016073 
    694       Ba                1.0219133590   -3.9781816997   -0.4742855749 
    695       Ba               -3.9794268023    1.0233160819   -1.5115734040 
    696       Ba               -2.9790932413   -2.9763010443   -1.5133088016 
    697       Ba               -2.9780786790   -2.9781424120   -0.4742067634 
    698       O                -3.9597602756   -1.4704478290   -0.9930634130 
    699       O                -1.4681662518   -3.9622332521   -0.9924206254 
    700       Ba               -2.9705164720    3.0128960877   -1.5075992291 
    701       Ti               -3.4582619387   -2.4457802365   -1.9688792027 
    702       Ti               -2.4563075711   -3.4538191763   -1.9686392336 
    703       Ti               -3.4561631078   -2.4562217490   -0.0181689002 
    704       Ti               -2.4561544740   -3.4562181071   -0.0181315404 
    705       Ba               -2.9780589870    3.0218550457   -0.4742868644 
    706       Ba                3.0218986578   -2.9781772140   -0.4742465697 
    707       O                 1.5294708066   -3.9613745593   -0.9945410743 
    708       Ba                3.0240841637   -2.9815026207   -1.5119055949 
    709       O                -3.9610107030    1.5324293872   -0.9924756858 
    710       O                 3.9880223094   -1.4949191991   -1.9972558578 
    711       O                -1.4958823830    3.9921455841    0.0126275219 
    712       O                 3.9922674647   -1.4959227750    0.0126196566 
    713       O                -1.4971527125    3.9935190857   -2.0004329043 
    714       O                 1.5006063825    3.9929441751   -2.0033932409 
    715       O                 1.5041045620    3.9921971335    0.0125887505 
    716       O                 3.9922317046    1.5040620470    0.0126294036 
    717       O                 3.9915946517    1.5087039356   -2.0000098368 
    718       O                -3.4820821516   -2.4721054075   -1.4998302066 
    719       Ba                3.0192075428    3.0209041267   -1.5129077038 
    720       O                -2.4796029910   -3.4796982105   -0.4902173883 
    721       O                -3.4796594111   -2.4797256250   -0.4901647318 
    722       Ba                3.0219113838    3.0218037261   -0.4742014545 
    723       O                -2.4818815601   -3.4797300776   -1.4990871128 
    724       Ti               -3.4517610521    2.5326486327   -1.9678240829 
    725       Ti               -3.4561461854    2.5438326680   -0.0180864736 
    726       Ti                2.5438556520   -3.4562426837   -0.0181173091 
    727       O                -3.4787337589    2.5191643789   -1.4985494426 
    728       O                -3.4796080683    2.5203230630   -0.4901799524 
    729       O                 2.5203200300   -3.4798136477   -0.4901845290 
    730       Ti                2.5478313693   -3.4598655916   -1.9686432522 
    731       Ti                3.4962125208    2.4981733764   -0.9929554655 
    732       Ti                2.4971819742    3.4981794524   -0.9929873347 
    733       O                 2.5208430933   -3.4821080344   -1.4975421052 
    734       Ti                3.4978679847   -2.5024531709   -0.9926335572 
    735       Ti               -3.5013351843    2.4976749979   -0.9914427532 
    736       Ti               -2.5032941106    3.4997181142   -0.9939280608 
    737       Ti                2.4988779422   -3.5035355809   -0.9930509834 
    738       Ti               -3.5022873249   -2.5009673313   -0.9924352383 
    739       O                 3.5199577584   -2.4797736159   -1.4961247910 
    740       O                -2.4796329810    3.5202992438   -0.4901687987 
    741       O                 3.5203030767   -2.4797443810   -0.4901703987 
    742       O                -2.4797133517    3.5207345399   -1.4975401813 
    743       Ti               -2.5047193438   -3.5030823611   -0.9938768313 
    744       Ti                3.5419782711   -2.4550534727   -1.9676704247 
    745       Ti               -2.4561742720    3.5438064005   -0.0181961766 
    746       Ti                3.5438319375   -2.4562319330   -0.0182036375 
    747       Ti               -2.4577253457    3.5435973415   -1.9680483643 
    748       O                 3.5172163602    2.5193491497   -1.4947812664 
    749       O                 2.5186839424    3.5201469505   -1.4971997096 
    750       O                 2.5203136470    3.5202148485   -0.4901581583 
    751       O                 3.5203049538    2.5202125230   -0.4901692708 
    752       Ti                3.5405438756    2.5421867873   -1.9678669620 
    753       Ti                2.5409692257    3.5439632551   -1.9686220994 
    754       Ti                2.5438497760    3.5437901100   -0.0180746520 
    755       Ti                3.5438821815    2.5437381690   -0.0180914902 
    756       Ba               -3.9780780231   -1.9781248870   -0.4743089502 
    757       Ba               -1.9780395340   -3.9781578506   -0.4743123636 
    758       Ba               -1.9796930296   -3.9778080878   -1.5136412327 
    759       Ba               -3.9808650641   -1.9768338926   -1.5107189085 
    760       Ba                2.0203069704   -3.9778080878   -1.5136412327 
    761       Ba               -3.9780780231    2.0218751130   -0.4743089502 
    762       Ba                2.0219604660   -3.9781578506   -0.4743123636 
    763       Ba               -3.9808650641    2.0231661074   -1.5107189085 
    764       O                -3.4696205988   -2.9583287734   -0.9978863947 
    765       O                -2.9615480605   -3.4694199107   -0.9957330191 
    766       O                -2.9922944542    3.4861104009   -2.0013853094 
    767       O                -3.4950808747   -2.9857527277   -2.0067296508 
    768       O                -3.4956806613    2.9878038175   -2.0085377949 
    769       O                 3.4969941247    2.9898626751   -1.9997054878 
    770       O                -3.4958893130    2.9922039490    0.0126139689 
    771       O                 2.9922231500   -3.4959729000    0.0125982324 
    772       O                -3.0101924820   -3.4846454361   -2.0033317948 
    773       O                 2.9888315685    3.5039441073   -2.0013286633 
    774       O                 2.9965118063   -3.4991168806   -1.9970098345 
    775       O                 3.5041064097    2.9920902380    0.0126486885 
    776       O                 2.9922248300    3.5040454147    0.0126255511 
    777       O                -3.4665790863    3.0361160176   -0.9911432167 
    778       O                 3.5317023002   -2.9603346536   -0.9938592593 
    779       O                -2.9611995719    3.5312783982   -0.9937221301 
    780       O                -3.4957983926   -3.0078908840    0.0126216214 
    781       O                -3.0077398568   -3.4959618768    0.0125893819 
    782       O                 3.0411115007   -3.4719509484   -0.9936317559 
    783       O                -3.0078303116    3.5040979693    0.0126108913 
    784       O                 3.5041081285   -3.0078808600    0.0126280194 
    785       O                 3.5086526108   -3.0121769106   -1.9985811524 
    786       O                 3.0392317292    3.5296666775   -0.9924561850 
    787       O                 3.5311254652    3.0376990795   -0.9920600516 
    788       O                -3.9610107030   -2.4675706128   -0.9924756858 
    789       O                -2.4705291934   -3.9613745593   -0.9945410743 
    790       O                -3.9597602756    2.5295521710   -0.9930634130 
    791       O                 2.5318337482   -3.9622332521   -0.9924206254 
    792       O                 3.9915946517   -2.4912960644   -2.0000098368 
    793       O                -2.4958954380    3.9921971335    0.0125887505 
    794       O                 3.9922317046   -2.4959379530    0.0126294036 
    795       O                 3.9880223094    2.5050808009   -1.9972558578 
    796       O                -2.4993936175    3.9929441751   -2.0033932409 
    797       O                 2.5041176170    3.9921455841    0.0126275219 
    798       O                 3.9922674647    2.5040772250    0.0126196566 
    799       O                 2.5028472875    3.9935190857   -2.0004329043 
    800       Ti               -3.4608902513   -3.4261238499   -1.9993507909 
    801       H                -3.2595830605   -3.6205766039   -2.5734644979 
    802       Ti               -3.4561218508   -3.4562857164   -0.0182291248 
    803       Ti               -3.4441250736    3.5046045414   -1.9710824884 
    804       O                -3.4796211783   -3.4797441282   -0.4902160573 
    805       O                -3.4828797570   -3.4778875563   -1.5025204792 
    806       O                -3.4729997552    3.5078775810   -1.5006423086 
    807       Ti                3.4976646029    3.4971593156   -0.9953587778 
    808       Ti               -3.5007018704    3.4953022603   -0.9942724206 
    809       O                -3.4797266838    3.5202567476   -0.4901957640 
    810       O                 3.5203283428   -3.4797843501   -0.4901876582 
    811       Ti               -3.4561876602    3.5438160643   -0.0181231430 
    812       Ti                3.5438608399   -3.4562505426   -0.0180932257 
    813       O                 3.5221569233   -3.4830429945   -1.4967907500 
    814       Ti                3.5013170874   -3.5059293464   -0.9946652440 
    815       Ti                3.5475946588   -3.4596474035   -1.9676899826 
    816       Ti               -3.5040357214   -3.5046647612   -1.0085008864 
    817       Ba               -3.9780979541   -2.9781801860   -0.4742016073 
    818       Ba               -2.9780866410   -3.9781816997   -0.4742855749 
    819       Ba               -3.9794268023   -2.9766839181   -1.5115734040 
    820       Ba               -2.9873264806   -3.9764663972   -1.5271629494 
    821       O                 3.5178440075    3.5176645822   -1.4960304868 
    822       O                 3.5202876546    3.5202069516   -0.4901493331 
    823       Ba               -3.9799466389    3.0168795068   -1.5131317278 
    824       Ba               -3.9781179086    3.0218579571   -0.4742406794 
    825       Ba                3.0219043277   -3.9781902950   -0.4742842423 
    826       Ba                3.0232828865   -3.9805554483   -1.5132970694 
    827       Ti                3.5414923137    3.5392325690   -1.9694552286 
    828       Ti                3.5438104015    3.5437941753   -0.0181691502 
    829       O                -3.4891375917   -3.6285475196   -2.4962965401 
    830       H                -3.5092665032   -3.8548821900   -2.3853074897 
    831       O                -3.9626036559   -3.4696386999   -0.9943267700 
    832       O                -3.4697703155   -3.9630264287   -1.0008646130 
    833       O                -3.4986223605    3.9479155245   -2.0247749666 
    834       O                 3.9846494689    3.4893897600   -1.9995292690 
    835       O                -3.9582057494    3.5273067072   -0.9968038707 
    836       O                -3.4958508080    3.9922023402    0.0125546084 
    837       O                 3.9922350024   -3.4959220696    0.0126131198 
    838       O                 3.5338717651   -3.9637064722   -0.9937914624 
    839       O                 3.5041072950    3.9921764451    0.0125769816 
    840       O                 3.9922054638    3.5041179619    0.0126467312 
    841       O                 3.9991993177   -3.4969830958   -1.9941084790 
    842       O                 3.5080398524    3.9904960906   -2.0007366303 
    843       Ba               -3.9687860367   -3.9854704814   -1.5277043531 
    844       Ba               -3.9781095304   -3.9781591892   -0.4742867840 
