primitive lattice vectors  4  4  1
  4.00000000  0.00000000  0.00000000
  0.00000000  4.00000000  0.00000000
  0.00000000  0.00000000 80.00000000
number of atoms in unit cell
288
atom, type, position vector
      1       Ba                0.0000000000    0.0000000000   -1.0259177124 
      2       Ba                0.0000000000    0.0000000000    0.0000000000 
      3       Ba                0.0000000000    0.0000000000    1.0259177124 
      4       O                 0.5000000000    0.0000000000   -1.4979905040 
      5       O                 0.5000000000    0.0000000000   -0.4995074075 
      6       O                 0.5000000000    0.0000000000    0.4995074075 
      7       O                 0.5000000000    0.0000000000    1.4979905040 
      8       O                 0.0000000000    0.5000000000   -1.4979905040 
      9       O                 0.0000000000    0.5000000000   -0.4995074075 
     10       O                 0.0000000000    0.5000000000    0.4995074075 
     11       O                 0.0000000000    0.5000000000    1.4979905040 
     12       O                 0.0000000000   -0.5000000000   -1.4979905040 
     13       O                 0.0000000000   -0.5000000000   -0.4995074075 
     14       O                 0.0000000000   -0.5000000000    0.4995074075 
     15       O                 0.0000000000   -0.5000000000    1.4979905040 
     16       O                -0.5000000000    0.0000000000   -1.4979905040 
     17       O                -0.5000000000    0.0000000000   -0.4995074075 
     18       O                -0.5000000000    0.0000000000    0.4995074075 
     19       O                -0.5000000000    0.0000000000    1.4979905040 
     20       Ti                0.5000000000    0.5000000000   -1.4711991947 
     21       Ti                0.5000000000    0.5000000000   -0.4957373678 
     22       O                 0.5000000000    0.5000000000   -1.0044273149 
     23       Ti                0.5000000000    0.5000000000    0.4957373678 
     24       O                 0.5000000000    0.5000000000    0.0000000000 
     25       Ti                0.5000000000    0.5000000000    1.4711991947 
     26       O                 0.5000000000    0.5000000000    1.0044273149 
     27       Ti                0.5000000000   -0.5000000000   -1.4711991947 
     28       Ti                0.5000000000   -0.5000000000   -0.4957373678 
     29       O                 0.5000000000   -0.5000000000   -1.0044273149 
     30       Ti                0.5000000000   -0.5000000000    0.4957373678 
     31       O                 0.5000000000   -0.5000000000    0.0000000000 
     32       Ti                0.5000000000   -0.5000000000    1.4711991947 
     33       O                 0.5000000000   -0.5000000000    1.0044273149 
     34       Ti               -0.5000000000    0.5000000000   -1.4711991947 
     35       Ti               -0.5000000000    0.5000000000   -0.4957373678 
     36       O                -0.5000000000    0.5000000000   -1.0044273149 
     37       Ti               -0.5000000000    0.5000000000    0.4957373678 
     38       O                -0.5000000000    0.5000000000    0.0000000000 
     39       Ti               -0.5000000000    0.5000000000    1.4711991947 
     40       O                -0.5000000000    0.5000000000    1.0044273149 
     41       Ti               -0.5000000000   -0.5000000000   -1.4711991947 
     42       Ti               -0.5000000000   -0.5000000000   -0.4957373678 
     43       O                -0.5000000000   -0.5000000000   -1.0044273149 
     44       Ti               -0.5000000000   -0.5000000000    0.4957373678 
     45       O                -0.5000000000   -0.5000000000    0.0000000000 
     46       Ti               -0.5000000000   -0.5000000000    1.4711991947 
     47       O                -0.5000000000   -0.5000000000    1.0044273149 
     48       Ba                1.0000000000    0.0000000000   -1.0259177124 
     49       Ba                1.0000000000    0.0000000000    0.0000000000 
     50       Ba                1.0000000000    0.0000000000    1.0259177124 
     51       Ba                0.0000000000    1.0000000000   -1.0259177124 
     52       Ba                0.0000000000    1.0000000000    0.0000000000 
     53       Ba                0.0000000000    1.0000000000    1.0259177124 
     54       Ba                0.0000000000   -1.0000000000   -1.0259177124 
     55       Ba                0.0000000000   -1.0000000000    0.0000000000 
     56       Ba                0.0000000000   -1.0000000000    1.0259177124 
     57       Ba               -1.0000000000    0.0000000000   -1.0259177124 
     58       Ba               -1.0000000000    0.0000000000    0.0000000000 
     59       Ba               -1.0000000000    0.0000000000    1.0259177124 
     60       O                 1.0000000000    0.5000000000   -1.4979905040 
     61       O                 1.0000000000    0.5000000000   -0.4995074075 
     62       O                 1.0000000000    0.5000000000    0.4995074075 
     63       O                 1.0000000000    0.5000000000    1.4979905040 
     64       O                 0.5000000000    1.0000000000   -1.4979905040 
     65       O                 0.5000000000    1.0000000000   -0.4995074075 
     66       O                 0.5000000000    1.0000000000    0.4995074075 
     67       O                 0.5000000000    1.0000000000    1.4979905040 
     68       O                 1.0000000000   -0.5000000000   -1.4979905040 
     69       O                 1.0000000000   -0.5000000000   -0.4995074075 
     70       O                 1.0000000000   -0.5000000000    0.4995074075 
     71       O                 1.0000000000   -0.5000000000    1.4979905040 
     72       O                -0.5000000000    1.0000000000   -1.4979905040 
     73       O                -0.5000000000    1.0000000000   -0.4995074075 
     74       O                -0.5000000000    1.0000000000    0.4995074075 
     75       O                -0.5000000000    1.0000000000    1.4979905040 
     76       O                 0.5000000000   -1.0000000000   -1.4979905040 
     77       O                 0.5000000000   -1.0000000000   -0.4995074075 
     78       O                 0.5000000000   -1.0000000000    0.4995074075 
     79       O                 0.5000000000   -1.0000000000    1.4979905040 
     80       O                -1.0000000000    0.5000000000   -1.4979905040 
     81       O                -1.0000000000    0.5000000000   -0.4995074075 
     82       O                -1.0000000000    0.5000000000    0.4995074075 
     83       O                -1.0000000000    0.5000000000    1.4979905040 
     84       O                -0.5000000000   -1.0000000000   -1.4979905040 
     85       O                -0.5000000000   -1.0000000000   -0.4995074075 
     86       O                -0.5000000000   -1.0000000000    0.4995074075 
     87       O                -0.5000000000   -1.0000000000    1.4979905040 
     88       O                -1.0000000000   -0.5000000000   -1.4979905040 
     89       O                -1.0000000000   -0.5000000000   -0.4995074075 
     90       O                -1.0000000000   -0.5000000000    0.4995074075 
     91       O                -1.0000000000   -0.5000000000    1.4979905040 
     92       Ba                1.0000000000    1.0000000000   -1.0259177124 
     93       Ba                1.0000000000    1.0000000000    0.0000000000 
     94       Ba                1.0000000000    1.0000000000    1.0259177124 
     95       Ba                1.0000000000   -1.0000000000   -1.0259177124 
     96       Ba                1.0000000000   -1.0000000000    0.0000000000 
     97       Ba                1.0000000000   -1.0000000000    1.0259177124 
     98       Ba               -1.0000000000    1.0000000000   -1.0259177124 
     99       Ba               -1.0000000000    1.0000000000    0.0000000000 
    100       Ba               -1.0000000000    1.0000000000    1.0259177124 
    101       Ba               -1.0000000000   -1.0000000000   -1.0259177124 
    102       Ba               -1.0000000000   -1.0000000000    0.0000000000 
    103       Ba               -1.0000000000   -1.0000000000    1.0259177124 
    104       O                 1.5000000000    0.0000000000   -1.4979905040 
    105       O                 1.5000000000    0.0000000000   -0.4995074075 
    106       O                 1.5000000000    0.0000000000    0.4995074075 
    107       O                 1.5000000000    0.0000000000    1.4979905040 
    108       O                 0.0000000000    1.5000000000   -1.4979905040 
    109       O                 0.0000000000    1.5000000000   -0.4995074075 
    110       O                 0.0000000000    1.5000000000    0.4995074075 
    111       O                 0.0000000000    1.5000000000    1.4979905040 
    112       O                 0.0000000000   -1.5000000000   -1.4979905040 
    113       O                 0.0000000000   -1.5000000000   -0.4995074075 
    114       O                 0.0000000000   -1.5000000000    0.4995074075 
    115       O                 0.0000000000   -1.5000000000    1.4979905040 
    116       O                -1.5000000000    0.0000000000   -1.4979905040 
    117       O                -1.5000000000    0.0000000000   -0.4995074075 
    118       O                -1.5000000000    0.0000000000    0.4995074075 
    119       O                -1.5000000000    0.0000000000    1.4979905040 
    120       Ti                1.5000000000    0.5000000000   -1.4711991947 
    121       Ti                1.5000000000    0.5000000000   -0.4957373678 
    122       O                 1.5000000000    0.5000000000   -1.0044273149 
    123       Ti                1.5000000000    0.5000000000    0.4957373678 
    124       O                 1.5000000000    0.5000000000    0.0000000000 
    125       Ti                1.5000000000    0.5000000000    1.4711991947 
    126       O                 1.5000000000    0.5000000000    1.0044273149 
    127       Ti                0.5000000000    1.5000000000   -1.4711991947 
    128       Ti                0.5000000000    1.5000000000   -0.4957373678 
    129       O                 0.5000000000    1.5000000000   -1.0044273149 
    130       Ti                0.5000000000    1.5000000000    0.4957373678 
    131       O                 0.5000000000    1.5000000000    0.0000000000 
    132       Ti                0.5000000000    1.5000000000    1.4711991947 
    133       O                 0.5000000000    1.5000000000    1.0044273149 
    134       Ti                1.5000000000   -0.5000000000   -1.4711991947 
    135       Ti                1.5000000000   -0.5000000000   -0.4957373678 
    136       O                 1.5000000000   -0.5000000000   -1.0044273149 
    137       Ti                1.5000000000   -0.5000000000    0.4957373678 
    138       O                 1.5000000000   -0.5000000000    0.0000000000 
    139       Ti                1.5000000000   -0.5000000000    1.4711991947 
    140       O                 1.5000000000   -0.5000000000    1.0044273149 
    141       Ti               -0.5000000000    1.5000000000   -1.4711991947 
    142       Ti               -0.5000000000    1.5000000000   -0.4957373678 
    143       O                -0.5000000000    1.5000000000   -1.0044273149 
    144       Ti               -0.5000000000    1.5000000000    0.4957373678 
    145       O                -0.5000000000    1.5000000000    0.0000000000 
    146       Ti               -0.5000000000    1.5000000000    1.4711991947 
    147       O                -0.5000000000    1.5000000000    1.0044273149 
    148       Ti                0.5000000000   -1.5000000000   -1.4711991947 
    149       Ti                0.5000000000   -1.5000000000   -0.4957373678 
    150       O                 0.5000000000   -1.5000000000   -1.0044273149 
    151       Ti                0.5000000000   -1.5000000000    0.4957373678 
    152       O                 0.5000000000   -1.5000000000    0.0000000000 
    153       Ti                0.5000000000   -1.5000000000    1.4711991947 
    154       O                 0.5000000000   -1.5000000000    1.0044273149 
    155       Ti               -1.5000000000    0.5000000000   -1.4711991947 
    156       Ti               -1.5000000000    0.5000000000   -0.4957373678 
    157       O                -1.5000000000    0.5000000000   -1.0044273149 
    158       Ti               -1.5000000000    0.5000000000    0.4957373678 
    159       O                -1.5000000000    0.5000000000    0.0000000000 
    160       Ti               -1.5000000000    0.5000000000    1.4711991947 
    161       O                -1.5000000000    0.5000000000    1.0044273149 
    162       Ti               -0.5000000000   -1.5000000000   -1.4711991947 
    163       Ti               -0.5000000000   -1.5000000000   -0.4957373678 
    164       O                -0.5000000000   -1.5000000000   -1.0044273149 
    165       Ti               -0.5000000000   -1.5000000000    0.4957373678 
    166       O                -0.5000000000   -1.5000000000    0.0000000000 
    167       Ti               -0.5000000000   -1.5000000000    1.4711991947 
    168       O                -0.5000000000   -1.5000000000    1.0044273149 
    169       Ti               -1.5000000000   -0.5000000000   -1.4711991947 
    170       Ti               -1.5000000000   -0.5000000000   -0.4957373678 
    171       O                -1.5000000000   -0.5000000000   -1.0044273149 
    172       Ti               -1.5000000000   -0.5000000000    0.4957373678 
    173       O                -1.5000000000   -0.5000000000    0.0000000000 
    174       Ti               -1.5000000000   -0.5000000000    1.4711991947 
    175       O                -1.5000000000   -0.5000000000    1.0044273149 
    176       O                 1.5000000000    1.0000000000   -1.4979905040 
    177       O                 1.5000000000    1.0000000000   -0.4995074075 
    178       O                 1.5000000000    1.0000000000    0.4995074075 
    179       O                 1.5000000000    1.0000000000    1.4979905040 
    180       O                 1.0000000000    1.5000000000   -1.4979905040 
    181       O                 1.0000000000    1.5000000000   -0.4995074075 
    182       O                 1.0000000000    1.5000000000    0.4995074075 
    183       O                 1.0000000000    1.5000000000    1.4979905040 
    184       O                 1.5000000000   -1.0000000000   -1.4979905040 
    185       O                 1.5000000000   -1.0000000000   -0.4995074075 
    186       O                 1.5000000000   -1.0000000000    0.4995074075 
    187       O                 1.5000000000   -1.0000000000    1.4979905040 
    188       O                -1.0000000000    1.5000000000   -1.4979905040 
    189       O                -1.0000000000    1.5000000000   -0.4995074075 
    190       O                -1.0000000000    1.5000000000    0.4995074075 
    191       O                -1.0000000000    1.5000000000    1.4979905040 
    192       O                 1.0000000000   -1.5000000000   -1.4979905040 
    193       O                 1.0000000000   -1.5000000000   -0.4995074075 
    194       O                 1.0000000000   -1.5000000000    0.4995074075 
    195       O                 1.0000000000   -1.5000000000    1.4979905040 
    196       O                -1.5000000000    1.0000000000   -1.4979905040 
    197       O                -1.5000000000    1.0000000000   -0.4995074075 
    198       O                -1.5000000000    1.0000000000    0.4995074075 
    199       O                -1.5000000000    1.0000000000    1.4979905040 
    200       O                -1.0000000000   -1.5000000000   -1.4979905040 
    201       O                -1.0000000000   -1.5000000000   -0.4995074075 
    202       O                -1.0000000000   -1.5000000000    0.4995074075 
    203       O                -1.0000000000   -1.5000000000    1.4979905040 
    204       O                -1.5000000000   -1.0000000000   -1.4979905040 
    205       O                -1.5000000000   -1.0000000000   -0.4995074075 
    206       O                -1.5000000000   -1.0000000000    0.4995074075 
    207       O                -1.5000000000   -1.0000000000    1.4979905040 
    208       Ba                2.0000000000    0.0000000000   -1.0259177124 
    209       Ba                2.0000000000    0.0000000000    0.0000000000 
    210       Ba                2.0000000000    0.0000000000    1.0259177124 
    211       Ba                0.0000000000    2.0000000000   -1.0259177124 
    212       Ba                0.0000000000    2.0000000000    0.0000000000 
    213       Ba                0.0000000000    2.0000000000    1.0259177124 
    214       O                 2.0000000000    0.5000000000   -1.4979905040 
    215       O                 2.0000000000    0.5000000000   -0.4995074075 
    216       O                 2.0000000000    0.5000000000    0.4995074075 
    217       O                 2.0000000000    0.5000000000    1.4979905040 
    218       O                 0.5000000000    2.0000000000   -1.4979905040 
    219       O                 0.5000000000    2.0000000000   -0.4995074075 
    220       O                 0.5000000000    2.0000000000    0.4995074075 
    221       O                 0.5000000000    2.0000000000    1.4979905040 
    222       O                 2.0000000000   -0.5000000000   -1.4979905040 
    223       O                 2.0000000000   -0.5000000000   -0.4995074075 
    224       O                 2.0000000000   -0.5000000000    0.4995074075 
    225       O                 2.0000000000   -0.5000000000    1.4979905040 
    226       O                -0.5000000000    2.0000000000   -1.4979905040 
    227       O                -0.5000000000    2.0000000000   -0.4995074075 
    228       O                -0.5000000000    2.0000000000    0.4995074075 
    229       O                -0.5000000000    2.0000000000    1.4979905040 
    230       Ti                1.5000000000    1.5000000000   -1.4711991947 
    231       Ti                1.5000000000    1.5000000000   -0.4957373678 
    232       O                 1.5000000000    1.5000000000   -1.0044273149 
    233       Ti                1.5000000000    1.5000000000    0.4957373678 
    234       O                 1.5000000000    1.5000000000    0.0000000000 
    235       Ti                1.5000000000    1.5000000000    1.4711991947 
    236       O                 1.5000000000    1.5000000000    1.0044273149 
    237       Ti                1.5000000000   -1.5000000000   -1.4711991947 
    238       Ti                1.5000000000   -1.5000000000   -0.4957373678 
    239       O                 1.5000000000   -1.5000000000   -1.0044273149 
    240       Ti                1.5000000000   -1.5000000000    0.4957373678 
    241       O                 1.5000000000   -1.5000000000    0.0000000000 
    242       Ti                1.5000000000   -1.5000000000    1.4711991947 
    243       O                 1.5000000000   -1.5000000000    1.0044273149 
    244       Ti               -1.5000000000    1.5000000000   -1.4711991947 
    245       Ti               -1.5000000000    1.5000000000   -0.4957373678 
    246       O                -1.5000000000    1.5000000000   -1.0044273149 
    247       Ti               -1.5000000000    1.5000000000    0.4957373678 
    248       O                -1.5000000000    1.5000000000    0.0000000000 
    249       Ti               -1.5000000000    1.5000000000    1.4711991947 
    250       O                -1.5000000000    1.5000000000    1.0044273149 
    251       Ti               -1.5000000000   -1.5000000000   -1.4711991947 
    252       Ti               -1.5000000000   -1.5000000000   -0.4957373678 
    253       O                -1.5000000000   -1.5000000000   -1.0044273149 
    254       Ti               -1.5000000000   -1.5000000000    0.4957373678 
    255       O                -1.5000000000   -1.5000000000    0.0000000000 
    256       Ti               -1.5000000000   -1.5000000000    1.4711991947 
    257       O                -1.5000000000   -1.5000000000    1.0044273149 
    258       Ba                2.0000000000    1.0000000000   -1.0259177124 
    259       Ba                2.0000000000    1.0000000000    0.0000000000 
    260       Ba                2.0000000000    1.0000000000    1.0259177124 
    261       Ba                1.0000000000    2.0000000000   -1.0259177124 
    262       Ba                1.0000000000    2.0000000000    0.0000000000 
    263       Ba                1.0000000000    2.0000000000    1.0259177124 
    264       Ba                2.0000000000   -1.0000000000   -1.0259177124 
    265       Ba                2.0000000000   -1.0000000000    0.0000000000 
    266       Ba                2.0000000000   -1.0000000000    1.0259177124 
    267       Ba               -1.0000000000    2.0000000000   -1.0259177124 
    268       Ba               -1.0000000000    2.0000000000    0.0000000000 
    269       Ba               -1.0000000000    2.0000000000    1.0259177124 
    270       O                 2.0000000000    1.5000000000   -1.4979905040 
    271       O                 2.0000000000    1.5000000000   -0.4995074075 
    272       O                 2.0000000000    1.5000000000    0.4995074075 
    273       O                 2.0000000000    1.5000000000    1.4979905040 
    274       O                 1.5000000000    2.0000000000   -1.4979905040 
    275       O                 1.5000000000    2.0000000000   -0.4995074075 
    276       O                 1.5000000000    2.0000000000    0.4995074075 
    277       O                 1.5000000000    2.0000000000    1.4979905040 
    278       O                 2.0000000000   -1.5000000000   -1.4979905040 
    279       O                 2.0000000000   -1.5000000000   -0.4995074075 
    280       O                 2.0000000000   -1.5000000000    0.4995074075 
    281       O                 2.0000000000   -1.5000000000    1.4979905040 
    282       O                -1.5000000000    2.0000000000   -1.4979905040 
    283       O                -1.5000000000    2.0000000000   -0.4995074075 
    284       O                -1.5000000000    2.0000000000    0.4995074075 
    285       O                -1.5000000000    2.0000000000    1.4979905040 
    286       Ba                2.0000000000    2.0000000000   -1.0259177124 
    287       Ba                2.0000000000    2.0000000000    0.0000000000 
    288       Ba                2.0000000000    2.0000000000    1.0259177124 
