primitive lattice vectors  2  2  1
  2.00000000  0.00000000  0.00000000
  0.00000000  2.00000000  0.00000000
  0.00000000  0.00000000 80.00000000
number of atoms in unit cell
 72
atom, type, position vector
      1       Ba                0.0000000000    0.0000000000   -1.0259177124 
      2       Ba                0.0000000000    0.0000000000    0.0000000000 
      3       Ba                0.0000000000    0.0000000000    1.0259177124 
      4       O                 0.5000000000    0.0000000000   -1.4979905040 
      5       O                 0.5000000000    0.0000000000   -0.4995074075 
      6       O                 0.5000000000    0.0000000000    0.4995074075 
      7       O                 0.5000000000    0.0000000000    1.4979905040 
      8       O                 0.0000000000    0.5000000000   -1.4979905040 
      9       O                 0.0000000000    0.5000000000   -0.4995074075 
     10       O                 0.0000000000    0.5000000000    0.4995074075 
     11       O                 0.0000000000    0.5000000000    1.4979905040 
     12       O                 0.0000000000   -0.5000000000   -1.4979905040 
     13       O                 0.0000000000   -0.5000000000   -0.4995074075 
     14       O                 0.0000000000   -0.5000000000    0.4995074075 
     15       O                 0.0000000000   -0.5000000000    1.4979905040 
     16       O                -0.5000000000    0.0000000000   -1.4979905040 
     17       O                -0.5000000000    0.0000000000   -0.4995074075 
     18       O                -0.5000000000    0.0000000000    0.4995074075 
     19       O                -0.5000000000    0.0000000000    1.4979905040 
     20       Ti                0.5000000000    0.5000000000   -1.4711991947 
     21       Ti                0.5000000000    0.5000000000   -0.4957373678 
     22       O                 0.5000000000    0.5000000000   -1.0044273149 
     23       Ti                0.5000000000    0.5000000000    0.4957373678 
     24       O                 0.5000000000    0.5000000000    0.0000000000 
     25       Ti                0.5000000000    0.5000000000    1.4711991947 
     26       O                 0.5000000000    0.5000000000    1.0044273149 
     27       Ti                0.5000000000   -0.5000000000   -1.4711991947 
     28       Ti                0.5000000000   -0.5000000000   -0.4957373678 
     29       O                 0.5000000000   -0.5000000000   -1.0044273149 
     30       Ti                0.5000000000   -0.5000000000    0.4957373678 
     31       O                 0.5000000000   -0.5000000000    0.0000000000 
     32       Ti                0.5000000000   -0.5000000000    1.4711991947 
     33       O                 0.5000000000   -0.5000000000    1.0044273149 
     34       Ti               -0.5000000000    0.5000000000   -1.4711991947 
     35       Ti               -0.5000000000    0.5000000000   -0.4957373678 
     36       O                -0.5000000000    0.5000000000   -1.0044273149 
     37       Ti               -0.5000000000    0.5000000000    0.4957373678 
     38       O                -0.5000000000    0.5000000000    0.0000000000 
     39       Ti               -0.5000000000    0.5000000000    1.4711991947 
     40       O                -0.5000000000    0.5000000000    1.0044273149 
     41       Ti               -0.5000000000   -0.5000000000   -1.4711991947 
     42       Ti               -0.5000000000   -0.5000000000   -0.4957373678 
     43       O                -0.5000000000   -0.5000000000   -1.0044273149 
     44       Ti               -0.5000000000   -0.5000000000    0.4957373678 
     45       O                -0.5000000000   -0.5000000000    0.0000000000 
     46       Ti               -0.5000000000   -0.5000000000    1.4711991947 
     47       O                -0.5000000000   -0.5000000000    1.0044273149 
     48       Ba                1.0000000000    0.0000000000   -1.0259177124 
     49       Ba                1.0000000000    0.0000000000    0.0000000000 
     50       Ba                1.0000000000    0.0000000000    1.0259177124 
     51       Ba                0.0000000000    1.0000000000   -1.0259177124 
     52       Ba                0.0000000000    1.0000000000    0.0000000000 
     53       Ba                0.0000000000    1.0000000000    1.0259177124 
     54       O                 1.0000000000    0.5000000000   -1.4979905040 
     55       O                 1.0000000000    0.5000000000   -0.4995074075 
     56       O                 1.0000000000    0.5000000000    0.4995074075 
     57       O                 1.0000000000    0.5000000000    1.4979905040 
     58       O                 0.5000000000    1.0000000000   -1.4979905040 
     59       O                 0.5000000000    1.0000000000   -0.4995074075 
     60       O                 0.5000000000    1.0000000000    0.4995074075 
     61       O                 0.5000000000    1.0000000000    1.4979905040 
     62       O                 1.0000000000   -0.5000000000   -1.4979905040 
     63       O                 1.0000000000   -0.5000000000   -0.4995074075 
     64       O                 1.0000000000   -0.5000000000    0.4995074075 
     65       O                 1.0000000000   -0.5000000000    1.4979905040 
     66       O                -0.5000000000    1.0000000000   -1.4979905040 
     67       O                -0.5000000000    1.0000000000   -0.4995074075 
     68       O                -0.5000000000    1.0000000000    0.4995074075 
     69       O                -0.5000000000    1.0000000000    1.4979905040 
     70       Ba                1.0000000000    1.0000000000   -1.0259177124 
     71       Ba                1.0000000000    1.0000000000    0.0000000000 
     72       Ba                1.0000000000    1.0000000000    1.0259177124 
