primitive lattice vectors  3  3  1
  6.00000000  0.00000000  0.00000000
  0.00000000  6.00000000  0.00000000
  0.00000000  0.00000000 80.00000000
number of atoms in unit cell
495
atom, type, position vector
      1       Ba                0.0219000177    0.0217636793   -1.5158661571 
      2       Ba                0.0220797536    0.0219967790   -0.4733152747 
      3       H                 0.4350284741    0.1717523564   -2.4389334265 
      4       O                 0.0408942876   -0.4673700364   -0.9941462870 
      5       O                -0.4673881111    0.0408709504   -0.9942614994 
      6       H                 0.1703023214    0.4466643660   -2.4424789895 
      7       O                -0.0084939862   -0.4965160436    0.0120192112 
      8       O                -0.4967013070   -0.0089057014   -2.0015944944 
      9       O                -0.4968078754   -0.0086097304    0.0120308055 
     10       O                -0.0087523344   -0.4968649827   -2.0015866499 
     11       O                -0.0087210226    0.5029727619   -2.0016328432 
     12       O                 0.5033304202   -0.0088955112   -2.0015048881 
     13       O                 0.5033685019   -0.0085643463    0.0120119714 
     14       O                -0.0084168387    0.5034651071    0.0119439069 
     15       O                 0.0409565403    0.5325524287   -0.9941433935 
     16       O                 0.5327047162    0.0408934675   -0.9942341538 
     17       O                 0.4069351525    0.4084981684   -2.4932934146 
     18       Ti               -0.4563328637   -0.4564349722   -0.0181825213 
     19       Ti               -0.4566571687   -0.4568210046   -1.9709002566 
     20       O                -0.4793370850   -0.4794293158   -0.4908216576 
     21       O                -0.4797518444   -0.4799046505   -1.4982827805 
     22       Ti                0.5000000000    0.5000000000   -0.9945756786 
     23       Ti                0.5000000000   -0.5000000000   -0.9945756786 
     24       Ti               -0.5000000000    0.5000000000   -0.9945756786 
     25       Ti               -0.5000000000   -0.5000000000   -0.9945756786 
     26       O                -0.4797032807    0.5201948180   -1.4982764049 
     27       O                -0.4792817451    0.5206175802   -0.4907668340 
     28       O                 0.5207680561   -0.4793255913   -0.4908129602 
     29       O                 0.5204032277   -0.4797849026   -1.4981804665 
     30       Ti               -0.4565929627    0.5432381345   -1.9709362404 
     31       Ti               -0.4562191662    0.5436127624   -0.0181840960 
     32       Ti                0.5434676508   -0.4565838458   -1.9708354459 
     33       Ti                0.5437336585   -0.4563418461   -0.0181760029 
     34       O                 0.5202442630    0.5202210823   -1.4983061554 
     35       O                 0.5206675118    0.5205579414   -0.4909183468 
     36       Ti                0.5433930647    0.5433546484   -1.9708698049 
     37       Ti                0.5436988611    0.5435006823   -0.0182565826 
     38       Ba               -0.9778988166    0.0220054514   -0.4732912267 
     39       Ba                0.0221364411   -0.9779721398   -0.4732410315 
     40       Ba               -0.9780296275    0.0219255972   -1.5159156748 
     41       Ba                0.0218553178   -0.9782027814   -1.5158551460 
     42       Ba                0.0218553178    1.0217972186   -1.5158551460 
     43       Ba                1.0219703725    0.0219255972   -1.5159156748 
     44       Ba                0.0221364411    1.0220278602   -0.4732410315 
     45       Ba                1.0221011834    0.0220054514   -0.4732912267 
     46       O                -0.9590473945   -0.4674264418   -0.9941914732 
     47       O                -0.4673721690   -0.9591201477   -0.9941706320 
     48       O                -0.9590530452    0.5326571653   -0.9942162007 
     49       O                 0.5325942999   -0.9591369617   -0.9941420686 
     50       O                -0.4967742416    0.9910728766   -2.0016930461 
     51       O                 0.9913547401   -0.4967566822   -2.0015688405 
     52       O                -0.4963943634    0.9915650057    0.0120402094 
     53       O                 0.9915076402   -0.4967286519    0.0120312590 
     54       O                 0.5032136684    0.9911838543   -2.0015898176 
     55       O                 0.9912234993    0.5033346332   -2.0016033257 
     56       O                 0.9914408564    0.5031592223    0.0120214425 
     57       O                 0.5033676054    0.9914059055    0.0120210138 
     58       O                -0.4963943634   -1.0084349943    0.0120402094 
     59       O                -1.0084923598   -0.4967286519    0.0120312590 
     60       O                -1.0086452599   -0.4967566822   -2.0015688405 
     61       O                -0.4967742416   -1.0089271234   -2.0016930461 
     62       O                -1.0085591436    0.5031592223    0.0120214425 
     63       O                 0.5033676054   -1.0085940945    0.0120210138 
     64       O                 0.5032136684   -1.0088161457   -2.0015898176 
     65       O                -1.0087765007    0.5033346332   -2.0016033257 
     66       O                -0.4673721690    1.0408798523   -0.9941706320 
     67       O                 1.0409526055   -0.4674264418   -0.9941914732 
     68       O                 0.5325942999    1.0408630383   -0.9941420686 
     69       O                 1.0409469548    0.5326571653   -0.9942162007 
     70       Ba               -0.9778429564   -0.9780043839   -0.4732291918 
     71       Ba               -0.9780768486   -0.9781914184   -1.5158116597 
     72       Ba               -0.9778429564    1.0219956161   -0.4732291918 
     73       Ba               -0.9780768486    1.0218085816   -1.5158116597 
     74       Ba                1.0219231514   -0.9781914184   -1.5158116597 
     75       Ba                1.0221570436   -0.9780043839   -0.4732291918 
     76       Ba                1.0219231514    1.0218085816   -1.5158116597 
     77       Ba                1.0221570436    1.0219956161   -0.4732291918 
     78       O                -1.4672952838    0.0408934675   -0.9942341538 
     79       O                 0.0409565403   -1.4674475713   -0.9941433935 
     80       O                -0.0084168387   -1.4965348929    0.0119439069 
     81       O                -1.4966314981   -0.0085643463    0.0120119714 
     82       O                -1.4966695798   -0.0088955112   -2.0015048881 
     83       O                -0.0087210226   -1.4970272381   -2.0016328432 
     84       O                -0.0087523344    1.5031350173   -2.0015866499 
     85       O                 1.5031921246   -0.0086097304    0.0120308055 
     86       O                 1.5032986930   -0.0089057014   -2.0015944944 
     87       O                -0.0084939862    1.5034839564    0.0120192112 
     88       Ti               -1.4562663415   -0.4563418461   -0.0181760029 
     89       Ti               -0.4562191662   -1.4563872376   -0.0181840960 
     90       Ti               -1.4565323492   -0.4565838458   -1.9708354459 
     91       Ti               -0.4565929627   -1.4567618655   -1.9709362404 
     92       O                 1.5326118889    0.0408709504   -0.9942614994 
     93       O                 0.0408942876    1.5326299636   -0.9941462870 
     94       Ti               -1.4563011389    0.5435006823   -0.0182565826 
     95       Ti               -1.4566069353    0.5433546484   -1.9708698049 
     96       Ti                0.5436988611   -1.4564993177   -0.0182565826 
     97       Ti                0.5433930647   -1.4566453516   -1.9708698049 
     98       O                -1.4792319439   -0.4793255913   -0.4908129602 
     99       O                -0.4792817451   -1.4793824198   -0.4907668340 
    100       O                -1.4795967723   -0.4797849026   -1.4981804665 
    101       O                -0.4797032807   -1.4798051820   -1.4982764049 
    102       H                 0.1703023214   -1.5533356340   -2.4424789895 
    103       O                -1.4793324882    0.5205579414   -0.4909183468 
    104       O                 0.5206675118   -1.4794420586   -0.4909183468 
    105       O                -1.4797557370    0.5202210823   -1.4983061554 
    106       O                 0.5202442630   -1.4797789177   -1.4983061554 
    107       H                -1.5649715259    0.1717523564   -2.4389334265 
    108       Ti                1.5000000000    0.5000000000   -0.9945756786 
    109       Ti                0.5000000000    1.5000000000   -0.9945756786 
    110       Ti                1.5000000000   -0.5000000000   -0.9945756786 
    111       Ti               -0.5000000000    1.5000000000   -0.9945756786 
    112       Ti                0.5000000000   -1.5000000000   -0.9945756786 
    113       Ti               -1.5000000000    0.5000000000   -0.9945756786 
    114       Ti               -0.5000000000   -1.5000000000   -0.9945756786 
    115       Ti               -1.5000000000   -0.5000000000   -0.9945756786 
    116       O                -0.4797518444    1.5200953495   -1.4982827805 
    117       O                 1.5202481556   -0.4799046505   -1.4982827805 
    118       O                -0.4793370850    1.5205706842   -0.4908216576 
    119       O                 1.5206629150   -0.4794293158   -0.4908216576 
    120       O                 0.5204032277    1.5202150974   -1.4981804665 
    121       O                 1.5202967193    0.5201948180   -1.4982764049 
    122       O                 1.5207182549    0.5206175802   -0.4907668340 
    123       O                 0.5207680561    1.5206744087   -0.4908129602 
    124       Ti               -0.4566571687    1.5431789954   -1.9709002566 
    125       Ti                1.5433428313   -0.4568210046   -1.9709002566 
    126       Ti               -0.4563328637    1.5435650278   -0.0181825213 
    127       Ti                1.5436671363   -0.4564349722   -0.0181825213 
    128       Ti                1.5434070373    0.5432381345   -1.9709362404 
    129       Ti                0.5434676508    1.5434161542   -1.9708354459 
    130       Ti                0.5437336585    1.5436581539   -0.0181760029 
    131       Ti                1.5437808338    0.5436127624   -0.0181840960 
    132       O                 0.4069351525   -1.5915018316   -2.4932934146 
    133       O                -1.5930648475    0.4084981684   -2.4932934146 
    134       O                -0.9590530452   -1.4673428347   -0.9942162007 
    135       O                -1.4674057001   -0.9591369617   -0.9941420686 
    136       O                 0.9912234993   -1.4966653668   -2.0016033257 
    137       O                -1.4966323946    0.9914059055    0.0120210138 
    138       O                -1.4967863316    0.9911838543   -2.0015898176 
    139       O                 0.9914408564   -1.4968407777    0.0120214425 
    140       O                 1.0409469548   -1.4673428347   -0.9942162007 
    141       O                -1.4674057001    1.0408630383   -0.9941420686 
    142       O                 1.5032257584    0.9910728766   -2.0016930461 
    143       O                 0.9913547401    1.5032433178   -2.0015688405 
    144       O                 0.9915076402    1.5032713481    0.0120312590 
    145       O                 1.5036056366    0.9915650057    0.0120402094 
    146       O                -1.4966323946   -1.0085940945    0.0120210138 
    147       O                -1.0087765007   -1.4966653668   -2.0016033257 
    148       O                -1.0085591436   -1.4968407777    0.0120214425 
    149       O                -1.4967863316   -1.0088161457   -2.0015898176 
    150       O                -0.9590473945    1.5325735582   -0.9941914732 
    151       O                 1.5326278310   -0.9591201477   -0.9941706320 
    152       O                -1.0084923598    1.5032713481    0.0120312590 
    153       O                -1.0086452599    1.5032433178   -2.0015688405 
    154       O                 1.5032257584   -1.0089271234   -2.0016930461 
    155       O                 1.5036056366   -1.0084349943    0.0120402094 
    156       O                 1.0409526055    1.5325735582   -0.9941914732 
    157       O                 1.5326278310    1.0408798523   -0.9941706320 
    158       H                 0.4350284741   -1.8282476436   -2.4389334265 
    159       H                -1.8296976786    0.4466643660   -2.4424789895 
    160       Ba               -1.9779202464    0.0219967790   -0.4733152747 
    161       Ba                0.0220797536   -1.9780032210   -0.4733152747 
    162       Ba               -1.9780999823    0.0217636793   -1.5158661571 
    163       Ba                0.0219000177   -1.9782363207   -1.5158661571 
    164       O                -1.9591057124   -0.4673700364   -0.9941462870 
    165       O                -0.4673881111   -1.9591290496   -0.9942614994 
    166       Ba                0.0219000177    2.0217636793   -1.5158661571 
    167       Ba                2.0219000177    0.0217636793   -1.5158661571 
    168       Ba                0.0220797536    2.0219967790   -0.4733152747 
    169       Ba                2.0220797536    0.0219967790   -0.4733152747 
    170       O                -1.9590434597    0.5325524287   -0.9941433935 
    171       O                 0.5327047162   -1.9591065325   -0.9942341538 
    172       O                -0.4967013070    1.9910942986   -2.0015944944 
    173       O                 1.9912476656   -0.4968649827   -2.0015866499 
    174       O                -0.4968078754    1.9913902696    0.0120308055 
    175       O                 1.9915060138   -0.4965160436    0.0120192112 
    176       O                 0.5033304202    1.9911044888   -2.0015048881 
    177       O                 1.9912789774    0.5029727619   -2.0016328432 
    178       O                 0.5033685019    1.9914356537    0.0120119714 
    179       O                 1.9915831613    0.5034651071    0.0119439069 
    180       Ti               -1.4563011389   -1.4564993177   -0.0182565826 
    181       Ti               -1.4566069353   -1.4566453516   -1.9708698049 
    182       O                -2.0084939862   -0.4965160436    0.0120192112 
    183       O                -0.4968078754   -2.0086097304    0.0120308055 
    184       O                -2.0087523344   -0.4968649827   -2.0015866499 
    185       O                -0.4967013070   -2.0089057014   -2.0015944944 
    186       O                -2.0084168387    0.5034651071    0.0119439069 
    187       O                 0.5033685019   -2.0085643463    0.0120119714 
    188       O                -2.0087210226    0.5029727619   -2.0016328432 
    189       O                 0.5033304202   -2.0088955112   -2.0015048881 
    190       O                -1.4793324882   -1.4794420586   -0.4909183468 
    191       O                -1.4797557370   -1.4797789177   -1.4983061554 
    192       O                -0.4673881111    2.0408709504   -0.9942614994 
    193       O                 2.0408942876   -0.4673700364   -0.9941462870 
    194       O                 0.5327047162    2.0408934675   -0.9942341538 
    195       O                 2.0409565403    0.5325524287   -0.9941433935 
    196       Ti                1.5000000000    1.5000000000   -0.9945756786 
    197       Ti                1.5000000000   -1.5000000000   -0.9945756786 
    198       Ti               -1.5000000000    1.5000000000   -0.9945756786 
    199       Ti               -1.5000000000   -1.5000000000   -0.9945756786 
    200       O                -1.4795967723    1.5202150974   -1.4981804665 
    201       O                -1.4792319439    1.5206744087   -0.4908129602 
    202       O                 1.5202967193   -1.4798051820   -1.4982764049 
    203       O                 1.5207182549   -1.4793824198   -0.4907668340 
    204       Ti               -1.4562663415    1.5436581539   -0.0181760029 
    205       Ti               -1.4565323492    1.5434161542   -1.9708354459 
    206       Ti                1.5434070373   -1.4567618655   -1.9709362404 
    207       Ti                1.5437808338   -1.4563872376   -0.0181840960 
    208       O                 1.5202481556    1.5200953495   -1.4982827805 
    209       O                 1.5206629150    1.5205706842   -0.4908216576 
    210       Ti                1.5433428313    1.5431789954   -1.9709002566 
    211       Ti                1.5436671363    1.5435650278   -0.0181825213 
    212       Ba               -1.9778635589   -0.9779721398   -0.4732410315 
    213       Ba               -0.9778988166   -1.9779945486   -0.4732912267 
    214       Ba               -0.9780296275   -1.9780744028   -1.5159156748 
    215       Ba               -1.9781446822   -0.9782027814   -1.5158551460 
    216       H                 0.4350284741    2.1717523564   -2.4389334265 
    217       H                 2.1703023214    0.4466643660   -2.4424789895 
    218       Ba               -1.9778635589    1.0220278602   -0.4732410315 
    219       Ba                1.0221011834   -1.9779945486   -0.4732912267 
    220       Ba               -1.9781446822    1.0217972186   -1.5158551460 
    221       Ba                1.0219703725   -1.9780744028   -1.5159156748 
    222       Ba               -0.9780296275    2.0219255972   -1.5159156748 
    223       Ba                2.0218553178   -0.9782027814   -1.5158551460 
    224       Ba               -0.9778988166    2.0220054514   -0.4732912267 
    225       Ba                2.0221364411   -0.9779721398   -0.4732410315 
    226       O                -1.5930648475   -1.5915018316   -2.4932934146 
    227       Ba                2.0218553178    1.0217972186   -1.5158551460 
    228       Ba                1.0219703725    2.0219255972   -1.5159156748 
    229       Ba                1.0221011834    2.0220054514   -0.4732912267 
    230       Ba                2.0221364411    1.0220278602   -0.4732410315 
    231       H                -1.8296976786   -1.5533356340   -2.4424789895 
    232       H                -1.5649715259   -1.8282476436   -2.4389334265 
    233       H                 2.4350284741    0.1717523564   -2.4389334265 
    234       O                 2.4069351525    0.4084981684   -2.4932934146 
    235       O                 0.4069351525    2.4084981684   -2.4932934146 
    236       O                -1.4672952838   -1.9591065325   -0.9942341538 
    237       O                -1.9590434597   -1.4674475713   -0.9941433935 
    238       H                 0.1703023214    2.4466643660   -2.4424789895 
    239       O                 0.0408942876   -2.4673700364   -0.9941462870 
    240       O                -2.4673881111    0.0408709504   -0.9942614994 
    241       O                 1.5326118889   -1.9591290496   -0.9942614994 
    242       O                -1.9591057124    1.5326299636   -0.9941462870 
    243       O                -1.4966695798    1.9911044888   -2.0015048881 
    244       O                -1.4966314981    1.9914356537    0.0120119714 
    245       O                 1.9915831613   -1.4965348929    0.0119439069 
    246       O                 1.9912789774   -1.4970272381   -2.0016328432 
    247       O                 1.5032986930    1.9910942986   -2.0015944944 
    248       O                 1.9912476656    1.5031350173   -2.0015866499 
    249       O                 1.5031921246    1.9913902696    0.0120308055 
    250       O                 1.9915060138    1.5034839564    0.0120192112 
    251       O                -0.0084939862   -2.4965160436    0.0120192112 
    252       O                -2.4967013070   -0.0089057014   -2.0015944944 
    253       O                -2.4968078754   -0.0086097304    0.0120308055 
    254       O                -0.0087523344   -2.4968649827   -2.0015866499 
    255       Ti               -2.4563328637   -0.4564349722   -0.0181825213 
    256       Ti               -0.4563328637   -2.4564349722   -0.0181825213 
    257       Ti               -2.4566571687   -0.4568210046   -1.9709002566 
    258       Ti               -0.4566571687   -2.4568210046   -1.9709002566 
    259       O                -0.0087210226    2.5029727619   -2.0016328432 
    260       O                 2.5033304202   -0.0088955112   -2.0015048881 
    261       O                 2.5033685019   -0.0085643463    0.0120119714 
    262       O                -0.0084168387    2.5034651071    0.0119439069 
    263       O                -2.0084168387   -1.4965348929    0.0119439069 
    264       O                -1.4966314981   -2.0085643463    0.0120119714 
    265       O                -1.4966695798   -2.0088955112   -2.0015048881 
    266       O                -2.0087210226   -1.4970272381   -2.0016328432 
    267       O                 1.5031921246   -2.0086097304    0.0120308055 
    268       O                -2.0087523344    1.5031350173   -2.0015866499 
    269       O                -2.0084939862    1.5034839564    0.0120192112 
    270       O                 1.5032986930   -2.0089057014   -2.0015944944 
    271       O                -1.4672952838    2.0408934675   -0.9942341538 
    272       O                 2.0409565403   -1.4674475713   -0.9941433935 
    273       Ti               -2.4562191662    0.5436127624   -0.0181840960 
    274       Ti                0.5437336585   -2.4563418461   -0.0181760029 
    275       Ti               -2.4565929627    0.5432381345   -1.9709362404 
    276       Ti                0.5434676508   -2.4565838458   -1.9708354459 
    277       O                -2.4793370850   -0.4794293158   -0.4908216576 
    278       O                -0.4793370850   -2.4794293158   -0.4908216576 
    279       O                -2.4797518444   -0.4799046505   -1.4982827805 
    280       O                -0.4797518444   -2.4799046505   -1.4982827805 
    281       O                 0.0409565403    2.5325524287   -0.9941433935 
    282       O                 2.5327047162    0.0408934675   -0.9942341538 
    283       O                -2.4792817451    0.5206175802   -0.4907668340 
    284       O                 0.5207680561   -2.4793255913   -0.4908129602 
    285       O                -2.4797032807    0.5201948180   -1.4982764049 
    286       O                 0.5204032277   -2.4797849026   -1.4981804665 
    287       Ti                2.5000000000    0.5000000000   -0.9945756786 
    288       Ti                0.5000000000    2.5000000000   -0.9945756786 
    289       Ti                2.5000000000   -0.5000000000   -0.9945756786 
    290       Ti               -0.5000000000    2.5000000000   -0.9945756786 
    291       Ti                0.5000000000   -2.5000000000   -0.9945756786 
    292       Ti               -2.5000000000    0.5000000000   -0.9945756786 
    293       Ti               -0.5000000000   -2.5000000000   -0.9945756786 
    294       Ti               -2.5000000000   -0.5000000000   -0.9945756786 
    295       O                 1.5326118889    2.0408709504   -0.9942614994 
    296       O                 2.0408942876    1.5326299636   -0.9941462870 
    297       O                -0.4797032807    2.5201948180   -1.4982764049 
    298       O                 2.5204032277   -0.4797849026   -1.4981804665 
    299       O                -0.4792817451    2.5206175802   -0.4907668340 
    300       O                 2.5207680561   -0.4793255913   -0.4908129602 
    301       O                 0.5202442630    2.5202210823   -1.4983061554 
    302       O                 2.5202442630    0.5202210823   -1.4983061554 
    303       O                 0.5206675118    2.5205579414   -0.4909183468 
    304       O                 2.5206675118    0.5205579414   -0.4909183468 
    305       Ti               -0.4565929627    2.5432381345   -1.9709362404 
    306       Ti                2.5434676508   -0.4565838458   -1.9708354459 
    307       Ti               -0.4562191662    2.5436127624   -0.0181840960 
    308       Ti                2.5437336585   -0.4563418461   -0.0181760029 
    309       Ti                0.5433930647    2.5433546484   -1.9708698049 
    310       Ti                2.5433930647    0.5433546484   -1.9708698049 
    311       Ti                0.5436988611    2.5435006823   -0.0182565826 
    312       Ti                2.5436988611    0.5435006823   -0.0182565826 
    313       O                -2.4673721690   -0.9591201477   -0.9941706320 
    314       O                -0.9590473945   -2.4674264418   -0.9941914732 
    315       H                 2.1703023214   -1.5533356340   -2.4424789895 
    316       H                -1.5649715259    2.1717523564   -2.4389334265 
    317       O                -2.4673721690    1.0408798523   -0.9941706320 
    318       O                 1.0409526055   -2.4674264418   -0.9941914732 
    319       O                -2.4963943634    0.9915650057    0.0120402094 
    320       O                -2.4967742416    0.9910728766   -2.0016930461 
    321       O                 0.9913547401   -2.4967566822   -2.0015688405 
    322       O                 0.9915076402   -2.4967286519    0.0120312590 
    323       O                 2.5032136684    0.9911838543   -2.0015898176 
    324       O                 0.9914408564    2.5031592223    0.0120214425 
    325       O                 0.9912234993    2.5033346332   -2.0016033257 
    326       O                -2.4963943634   -1.0084349943    0.0120402094 
    327       O                 2.5033676054    0.9914059055    0.0120210138 
    328       O                -1.0084923598   -2.4967286519    0.0120312590 
    329       O                -1.0086452599   -2.4967566822   -2.0015688405 
    330       O                -2.4967742416   -1.0089271234   -2.0016930461 
    331       O                -1.0085591436    2.5031592223    0.0120214425 
    332       O                 2.5032136684   -1.0088161457   -2.0015898176 
    333       O                 2.5033676054   -1.0085940945    0.0120210138 
    334       O                -1.0087765007    2.5033346332   -2.0016033257 
    335       O                 2.5325942999   -0.9591369617   -0.9941420686 
    336       O                -0.9590530452    2.5326571653   -0.9942162007 
    337       O                 2.5325942999    1.0408630383   -0.9941420686 
    338       O                 1.0409469548    2.5326571653   -0.9942162007 
    339       Ba               -1.9779202464   -1.9780032210   -0.4733152747 
    340       Ba               -1.9780999823   -1.9782363207   -1.5158661571 
    341       Ba               -1.9780999823    2.0217636793   -1.5158661571 
    342       Ba               -1.9779202464    2.0219967790   -0.4733152747 
    343       Ba                2.0220797536   -1.9780032210   -0.4733152747 
    344       Ba                2.0219000177   -1.9782363207   -1.5158661571 
    345       Ti               -2.4562191662   -1.4563872376   -0.0181840960 
    346       Ti               -1.4562663415   -2.4563418461   -0.0181760029 
    347       Ti               -1.4565323492   -2.4565838458   -1.9708354459 
    348       Ti               -2.4565929627   -1.4567618655   -1.9709362404 
    349       Ba                2.0219000177    2.0217636793   -1.5158661571 
    350       Ba                2.0220797536    2.0219967790   -0.4733152747 
    351       O                 2.4069351525   -1.5915018316   -2.4932934146 
    352       O                -1.4792319439   -2.4793255913   -0.4908129602 
    353       O                -2.4792817451   -1.4793824198   -0.4907668340 
    354       O                -1.5930648475    2.4084981684   -2.4932934146 
    355       O                -1.4795967723   -2.4797849026   -1.4981804665 
    356       O                -2.4797032807   -1.4798051820   -1.4982764049 
    357       Ti               -2.4563328637    1.5435650278   -0.0181825213 
    358       Ti               -2.4566571687    1.5431789954   -1.9709002566 
    359       Ti                1.5436671363   -2.4564349722   -0.0181825213 
    360       Ti                1.5433428313   -2.4568210046   -1.9709002566 
    361       O                -2.4793370850    1.5205706842   -0.4908216576 
    362       O                -2.4797518444    1.5200953495   -1.4982827805 
    363       O                 1.5206629150   -2.4794293158   -0.4908216576 
    364       O                 1.5202481556   -2.4799046505   -1.4982827805 
    365       Ti                2.5000000000    1.5000000000   -0.9945756786 
    366       Ti                1.5000000000    2.5000000000   -0.9945756786 
    367       Ti                2.5000000000   -1.5000000000   -0.9945756786 
    368       Ti               -1.5000000000    2.5000000000   -0.9945756786 
    369       Ti                1.5000000000   -2.5000000000   -0.9945756786 
    370       Ti               -2.5000000000    1.5000000000   -0.9945756786 
    371       Ti               -1.5000000000   -2.5000000000   -0.9945756786 
    372       Ti               -2.5000000000   -1.5000000000   -0.9945756786 
    373       O                -1.4797557370    2.5202210823   -1.4983061554 
    374       O                 2.5202442630   -1.4797789177   -1.4983061554 
    375       O                -1.4793324882    2.5205579414   -0.4909183468 
    376       O                 2.5206675118   -1.4794420586   -0.4909183468 
    377       Ti               -1.4563011389    2.5435006823   -0.0182565826 
    378       Ti               -1.4566069353    2.5433546484   -1.9708698049 
    379       Ti                2.5433930647   -1.4566453516   -1.9708698049 
    380       Ti                2.5436988611   -1.4564993177   -0.0182565826 
    381       O                 1.5202967193    2.5201948180   -1.4982764049 
    382       O                 2.5204032277    1.5202150974   -1.4981804665 
    383       O                 1.5207182549    2.5206175802   -0.4907668340 
    384       O                 2.5207680561    1.5206744087   -0.4908129602 
    385       Ti                1.5434070373    2.5432381345   -1.9709362404 
    386       Ti                2.5434676508    1.5434161542   -1.9708354459 
    387       Ti                1.5437808338    2.5436127624   -0.0181840960 
    388       Ti                2.5437336585    1.5436581539   -0.0181760029 
    389       Ba               -2.9778988166    0.0220054514   -0.4732912267 
    390       Ba                0.0221364411   -2.9779721398   -0.4732410315 
    391       Ba               -2.9780296275    0.0219255972   -1.5159156748 
    392       Ba                0.0218553178   -2.9782027814   -1.5158551460 
    393       O                -2.9590473945   -0.4674264418   -0.9941914732 
    394       O                -0.4673721690   -2.9591201477   -0.9941706320 
    395       O                -2.9590530452    0.5326571653   -0.9942162007 
    396       O                 0.5325942999   -2.9591369617   -0.9941420686 
    397       O                -0.4967742416    2.9910728766   -2.0016930461 
    398       O                 2.9913547401   -0.4967566822   -2.0015688405 
    399       O                 2.9915076402   -0.4967286519    0.0120312590 
    400       O                -0.4963943634    2.9915650057    0.0120402094 
    401       O                 0.5032136684    2.9911838543   -2.0015898176 
    402       O                 2.9912234993    0.5033346332   -2.0016033257 
    403       O                 2.9914408564    0.5031592223    0.0120214425 
    404       O                 0.5033676054    2.9914059055    0.0120210138 
    405       H                 2.4350284741   -1.8282476436   -2.4389334265 
    406       H                -1.8296976786    2.4466643660   -2.4424789895 
    407       Ba               -2.9778429564   -0.9780043839   -0.4732291918 
    408       Ba               -0.9778429564   -2.9780043839   -0.4732291918 
    409       Ba               -2.9780768486   -0.9781914184   -1.5158116597 
    410       Ba               -0.9780768486   -2.9781914184   -1.5158116597 
    411       Ba               -2.9778429564    1.0219956161   -0.4732291918 
    412       Ba               -2.9780768486    1.0218085816   -1.5158116597 
    413       Ba                1.0221570436   -2.9780043839   -0.4732291918 
    414       Ba                1.0219231514   -2.9781914184   -1.5158116597 
    415       O                -1.9591057124   -2.4673700364   -0.9941462870 
    416       O                -2.4673881111   -1.9591290496   -0.9942614994 
    417       O                -2.4967013070    1.9910942986   -2.0015944944 
    418       O                 1.9915060138   -2.4965160436    0.0120192112 
    419       O                 1.9912476656   -2.4968649827   -2.0015866499 
    420       O                -2.4968078754    1.9913902696    0.0120308055 
    421       O                 1.9912789774    2.5029727619   -2.0016328432 
    422       O                 2.5033304202    1.9911044888   -2.0015048881 
    423       O                 2.5033685019    1.9914356537    0.0120119714 
    424       O                 1.9915831613    2.5034651071    0.0119439069 
    425       O                -1.9590434597    2.5325524287   -0.9941433935 
    426       O                 2.5327047162   -1.9591065325   -0.9942341538 
    427       O                 2.0408942876   -2.4673700364   -0.9941462870 
    428       O                -2.4673881111    2.0408709504   -0.9942614994 
    429       O                -2.0084939862   -2.4965160436    0.0120192112 
    430       O                -2.4968078754   -2.0086097304    0.0120308055 
    431       O                -2.4967013070   -2.0089057014   -2.0015944944 
    432       O                -2.0087523344   -2.4968649827   -2.0015866499 
    433       O                -2.0087210226    2.5029727619   -2.0016328432 
    434       O                -2.0084168387    2.5034651071    0.0119439069 
    435       O                 2.5033685019   -2.0085643463    0.0120119714 
    436       O                 2.5033304202   -2.0088955112   -2.0015048881 
    437       O                 2.0409565403    2.5325524287   -0.9941433935 
    438       O                 2.5327047162    2.0408934675   -0.9942341538 
    439       H                 2.4350284741    2.1717523564   -2.4389334265 
    440       H                 2.1703023214    2.4466643660   -2.4424789895 
    441       O                -2.9590530452   -1.4673428347   -0.9942162007 
    442       O                -1.4674057001   -2.9591369617   -0.9941420686 
    443       O                -2.9590473945    1.5325735582   -0.9941914732 
    444       O                 1.5326278310   -2.9591201477   -0.9941706320 
    445       O                 2.9912234993   -1.4966653668   -2.0016033257 
    446       O                -1.4967863316    2.9911838543   -2.0015898176 
    447       O                -1.4966323946    2.9914059055    0.0120210138 
    448       O                 2.9914408564   -1.4968407777    0.0120214425 
    449       O                 1.5032257584    2.9910728766   -2.0016930461 
    450       O                 2.9913547401    1.5032433178   -2.0015688405 
    451       O                 2.9915076402    1.5032713481    0.0120312590 
    452       O                 1.5036056366    2.9915650057    0.0120402094 
    453       O                 2.4069351525    2.4084981684   -2.4932934146 
    454       Ti               -2.4563328637   -2.4564349722   -0.0181825213 
    455       Ti               -2.4566571687   -2.4568210046   -1.9709002566 
    456       O                -2.4793370850   -2.4794293158   -0.4908216576 
    457       O                -2.4797518444   -2.4799046505   -1.4982827805 
    458       Ti                2.5000000000    2.5000000000   -0.9945756786 
    459       Ti                2.5000000000   -2.5000000000   -0.9945756786 
    460       Ti               -2.5000000000    2.5000000000   -0.9945756786 
    461       Ti               -2.5000000000   -2.5000000000   -0.9945756786 
    462       O                -2.4797032807    2.5201948180   -1.4982764049 
    463       O                -2.4792817451    2.5206175802   -0.4907668340 
    464       O                 2.5207680561   -2.4793255913   -0.4908129602 
    465       O                 2.5204032277   -2.4797849026   -1.4981804665 
    466       Ti               -2.4565929627    2.5432381345   -1.9709362404 
    467       Ti               -2.4562191662    2.5436127624   -0.0181840960 
    468       Ti                2.5434676508   -2.4565838458   -1.9708354459 
    469       Ti                2.5437336585   -2.4563418461   -0.0181760029 
    470       O                 2.5202442630    2.5202210823   -1.4983061554 
    471       O                 2.5206675118    2.5205579414   -0.4909183468 
    472       Ba               -1.9778635589   -2.9779721398   -0.4732410315 
    473       Ba               -2.9778988166   -1.9779945486   -0.4732912267 
    474       Ba               -2.9780296275   -1.9780744028   -1.5159156748 
    475       Ba               -1.9781446822   -2.9782027814   -1.5158551460 
    476       Ti                2.5433930647    2.5433546484   -1.9708698049 
    477       Ti                2.5436988611    2.5435006823   -0.0182565826 
    478       Ba               -2.9778988166    2.0220054514   -0.4732912267 
    479       Ba               -2.9780296275    2.0219255972   -1.5159156748 
    480       Ba                2.0221364411   -2.9779721398   -0.4732410315 
    481       Ba                2.0218553178   -2.9782027814   -1.5158551460 
    482       O                -2.9590473945   -2.4674264418   -0.9941914732 
    483       O                -2.4673721690   -2.9591201477   -0.9941706320 
    484       O                -2.9590530452    2.5326571653   -0.9942162007 
    485       O                 2.5325942999   -2.9591369617   -0.9941420686 
    486       O                -2.4967742416    2.9910728766   -2.0016930461 
    487       O                -2.4963943634    2.9915650057    0.0120402094 
    488       O                 2.9913547401   -2.4967566822   -2.0015688405 
    489       O                 2.9915076402   -2.4967286519    0.0120312590 
    490       O                 2.5032136684    2.9911838543   -2.0015898176 
    491       O                 2.9912234993    2.5033346332   -2.0016033257 
    492       O                 2.9914408564    2.5031592223    0.0120214425 
    493       O                 2.5033676054    2.9914059055    0.0120210138 
    494       Ba               -2.9778429564   -2.9780043839   -0.4732291918 
    495       Ba               -2.9780768486   -2.9781914184   -1.5158116597 
