18
1
Ti	2.01636055	2.01636055	15.118002359999998
O	0.0	2.01636055	15.118002359999998
O	2.01636055	0.0	15.118002359999998
Ba	0.0	0.0	17.134362910000004
Ti	2.01636055	2.01636055	19.15072345
O	0.0	2.01636055	19.15072345
O	2.01636055	0.0	19.15072345
O	2.01636055	2.01636055	17.134362910000004
Ba	0.0	0.0	21.167084000000003
Ti	2.01636055	2.01636055	23.183444549999997
O	0.0	2.01636055	23.183444549999997
O	2.01636055	0.0	23.183444549999997
O	2.01636055	2.01636055	21.167084000000003
Ba	0.0	0.0	25.199805090000005
Ti	2.01636055	2.01636055	27.216165640000003
O	0.0	2.01636055	27.216165640000003
O	2.01636055	0.0	27.216165640000003
O	2.01636055	2.01636055	25.199805090000005
18
2
Ti	2.01636055	2.01636055	15.163857759999999
O	0.0	2.01636055	15.110211999999999
O	2.01636055	0.0	15.110211999999999
Ba	0.0	0.0	17.118645360000002
Ti	2.01636055	2.01636055	19.15359639
O	0.0	2.01636055	19.15217588
O	2.01636055	0.0	19.15217588
O	2.01636055	2.01636055	17.118874210000005
Ba	0.0	0.0	21.167084000000003
Ti	2.01636055	2.01636055	23.18057161
O	0.0	2.01636055	23.181992120000004
O	2.01636055	0.0	23.181992120000004
O	2.01636055	2.01636055	21.167084000000003
Ba	0.0	0.0	25.215522639999996
Ti	2.01636055	2.01636055	27.17031024
O	0.0	2.01636055	27.223956
O	2.01636055	0.0	27.223956
O	2.01636055	2.01636055	25.21529379
18
3
Ti	2.01636055	2.01636055	15.239977479999997
O	0.0	2.01636055	15.108059479999998
O	2.01636055	0.0	15.108059479999998
Ba	0.0	0.0	17.082246659999996
Ti	2.01636055	2.01636055	19.15882935
O	0.0	2.01636055	19.154713110000003
O	2.01636055	0.0	19.154713110000003
O	2.01636055	2.01636055	17.113590140000003
Ba	0.0	0.0	21.167084000000003
Ti	2.01636055	2.01636055	23.17533865
O	0.0	2.01636055	23.179454890000002
O	2.01636055	0.0	23.179454890000002
O	2.01636055	2.01636055	21.167084000000003
Ba	0.0	0.0	25.251921340000003
Ti	2.01636055	2.01636055	27.09419052
O	0.0	2.01636055	27.22610852
O	2.01636055	0.0	27.22610852
O	2.01636055	2.01636055	25.22057786
18
4
Ti	2.01636055	2.01636055	15.22657423
O	0.0	2.01636055	15.110211999999999
O	2.01636055	0.0	15.110211999999999
Ba	0.0	0.0	17.02606323
Ti	2.01636055	2.01636055	19.168279979999998
O	0.0	2.01636055	19.154506020000003
O	2.01636055	0.0	19.154506020000003
O	2.01636055	2.01636055	17.11857193
Ba	0.0	0.0	21.167084000000003
Ti	2.01636055	2.01636055	23.165888020000004
O	0.0	2.01636055	23.179661980000002
O	2.01636055	0.0	23.179661980000002
O	2.01636055	2.01636055	21.167084000000003
Ba	0.0	0.0	25.30810477
Ti	2.01636055	2.01636055	27.10759377
O	0.0	2.01636055	27.223956
O	2.01636055	0.0	27.223956
O	2.01636055	2.01636055	25.215596069999997
18
5
Ti	2.01636055	2.01636055	15.227208629999998
O	0.0	2.01636055	15.111170319999998
O	2.01636055	0.0	15.111170319999998
Ba	0.0	0.0	17.02656318
Ti	2.01636055	2.01636055	19.17853215
O	0.0	2.01636055	19.15359457
O	2.01636055	0.0	19.15359457
O	2.01636055	2.01636055	17.117809310000005
Ba	0.0	0.0	21.167084000000003
Ti	2.01636055	2.01636055	23.15563585
O	0.0	2.01636055	23.18057343
O	2.01636055	0.0	23.18057343
O	2.01636055	2.01636055	21.167084000000003
Ba	0.0	0.0	25.30760482
Ti	2.01636055	2.01636055	27.106959370000002
O	0.0	2.01636055	27.22299768
O	2.01636055	0.0	27.22299768
O	2.01636055	2.01636055	25.216358690000003
18
6
Ti	2.01636055	2.01636055	15.228652619999998
O	0.0	2.01636055	15.11334797
O	2.01636055	0.0	15.11334797
Ba	0.0	0.0	17.0262876
Ti	2.01636055	2.01636055	19.174035960000005
O	0.0	2.01636055	19.15449337
O	2.01636055	0.0	19.15449337
O	2.01636055	2.01636055	17.117493000000003
Ba	0.0	0.0	21.167084000000003
Ti	2.01636055	2.01636055	23.160132039999997
O	0.0	2.01636055	23.17967463
O	2.01636055	0.0	23.17967463
O	2.01636055	2.01636055	21.167084000000003
Ba	0.0	0.0	25.307880400000005
Ti	2.01636055	2.01636055	27.10551538
O	0.0	2.01636055	27.22082003
O	2.01636055	0.0	27.22082003
O	2.01636055	2.01636055	25.216675000000002
18
7
Ti	2.01636055	2.01636055	15.230604419999999
O	0.0	2.01636055	15.116670339999999
O	2.01636055	0.0	15.116670339999999
Ba	0.0	0.0	17.026299509999998
Ti	2.01636055	2.01636055	19.16662831
O	0.0	2.01636055	19.154773310000003
O	2.01636055	0.0	19.154773310000003
O	2.01636055	2.01636055	17.116781260000003
Ba	0.0	0.0	21.167084000000003
Ti	2.01636055	2.01636055	23.167539689999998
O	0.0	2.01636055	23.179394690000002
O	2.01636055	0.0	23.179394690000002
O	2.01636055	2.01636055	21.167084000000003
Ba	0.0	0.0	25.307868490000008
Ti	2.01636055	2.01636055	27.10356358
O	0.0	2.01636055	27.217497660000003
O	2.01636055	0.0	27.217497660000003
O	2.01636055	2.01636055	25.217386740000002
18
8
Ti	2.01636055	2.01636055	15.232728909999999
O	0.0	2.01636055	15.121221149999997
O	2.01636055	0.0	15.121221149999997
Ba	0.0	0.0	17.026541209999998
Ti	2.01636055	2.01636055	19.16811591
O	0.0	2.01636055	19.1544978
O	2.01636055	0.0	19.1544978
O	2.01636055	2.01636055	17.11553674
Ba	0.0	0.0	21.167084000000003
Ti	2.01636055	2.01636055	23.16605209
O	0.0	2.01636055	23.1796702
O	2.01636055	0.0	23.1796702
O	2.01636055	2.01636055	21.167084000000003
Ba	0.0	0.0	25.30762679
Ti	2.01636055	2.01636055	27.10143909
O	0.0	2.01636055	27.212946849999998
O	2.01636055	0.0	27.212946849999998
O	2.01636055	2.01636055	25.21863126
18
9
Ti	2.01636055	2.01636055	15.23242284
O	0.0	2.01636055	15.12670092
O	2.01636055	0.0	15.12670092
Ba	0.0	0.0	17.02700601
Ti	2.01636055	2.01636055	19.16862401
O	0.0	2.01636055	19.15400933
O	2.01636055	0.0	19.15400933
O	2.01636055	2.01636055	17.114147080000002
Ba	0.0	0.0	21.167084000000003
Ti	2.01636055	2.01636055	23.165543989999996
O	0.0	2.01636055	23.18015867
O	2.01636055	0.0	23.18015867
O	2.01636055	2.01636055	21.167084000000003
Ba	0.0	0.0	25.307161990000004
Ti	2.01636055	2.01636055	27.101745160000004
O	0.0	2.01636055	27.20746708
O	2.01636055	0.0	27.20746708
O	2.01636055	2.01636055	25.22002092
18
10
Ti	2.01636055	2.01636055	15.232728909999999
O	0.0	2.01636055	15.126346419999999
O	2.01636055	0.0	15.126346419999999
Ba	0.0	0.0	17.02776453
Ti	2.01636055	2.01636055	19.168527379999997
O	0.0	2.01636055	19.1533699
O	2.01636055	0.0	19.1533699
O	2.01636055	2.01636055	17.114315620000006
Ba	0.0	0.0	21.167084000000003
Ti	2.01636055	2.01636055	23.165640619999998
O	0.0	2.01636055	23.1807981
O	2.01636055	0.0	23.1807981
O	2.01636055	2.01636055	21.167084000000003
Ba	0.0	0.0	25.30640347
Ti	2.01636055	2.01636055	27.10143909
O	0.0	2.01636055	27.20782158
O	2.01636055	0.0	27.20782158
O	2.01636055	2.01636055	25.219852380000003
18
11
Ti	2.01636055	2.01636055	15.233501979999998
O	0.0	2.01636055	15.12572095
O	2.01636055	0.0	15.12572095
Ba	0.0	0.0	17.02875536
Ti	2.01636055	2.01636055	19.168236269999994
O	0.0	2.01636055	19.15265203
O	2.01636055	0.0	19.15265203
O	2.01636055	2.01636055	17.114750040000004
Ba	0.0	0.0	21.167084000000003
Ti	2.01636055	2.01636055	23.16593173
O	0.0	2.01636055	23.18151597
O	2.01636055	0.0	23.18151597
O	2.01636055	2.01636055	21.167084000000003
Ba	0.0	0.0	25.305412639999997
Ti	2.01636055	2.01636055	27.100666020000002
O	0.0	2.01636055	27.208447049999997
O	2.01636055	0.0	27.208447049999997
O	2.01636055	2.01636055	25.21941796
18
12
Ti	2.01636055	2.01636055	15.234360549999998
O	0.0	2.01636055	15.12577935
O	2.01636055	0.0	15.12577935
Ba	0.0	0.0	17.02983201
Ti	2.01636055	2.01636055	19.16779851
O	0.0	2.01636055	19.15269622
O	2.01636055	0.0	19.15269622
O	2.01636055	2.01636055	17.115451970000002
Ba	0.0	0.0	21.167084000000003
Ti	2.01636055	2.01636055	23.16636949
O	0.0	2.01636055	23.181471780000003
O	2.01636055	0.0	23.181471780000003
O	2.01636055	2.01636055	21.167084000000003
Ba	0.0	0.0	25.304335990000002
Ti	2.01636055	2.01636055	27.099807450000004
O	0.0	2.01636055	27.20838865
O	2.01636055	0.0	27.20838865
O	2.01636055	2.01636055	25.218716029999996
18
13
Ti	2.01636055	2.01636055	15.234125549999998
O	0.0	2.01636055	15.126108679999998
O	2.01636055	0.0	15.126108679999998
Ba	0.0	0.0	17.02980584
Ti	2.01636055	2.01636055	19.167907520000004
O	0.0	2.01636055	19.15270661
O	2.01636055	0.0	19.15270661
O	2.01636055	2.01636055	17.116491420000006
Ba	0.0	0.0	21.167084000000003
Ti	2.01636055	2.01636055	23.166260480000002
O	0.0	2.01636055	23.181461390000003
O	2.01636055	0.0	23.181461390000003
O	2.01636055	2.01636055	21.167084000000003
Ba	0.0	0.0	25.304362160000004
Ti	2.01636055	2.01636055	27.10004245
O	0.0	2.01636055	27.20805932
O	2.01636055	0.0	27.20805932
O	2.01636055	2.01636055	25.21767658
