primitive lattice vectors  3  3  1
  3.00000000  0.00000000  0.00000000
  0.00000000  3.00000000  0.00000000
  0.00000000  0.00000000 80.00000000
number of atoms in unit cell
126
atom, type, position vector
      1       Ba                0.0000000000    0.0000000000   -0.5037462655 
      2       Ba                0.0000159215   -0.0163495493   -1.4819412275 
      3       H                 0.0000103747   -0.2484670756   -2.1819710518 
      4       O                 0.0000129019   -0.4818533180   -2.1117650393 
      5       O                 0.0000182630    0.4895545934   -1.0196308968 
      6       O                 0.5000000000    0.0000000000    0.0000002457 
      7       O                 0.0000000000    0.5000000000    0.0000002457 
      8       O                 0.0000000000   -0.5000000000    0.0000002457 
      9       O                -0.5000000000    0.0000000000    0.0000002457 
     10       O                 0.5000138514   -0.0087116930   -2.0384091116 
     11       O                 0.5000159997   -0.0101008772   -1.0139540825 
     12       O                -0.4999861486   -0.0087116930   -2.0384091116 
     13       O                -0.4999840003   -0.0101008772   -1.0139540825 
     14       O                 0.0000182630   -0.5104454066   -1.0196308968 
     15       O                 0.0000129019    0.5181466820   -2.1117650393 
     16       Ti                0.5000124213    0.4634522226   -1.9942332159 
     17       Ti               -0.4999875787    0.4634522226   -1.9942332159 
     18       O                 0.5000286521    0.4841519772   -1.5473379390 
     19       O                -0.4999713479    0.4841519772   -1.5473379390 
     20       Ti                0.5000096442    0.4924034363   -0.9758692647 
     21       Ti               -0.4999903558    0.4924034363   -0.9758692647 
     22       Ti                0.5000000000    0.5000000000    0.0000000000 
     23       O                 0.5000000000    0.5000000000   -0.5005608276 
     24       Ti                0.5000000000   -0.5000000000    0.0000000000 
     25       O                 0.5000000000   -0.5000000000   -0.5005608276 
     26       Ti               -0.5000000000    0.5000000000    0.0000000000 
     27       O                -0.5000000000    0.5000000000   -0.5005608276 
     28       Ti               -0.5000000000   -0.5000000000    0.0000000000 
     29       O                -0.5000000000   -0.5000000000   -0.5005608276 
     30       Ti                0.5000096442   -0.5075965637   -0.9758692647 
     31       Ti               -0.4999903558   -0.5075965637   -0.9758692647 
     32       O                 0.5000286521   -0.5158480228   -1.5473379390 
     33       O                -0.4999713479   -0.5158480228   -1.5473379390 
     34       Ti                0.5000124213   -0.5365477774   -1.9942332159 
     35       Ti               -0.4999875787   -0.5365477774   -1.9942332159 
     36       H                 0.0000103747    0.7515329244   -2.1819710518 
     37       Ba                0.0000159215    0.9836504507   -1.4819412275 
     38       Ba                1.0000000000    0.0000000000   -0.5037462655 
     39       Ba                0.0000000000    1.0000000000   -0.5037462655 
     40       Ba                0.0000000000   -1.0000000000   -0.5037462655 
     41       Ba               -1.0000000000    0.0000000000   -0.5037462655 
     42       Ba                1.0000159215   -0.0163495493   -1.4819412275 
     43       Ba               -0.9999840785   -0.0163495493   -1.4819412275 
     44       Ba                0.0000159215   -1.0163495493   -1.4819412275 
     45       H                 1.0000103747   -0.2484670756   -2.1819710518 
     46       H                -0.9999896253   -0.2484670756   -2.1819710518 
     47       O                 0.5000159997    0.9898991228   -1.0139540825 
     48       O                -0.4999840003    0.9898991228   -1.0139540825 
     49       O                 1.0000129019   -0.4818533180   -2.1117650393 
     50       O                -0.9999870981   -0.4818533180   -2.1117650393 
     51       O                 0.5000138514    0.9912883070   -2.0384091116 
     52       O                -0.4999861486    0.9912883070   -2.0384091116 
     53       O                 1.0000182630    0.4895545934   -1.0196308968 
     54       O                -0.9999817370    0.4895545934   -1.0196308968 
     55       O                 1.0000000000    0.5000000000    0.0000002457 
     56       O                 0.5000000000    1.0000000000    0.0000002457 
     57       O                 1.0000000000   -0.5000000000    0.0000002457 
     58       O                -0.5000000000    1.0000000000    0.0000002457 
     59       O                 0.5000000000   -1.0000000000    0.0000002457 
     60       O                -1.0000000000    0.5000000000    0.0000002457 
     61       O                -0.5000000000   -1.0000000000    0.0000002457 
     62       O                -1.0000000000   -0.5000000000    0.0000002457 
     63       O                 1.0000182630   -0.5104454066   -1.0196308968 
     64       O                -0.9999817370   -0.5104454066   -1.0196308968 
     65       O                 0.5000138514   -1.0087116930   -2.0384091116 
     66       O                -0.4999861486   -1.0087116930   -2.0384091116 
     67       O                 1.0000129019    0.5181466820   -2.1117650393 
     68       O                -0.9999870981    0.5181466820   -2.1117650393 
     69       O                 0.5000159997   -1.0101008772   -1.0139540825 
     70       O                -0.4999840003   -1.0101008772   -1.0139540825 
     71       H                 0.0000103747   -1.2484670756   -2.1819710518 
     72       H                 1.0000103747    0.7515329244   -2.1819710518 
     73       H                -0.9999896253    0.7515329244   -2.1819710518 
     74       Ba                1.0000159215    0.9836504507   -1.4819412275 
     75       Ba               -0.9999840785    0.9836504507   -1.4819412275 
     76       Ba                1.0000000000    1.0000000000   -0.5037462655 
     77       Ba                1.0000000000   -1.0000000000   -0.5037462655 
     78       Ba               -1.0000000000    1.0000000000   -0.5037462655 
     79       Ba               -1.0000000000   -1.0000000000   -0.5037462655 
     80       Ba                1.0000159215   -1.0163495493   -1.4819412275 
     81       Ba               -0.9999840785   -1.0163495493   -1.4819412275 
     82       O                 0.0000129019   -1.4818533180   -2.1117650393 
     83       O                 0.0000182630    1.4895545934   -1.0196308968 
     84       O                 1.5000000000    0.0000000000    0.0000002457 
     85       O                 0.0000000000    1.5000000000    0.0000002457 
     86       O                 1.5000138514   -0.0087116930   -2.0384091116 
     87       O                 1.5000159997   -0.0101008772   -1.0139540825 
     88       Ti                0.5000124213    1.4634522226   -1.9942332159 
     89       Ti               -0.4999875787    1.4634522226   -1.9942332159 
     90       O                 0.5000286521    1.4841519772   -1.5473379390 
     91       O                -0.4999713479    1.4841519772   -1.5473379390 
     92       Ti                1.5000124213    0.4634522226   -1.9942332159 
     93       Ti                0.5000096442    1.4924034363   -0.9758692647 
     94       Ti               -0.4999903558    1.4924034363   -0.9758692647 
     95       O                 1.5000286521    0.4841519772   -1.5473379390 
     96       Ti                1.5000096442    0.4924034363   -0.9758692647 
     97       Ti                1.5000000000    0.5000000000    0.0000000000 
     98       O                 1.5000000000    0.5000000000   -0.5005608276 
     99       Ti                0.5000000000    1.5000000000    0.0000000000 
    100       O                 0.5000000000    1.5000000000   -0.5005608276 
    101       Ti                1.5000000000   -0.5000000000    0.0000000000 
    102       O                 1.5000000000   -0.5000000000   -0.5005608276 
    103       Ti               -0.5000000000    1.5000000000    0.0000000000 
    104       O                -0.5000000000    1.5000000000   -0.5005608276 
    105       Ti                1.5000096442   -0.5075965637   -0.9758692647 
    106       O                 1.5000286521   -0.5158480228   -1.5473379390 
    107       Ti                1.5000124213   -0.5365477774   -1.9942332159 
    108       H                 1.0000103747   -1.2484670756   -2.1819710518 
    109       H                -0.9999896253   -1.2484670756   -2.1819710518 
    110       O                 1.0000129019   -1.4818533180   -2.1117650393 
    111       O                -0.9999870981   -1.4818533180   -2.1117650393 
    112       O                 1.0000182630    1.4895545934   -1.0196308968 
    113       O                -0.9999817370    1.4895545934   -1.0196308968 
    114       O                 1.5000159997    0.9898991228   -1.0139540825 
    115       O                 1.5000138514    0.9912883070   -2.0384091116 
    116       O                 1.5000000000    1.0000000000    0.0000002457 
    117       O                 1.0000000000    1.5000000000    0.0000002457 
    118       O                 1.5000000000   -1.0000000000    0.0000002457 
    119       O                -1.0000000000    1.5000000000    0.0000002457 
    120       O                 1.5000138514   -1.0087116930   -2.0384091116 
    121       O                 1.5000159997   -1.0101008772   -1.0139540825 
    122       Ti                1.5000124213    1.4634522226   -1.9942332159 
    123       O                 1.5000286521    1.4841519772   -1.5473379390 
    124       Ti                1.5000096442    1.4924034363   -0.9758692647 
    125       Ti                1.5000000000    1.5000000000    0.0000000000 
    126       O                 1.5000000000    1.5000000000   -0.5005608276 
