primitive lattice vectors  3  3  1
  6.00000000  0.00000000  0.00000000
  0.00000000  6.00000000  0.00000000
  0.00000000  0.00000000 80.00000000
number of atoms in unit cell
495
atom, type, position vector
      1       Ba                0.0220797536    0.0219967790   -0.4733152747 
      2       Ba                0.0238330280    0.0237924464   -1.5179799580 
      3       O                -0.4677424810    0.0383647392   -0.9952253064 
      4       O                 0.0383886529   -0.4677573956   -0.9951886558 
      5       H                 0.4394455920    0.1709797452   -2.4426664110 
      6       H                 0.1695008282    0.4429494591   -2.4417964790 
      7       O                -0.0084939862   -0.4965160436    0.0120192112 
      8       O                -0.4968078754   -0.0086097304    0.0120308055 
      9       O                -0.4983964969   -0.0078401305   -2.0056633112 
     10       O                -0.0078129482   -0.4984321184   -2.0057140534 
     11       O                 0.5033685019   -0.0085643463    0.0120119714 
     12       O                -0.0084168387    0.5034651071    0.0119439069 
     13       O                 0.5062465189   -0.0195986059   -2.0090840093 
     14       O                -0.0199141794    0.5063294821   -2.0086089208 
     15       O                 0.0380380313    0.5309701817   -0.9968954256 
     16       O                 0.5310983707    0.0379047539   -0.9968618588 
     17       O                 0.4065605650    0.4085369014   -2.4968873656 
     18       Ti               -0.4563328637   -0.4564349722   -0.0181825213 
     19       Ti               -0.4589701195   -0.4589926941   -1.9683559092 
     20       O                -0.4793370850   -0.4794293158   -0.4908216576 
     21       O                -0.4796745717   -0.4798071236   -1.5008938562 
     22       Ti               -0.4977693025   -0.4979342534   -0.9936517889 
     23       Ti                0.4989493911    0.4988564035   -1.0034669497 
     24       Ti               -0.4999549471    0.5000890371   -0.9922640251 
     25       Ti                0.5001485832   -0.4999483188   -0.9922351059 
     26       O                -0.4792817451    0.5206175802   -0.4907668340 
     27       O                 0.5207680561   -0.4793255913   -0.4908129602 
     28       O                 0.5188940805   -0.4838803539   -1.5014557948 
     29       O                -0.4840458860    0.5189256172   -1.5012790009 
     30       Ti               -0.4562191662    0.5436127624   -0.0181840960 
     31       Ti                0.5437336585   -0.4563418461   -0.0181760029 
     32       Ti                0.5452255865   -0.4686086021   -1.9675352032 
     33       Ti               -0.4688673111    0.5451678634   -1.9674188338 
     34       O                 0.5195133801    0.5192745363   -1.5053536595 
     35       O                 0.5206675118    0.5205579414   -0.4909183468 
     36       Ti                0.5436988611    0.5435006823   -0.0182565826 
     37       Ti                0.5547345936    0.5544763054   -1.9951730254 
     38       Ba               -0.9778988166    0.0220054514   -0.4732912267 
     39       Ba                0.0221364411   -0.9779721398   -0.4732410315 
     40       Ba               -0.9809963322    0.0213328916   -1.5115958875 
     41       Ba                0.0214728932   -0.9811564586   -1.5117919412 
     42       Ba                0.0214728932    1.0188435414   -1.5117919412 
     43       Ba                1.0190036678    0.0213328916   -1.5115958875 
     44       Ba                0.0221364411    1.0220278602   -0.4732410315 
     45       Ba                1.0221011834    0.0220054514   -0.4732912267 
     46       O                -0.9614740411   -0.4676746192   -0.9955281621 
     47       O                -0.4674873299   -0.9615740169   -0.9954450988 
     48       O                -0.9609847829    0.5310544605   -0.9941397430 
     49       O                 0.5311015133   -0.9610324357   -0.9942870240 
     50       O                -0.4963943634    0.9915650057    0.0120402094 
     51       O                 0.9915076402   -0.4967286519    0.0120312590 
     52       O                 0.9914408564    0.5031592223    0.0120214425 
     53       O                 0.5033676054    0.9914059055    0.0120210138 
     54       O                 0.9966421432   -0.5000356375   -1.9998239270 
     55       O                -0.5001454498    0.9967043853   -2.0002529611 
     56       O                -0.5001454498   -1.0032956147   -2.0002529611 
     57       O                -1.0033578568   -0.5000356375   -1.9998239270 
     58       O                -0.9997766096    0.5078134491   -2.0082583710 
     59       O                 0.5080292073    1.0000055093   -2.0083720647 
     60       O                 0.5080292073   -0.9999944907   -2.0083720647 
     61       O                 1.0002233904    0.5078134491   -2.0082583710 
     62       O                -0.4963943634   -1.0084349943    0.0120402094 
     63       O                -1.0084923598   -0.4967286519    0.0120312590 
     64       O                -1.0085591436    0.5031592223    0.0120214425 
     65       O                 0.5033676054   -1.0085940945    0.0120210138 
     66       O                -0.4674873299    1.0384259831   -0.9954450988 
     67       O                 1.0385259589   -0.4676746192   -0.9955281621 
     68       O                 0.5311015133    1.0389675643   -0.9942870240 
     69       O                 1.0390152171    0.5310544605   -0.9941397430 
     70       Ba               -0.9775032617   -0.9774491210   -1.5018195037 
     71       Ba               -0.9778429564   -0.9780043839   -0.4732291918 
     72       Ba               -0.9778429564    1.0219956161   -0.4732291918 
     73       Ba                1.0224967383   -0.9774491210   -1.5018195037 
     74       Ba               -0.9775032617    1.0225508790   -1.5018195037 
     75       Ba                1.0221570436   -0.9780043839   -0.4732291918 
     76       Ba                1.0221570436    1.0219956161   -0.4732291918 
     77       Ba                1.0224967383    1.0225508790   -1.5018195037 
     78       O                -1.4689016293    0.0379047539   -0.9968618588 
     79       O                 0.0380380313   -1.4690298183   -0.9968954256 
     80       O                -0.0199141794   -1.4936705179   -2.0086089208 
     81       O                -1.4937534811   -0.0195986059   -2.0090840093 
     82       O                -0.0084168387   -1.4965348929    0.0119439069 
     83       O                -1.4966314981   -0.0085643463    0.0120119714 
     84       O                -0.0078129482    1.5015678816   -2.0057140534 
     85       O                 1.5016035031   -0.0078401305   -2.0056633112 
     86       O                 1.5031921246   -0.0086097304    0.0120308055 
     87       O                -0.0084939862    1.5034839564    0.0120192112 
     88       Ti               -1.4562663415   -0.4563418461   -0.0181760029 
     89       Ti               -0.4562191662   -1.4563872376   -0.0181840960 
     90       Ti               -1.4547744135   -0.4686086021   -1.9675352032 
     91       Ti               -0.4688673111   -1.4548321366   -1.9674188338 
     92       O                 0.0383886529    1.5322426044   -0.9951886558 
     93       O                 1.5322575190    0.0383647392   -0.9952253064 
     94       Ti               -1.4452654064    0.5544763054   -1.9951730254 
     95       Ti                0.5547345936   -1.4455236946   -1.9951730254 
     96       Ti               -1.4563011389    0.5435006823   -0.0182565826 
     97       Ti                0.5436988611   -1.4564993177   -0.0182565826 
     98       O                -1.4792319439   -0.4793255913   -0.4908129602 
     99       O                -0.4792817451   -1.4793824198   -0.4907668340 
    100       O                -1.4811059195   -0.4838803539   -1.5014557948 
    101       O                -0.4840458860   -1.4810743828   -1.5012790009 
    102       H                 0.1695008282   -1.5570505409   -2.4417964790 
    103       O                -1.4793324882    0.5205579414   -0.4909183468 
    104       O                 0.5206675118   -1.4794420586   -0.4909183468 
    105       O                -1.4804866199    0.5192745363   -1.5053536595 
    106       O                 0.5195133801   -1.4807254637   -1.5053536595 
    107       H                -1.5605544080    0.1709797452   -2.4426664110 
    108       Ti               -1.4998514168   -0.4999483188   -0.9922351059 
    109       Ti               -0.4999549471   -1.4999109629   -0.9922640251 
    110       Ti                1.5000450529    0.5000890371   -0.9922640251 
    111       Ti                0.5001485832    1.5000516812   -0.9922351059 
    112       Ti               -1.5010506089    0.4988564035   -1.0034669497 
    113       Ti                0.4989493911   -1.5011435965   -1.0034669497 
    114       Ti               -0.4977693025    1.5020657466   -0.9936517889 
    115       Ti                1.5022306975   -0.4979342534   -0.9936517889 
    116       O                -0.4796745717    1.5201928764   -1.5008938562 
    117       O                 1.5203254283   -0.4798071236   -1.5008938562 
    118       O                -0.4793370850    1.5205706842   -0.4908216576 
    119       O                 1.5206629150   -0.4794293158   -0.4908216576 
    120       O                 1.5159541140    0.5189256172   -1.5012790009 
    121       O                 0.5188940805    1.5161196461   -1.5014557948 
    122       O                 1.5207182549    0.5206175802   -0.4907668340 
    123       O                 0.5207680561    1.5206744087   -0.4908129602 
    124       Ti               -0.4589701195    1.5410073059   -1.9683559092 
    125       Ti                1.5410298805   -0.4589926941   -1.9683559092 
    126       Ti               -0.4563328637    1.5435650278   -0.0181825213 
    127       Ti                1.5436671363   -0.4564349722   -0.0181825213 
    128       Ti                1.5311326889    0.5451678634   -1.9674188338 
    129       Ti                0.5452255865    1.5313913979   -1.9675352032 
    130       Ti                0.5437336585    1.5436581539   -0.0181760029 
    131       Ti                1.5437808338    0.5436127624   -0.0181840960 
    132       O                 0.4065605650   -1.5914630986   -2.4968873656 
    133       O                -1.5934394350    0.4085369014   -2.4968873656 
    134       O                -1.4688984867   -0.9610324357   -0.9942870240 
    135       O                -0.9609847829   -1.4689455395   -0.9941397430 
    136       O                -1.4966323946    0.9914059055    0.0120210138 
    137       O                 0.9914408564   -1.4968407777    0.0120214425 
    138       O                -1.4919707927    1.0000055093   -2.0083720647 
    139       O                -1.4919707927   -0.9999944907   -2.0083720647 
    140       O                -0.9997766096   -1.4921865509   -2.0082583710 
    141       O                 1.0002233904   -1.4921865509   -2.0082583710 
    142       O                -1.4688984867    1.0389675643   -0.9942870240 
    143       O                 1.0390152171   -1.4689455395   -0.9941397430 
    144       O                 0.9915076402    1.5032713481    0.0120312590 
    145       O                 1.4998545502    0.9967043853   -2.0002529611 
    146       O                 0.9966421432    1.4999643625   -1.9998239270 
    147       O                 1.5036056366    0.9915650057    0.0120402094 
    148       O                 1.4998545502   -1.0032956147   -2.0002529611 
    149       O                -1.0033578568    1.4999643625   -1.9998239270 
    150       O                -1.4966323946   -1.0085940945    0.0120210138 
    151       O                -1.0085591436   -1.4968407777    0.0120214425 
    152       O                -0.9614740411    1.5323253808   -0.9955281621 
    153       O                 1.5325126701   -0.9615740169   -0.9954450988 
    154       O                -1.0084923598    1.5032713481    0.0120312590 
    155       O                 1.5036056366   -1.0084349943    0.0120402094 
    156       O                 1.0385259589    1.5323253808   -0.9955281621 
    157       O                 1.5325126701    1.0384259831   -0.9954450988 
    158       H                 0.4394455920   -1.8290202548   -2.4426664110 
    159       H                -1.8304991718    0.4429494591   -2.4417964790 
    160       Ba               -1.9761669720    0.0237924464   -1.5179799580 
    161       Ba                0.0238330280   -1.9762075536   -1.5179799580 
    162       Ba               -1.9779202464    0.0219967790   -0.4733152747 
    163       Ba                0.0220797536   -1.9780032210   -0.4733152747 
    164       O                -1.9616113471   -0.4677573956   -0.9951886558 
    165       O                -0.4677424810   -1.9616352608   -0.9952253064 
    166       Ba                0.0220797536    2.0219967790   -0.4733152747 
    167       Ba                2.0220797536    0.0219967790   -0.4733152747 
    168       Ba                0.0238330280    2.0237924464   -1.5179799580 
    169       Ba                2.0238330280    0.0237924464   -1.5179799580 
    170       O                -1.9619619687    0.5309701817   -0.9968954256 
    171       O                 0.5310983707   -1.9620952461   -0.9968618588 
    172       O                 1.9800858206    0.5063294821   -2.0086089208 
    173       O                 0.5062465189    1.9804013941   -2.0090840093 
    174       Ti               -1.4452654064   -1.4455236946   -1.9951730254 
    175       O                -0.4968078754    1.9913902696    0.0120308055 
    176       O                 1.9915060138   -0.4965160436    0.0120192112 
    177       O                -0.4983964969    1.9921598695   -2.0056633112 
    178       O                 1.9921870518   -0.4984321184   -2.0057140534 
    179       O                 0.5033685019    1.9914356537    0.0120119714 
    180       O                 1.9915831613    0.5034651071    0.0119439069 
    181       Ti               -1.4563011389   -1.4564993177   -0.0182565826 
    182       O                -2.0078129482   -0.4984321184   -2.0057140534 
    183       O                -0.4983964969   -2.0078401305   -2.0056633112 
    184       O                -2.0084939862   -0.4965160436    0.0120192112 
    185       O                -0.4968078754   -2.0086097304    0.0120308055 
    186       O                -2.0084168387    0.5034651071    0.0119439069 
    187       O                 0.5033685019   -2.0085643463    0.0120119714 
    188       O                 0.5062465189   -2.0195986059   -2.0090840093 
    189       O                -2.0199141794    0.5063294821   -2.0086089208 
    190       O                -0.4677424810    2.0383647392   -0.9952253064 
    191       O                 2.0383886529   -0.4677573956   -0.9951886558 
    192       O                -1.4793324882   -1.4794420586   -0.4909183468 
    193       O                -1.4804866199   -1.4807254637   -1.5053536595 
    194       O                 0.5310983707    2.0379047539   -0.9968618588 
    195       O                 2.0380380313    0.5309701817   -0.9968954256 
    196       Ti                1.5311326889   -1.4548321366   -1.9674188338 
    197       Ti               -1.4547744135    1.5313913979   -1.9675352032 
    198       O                 1.5159541140   -1.4810743828   -1.5012790009 
    199       O                -1.4811059195    1.5161196461   -1.5014557948 
    200       Ti               -1.4998514168    1.5000516812   -0.9922351059 
    201       Ti                1.5000450529   -1.4999109629   -0.9922640251 
    202       O                -1.4792319439    1.5206744087   -0.4908129602 
    203       O                 1.5207182549   -1.4793824198   -0.4907668340 
    204       Ti               -1.4562663415    1.5436581539   -0.0181760029 
    205       Ti                1.5437808338   -1.4563872376   -0.0181840960 
    206       Ti               -1.5010506089   -1.5011435965   -1.0034669497 
    207       Ti                1.5022306975    1.5020657466   -0.9936517889 
    208       O                 1.5203254283    1.5201928764   -1.5008938562 
    209       O                 1.5206629150    1.5205706842   -0.4908216576 
    210       Ti                1.5410298805    1.5410073059   -1.9683559092 
    211       Ti                1.5436671363    1.5435650278   -0.0181825213 
    212       Ba               -1.9778635589   -0.9779721398   -0.4732410315 
    213       Ba               -0.9778988166   -1.9779945486   -0.4732912267 
    214       Ba               -1.9785271068   -0.9811564586   -1.5117919412 
    215       Ba               -0.9809963322   -1.9786671084   -1.5115958875 
    216       H                 2.1695008282    0.4429494591   -2.4417964790 
    217       H                 0.4394455920    2.1709797452   -2.4426664110 
    218       Ba               -1.9785271068    1.0188435414   -1.5117919412 
    219       Ba                1.0190036678   -1.9786671084   -1.5115958875 
    220       Ba               -1.9778635589    1.0220278602   -0.4732410315 
    221       Ba                1.0221011834   -1.9779945486   -0.4732912267 
    222       Ba               -0.9778988166    2.0220054514   -0.4732912267 
    223       Ba                2.0221364411   -0.9779721398   -0.4732410315 
    224       Ba               -0.9809963322    2.0213328916   -1.5115958875 
    225       Ba                2.0214728932   -0.9811564586   -1.5117919412 
    226       O                -1.5934394350   -1.5914630986   -2.4968873656 
    227       Ba                1.0190036678    2.0213328916   -1.5115958875 
    228       Ba                2.0214728932    1.0188435414   -1.5117919412 
    229       Ba                1.0221011834    2.0220054514   -0.4732912267 
    230       Ba                2.0221364411    1.0220278602   -0.4732410315 
    231       H                -1.8304991718   -1.5570505409   -2.4417964790 
    232       H                -1.5605544080   -1.8290202548   -2.4426664110 
    233       O                 2.4065605650    0.4085369014   -2.4968873656 
    234       O                 0.4065605650    2.4085369014   -2.4968873656 
    235       H                 2.4394455920    0.1709797452   -2.4426664110 
    236       H                 0.1695008282    2.4429494591   -2.4417964790 
    237       O                -1.9619619687   -1.4690298183   -0.9968954256 
    238       O                -1.4689016293   -1.9620952461   -0.9968618588 
    239       O                -2.4677424810    0.0383647392   -0.9952253064 
    240       O                 0.0383886529   -2.4677573956   -0.9951886558 
    241       O                 1.9800858206   -1.4936705179   -2.0086089208 
    242       O                -1.4937534811    1.9804013941   -2.0090840093 
    243       O                -1.9616113471    1.5322426044   -0.9951886558 
    244       O                 1.5322575190   -1.9616352608   -0.9952253064 
    245       O                -1.4966314981    1.9914356537    0.0120119714 
    246       O                 1.9915831613   -1.4965348929    0.0119439069 
    247       O                 1.9921870518    1.5015678816   -2.0057140534 
    248       O                 1.5016035031    1.9921598695   -2.0056633112 
    249       O                 1.5031921246    1.9913902696    0.0120308055 
    250       O                 1.9915060138    1.5034839564    0.0120192112 
    251       O                -0.0084939862   -2.4965160436    0.0120192112 
    252       O                -2.4968078754   -0.0086097304    0.0120308055 
    253       Ti               -2.4563328637   -0.4564349722   -0.0181825213 
    254       O                -2.4983964969   -0.0078401305   -2.0056633112 
    255       O                -0.0078129482   -2.4984321184   -2.0057140534 
    256       Ti               -0.4563328637   -2.4564349722   -0.0181825213 
    257       Ti               -2.4589701195   -0.4589926941   -1.9683559092 
    258       Ti               -0.4589701195   -2.4589926941   -1.9683559092 
    259       O                 2.5033685019   -0.0085643463    0.0120119714 
    260       O                -0.0084168387    2.5034651071    0.0119439069 
    261       O                -2.0084168387   -1.4965348929    0.0119439069 
    262       O                -1.4966314981   -2.0085643463    0.0120119714 
    263       O                 2.5062465189   -0.0195986059   -2.0090840093 
    264       O                -0.0199141794    2.5063294821   -2.0086089208 
    265       O                -2.0078129482    1.5015678816   -2.0057140534 
    266       O                 1.5016035031   -2.0078401305   -2.0056633112 
    267       O                 1.5031921246   -2.0086097304    0.0120308055 
    268       O                -2.0084939862    1.5034839564    0.0120192112 
    269       O                -1.4937534811   -2.0195986059   -2.0090840093 
    270       O                -1.4689016293    2.0379047539   -0.9968618588 
    271       O                -2.0199141794   -1.4936705179   -2.0086089208 
    272       O                 2.0380380313   -1.4690298183   -0.9968954256 
    273       Ti               -2.4562191662    0.5436127624   -0.0181840960 
    274       Ti                0.5437336585   -2.4563418461   -0.0181760029 
    275       O                -2.4793370850   -0.4794293158   -0.4908216576 
    276       O                -0.4793370850   -2.4794293158   -0.4908216576 
    277       O                -2.4796745717   -0.4798071236   -1.5008938562 
    278       O                -0.4796745717   -2.4798071236   -1.5008938562 
    279       Ti                0.5452255865   -2.4686086021   -1.9675352032 
    280       Ti               -2.4688673111    0.5451678634   -1.9674188338 
    281       O                 0.0380380313    2.5309701817   -0.9968954256 
    282       O                 2.5310983707    0.0379047539   -0.9968618588 
    283       O                -2.4792817451    0.5206175802   -0.4907668340 
    284       O                 0.5207680561   -2.4793255913   -0.4908129602 
    285       O                 0.5188940805   -2.4838803539   -1.5014557948 
    286       O                -2.4840458860    0.5189256172   -1.5012790009 
    287       Ti               -2.4977693025   -0.4979342534   -0.9936517889 
    288       Ti               -0.4977693025   -2.4979342534   -0.9936517889 
    289       Ti                0.4989493911    2.4988564035   -1.0034669497 
    290       Ti                2.4989493911    0.4988564035   -1.0034669497 
    291       Ti                0.5001485832   -2.4999483188   -0.9922351059 
    292       Ti               -2.4999549471    0.5000890371   -0.9922640251 
    293       Ti               -0.4999549471    2.5000890371   -0.9922640251 
    294       Ti                2.5001485832   -0.4999483188   -0.9922351059 
    295       O                 1.5322575190    2.0383647392   -0.9952253064 
    296       O                 2.0383886529    1.5322426044   -0.9951886558 
    297       O                 2.5188940805   -0.4838803539   -1.5014557948 
    298       O                -0.4840458860    2.5189256172   -1.5012790009 
    299       O                -0.4792817451    2.5206175802   -0.4907668340 
    300       O                 2.5207680561   -0.4793255913   -0.4908129602 
    301       O                 0.5195133801    2.5192745363   -1.5053536595 
    302       O                 2.5195133801    0.5192745363   -1.5053536595 
    303       O                 0.5206675118    2.5205579414   -0.4909183468 
    304       O                 2.5206675118    0.5205579414   -0.4909183468 
    305       Ti               -0.4562191662    2.5436127624   -0.0181840960 
    306       Ti                2.5437336585   -0.4563418461   -0.0181760029 
    307       Ti               -0.4688673111    2.5451678634   -1.9674188338 
    308       Ti                2.5452255865   -0.4686086021   -1.9675352032 
    309       Ti                0.5436988611    2.5435006823   -0.0182565826 
    310       Ti                2.5436988611    0.5435006823   -0.0182565826 
    311       Ti                0.5547345936    2.5544763054   -1.9951730254 
    312       Ti                2.5547345936    0.5544763054   -1.9951730254 
    313       O                -2.4674873299   -0.9615740169   -0.9954450988 
    314       O                -0.9614740411   -2.4676746192   -0.9955281621 
    315       H                 2.1695008282   -1.5570505409   -2.4417964790 
    316       H                -1.5605544080    2.1709797452   -2.4426664110 
    317       O                -2.4674873299    1.0384259831   -0.9954450988 
    318       O                 1.0385259589   -2.4676746192   -0.9955281621 
    319       O                -2.4963943634    0.9915650057    0.0120402094 
    320       O                 0.9915076402   -2.4967286519    0.0120312590 
    321       O                 0.9966421432   -2.5000356375   -1.9998239270 
    322       O                -2.5001454498    0.9967043853   -2.0002529611 
    323       O                 0.9914408564    2.5031592223    0.0120214425 
    324       O                -2.4963943634   -1.0084349943    0.0120402094 
    325       O                 2.5033676054    0.9914059055    0.0120210138 
    326       O                -1.0084923598   -2.4967286519    0.0120312590 
    327       O                -1.0033578568   -2.5000356375   -1.9998239270 
    328       O                -2.5001454498   -1.0032956147   -2.0002529611 
    329       O                -1.0085591436    2.5031592223    0.0120214425 
    330       O                 2.5033676054   -1.0085940945    0.0120210138 
    331       O                -0.9997766096    2.5078134491   -2.0082583710 
    332       O                 1.0002233904    2.5078134491   -2.0082583710 
    333       O                 2.5080292073    1.0000055093   -2.0083720647 
    334       O                 2.5080292073   -0.9999944907   -2.0083720647 
    335       O                -0.9609847829    2.5310544605   -0.9941397430 
    336       O                 2.5311015133   -0.9610324357   -0.9942870240 
    337       O                 1.0390152171    2.5310544605   -0.9941397430 
    338       O                 2.5311015133    1.0389675643   -0.9942870240 
    339       Ba               -1.9761669720   -1.9762075536   -1.5179799580 
    340       Ba               -1.9779202464   -1.9780032210   -0.4733152747 
    341       Ba               -1.9779202464    2.0219967790   -0.4733152747 
    342       Ba               -1.9761669720    2.0237924464   -1.5179799580 
    343       Ba                2.0238330280   -1.9762075536   -1.5179799580 
    344       Ba                2.0220797536   -1.9780032210   -0.4733152747 
    345       Ti               -2.4562191662   -1.4563872376   -0.0181840960 
    346       Ti               -1.4562663415   -2.4563418461   -0.0181760029 
    347       Ba                2.0220797536    2.0219967790   -0.4733152747 
    348       Ba                2.0238330280    2.0237924464   -1.5179799580 
    349       Ti               -1.4547744135   -2.4686086021   -1.9675352032 
    350       Ti               -2.4688673111   -1.4548321366   -1.9674188338 
    351       O                 2.4065605650   -1.5914630986   -2.4968873656 
    352       O                -1.4792319439   -2.4793255913   -0.4908129602 
    353       O                -2.4792817451   -1.4793824198   -0.4907668340 
    354       O                -1.5934394350    2.4085369014   -2.4968873656 
    355       O                -1.4811059195   -2.4838803539   -1.5014557948 
    356       O                -2.4840458860   -1.4810743828   -1.5012790009 
    357       Ti               -2.4563328637    1.5435650278   -0.0181825213 
    358       Ti                1.5436671363   -2.4564349722   -0.0181825213 
    359       Ti               -2.4589701195    1.5410073059   -1.9683559092 
    360       Ti                1.5410298805   -2.4589926941   -1.9683559092 
    361       O                -2.4793370850    1.5205706842   -0.4908216576 
    362       O                -2.4796745717    1.5201928764   -1.5008938562 
    363       O                 1.5206629150   -2.4794293158   -0.4908216576 
    364       O                 1.5203254283   -2.4798071236   -1.5008938562 
    365       Ti               -2.4977693025    1.5020657466   -0.9936517889 
    366       Ti                1.5022306975   -2.4979342534   -0.9936517889 
    367       Ti               -1.5010506089    2.4988564035   -1.0034669497 
    368       Ti                2.4989493911   -1.5011435965   -1.0034669497 
    369       Ti               -1.4998514168   -2.4999483188   -0.9922351059 
    370       Ti               -2.4999549471   -1.4999109629   -0.9922640251 
    371       Ti                1.5000450529    2.5000890371   -0.9922640251 
    372       Ti                2.5001485832    1.5000516812   -0.9922351059 
    373       O                -1.4804866199    2.5192745363   -1.5053536595 
    374       O                 2.5195133801   -1.4807254637   -1.5053536595 
    375       O                -1.4793324882    2.5205579414   -0.4909183468 
    376       O                 2.5206675118   -1.4794420586   -0.4909183468 
    377       Ti               -1.4563011389    2.5435006823   -0.0182565826 
    378       Ti                2.5436988611   -1.4564993177   -0.0182565826 
    379       Ti               -1.4452654064    2.5544763054   -1.9951730254 
    380       Ti                2.5547345936   -1.4455236946   -1.9951730254 
    381       O                 1.5159541140    2.5189256172   -1.5012790009 
    382       O                 2.5188940805    1.5161196461   -1.5014557948 
    383       O                 1.5207182549    2.5206175802   -0.4907668340 
    384       O                 2.5207680561    1.5206744087   -0.4908129602 
    385       Ti                1.5311326889    2.5451678634   -1.9674188338 
    386       Ti                2.5452255865    1.5313913979   -1.9675352032 
    387       Ti                1.5437808338    2.5436127624   -0.0181840960 
    388       Ti                2.5437336585    1.5436581539   -0.0181760029 
    389       Ba               -2.9778988166    0.0220054514   -0.4732912267 
    390       Ba                0.0221364411   -2.9779721398   -0.4732410315 
    391       Ba               -2.9809963322    0.0213328916   -1.5115958875 
    392       Ba                0.0214728932   -2.9811564586   -1.5117919412 
    393       O                -2.9614740411   -0.4676746192   -0.9955281621 
    394       O                -0.4674873299   -2.9615740169   -0.9954450988 
    395       O                -2.9609847829    0.5310544605   -0.9941397430 
    396       O                 0.5311015133   -2.9610324357   -0.9942870240 
    397       O                 2.9915076402   -0.4967286519    0.0120312590 
    398       O                -0.4963943634    2.9915650057    0.0120402094 
    399       O                 2.9914408564    0.5031592223    0.0120214425 
    400       O                 0.5033676054    2.9914059055    0.0120210138 
    401       O                 2.9966421432   -0.5000356375   -1.9998239270 
    402       O                -0.5001454498    2.9967043853   -2.0002529611 
    403       O                -2.9997766096    0.5078134491   -2.0082583710 
    404       O                 0.5080292073    3.0000055093   -2.0083720647 
    405       H                 2.4394455920   -1.8290202548   -2.4426664110 
    406       H                -1.8304991718    2.4429494591   -2.4417964790 
    407       Ba               -0.9775032617   -2.9774491210   -1.5018195037 
    408       Ba               -2.9775032617   -0.9774491210   -1.5018195037 
    409       Ba               -2.9778429564   -0.9780043839   -0.4732291918 
    410       Ba               -0.9778429564   -2.9780043839   -0.4732291918 
    411       Ba                1.0224967383   -2.9774491210   -1.5018195037 
    412       Ba               -2.9775032617    1.0225508790   -1.5018195037 
    413       Ba               -2.9778429564    1.0219956161   -0.4732291918 
    414       Ba                1.0221570436   -2.9780043839   -0.4732291918 
    415       O                -1.9616113471   -2.4677573956   -0.9951886558 
    416       O                -2.4677424810   -1.9616352608   -0.9952253064 
    417       O                 1.9915060138   -2.4965160436    0.0120192112 
    418       O                -2.4968078754    1.9913902696    0.0120308055 
    419       O                 1.9800858206    2.5063294821   -2.0086089208 
    420       O                 2.5062465189    1.9804013941   -2.0090840093 
    421       O                -2.4983964969    1.9921598695   -2.0056633112 
    422       O                 1.9921870518   -2.4984321184   -2.0057140534 
    423       O                 2.5033685019    1.9914356537    0.0120119714 
    424       O                 1.9915831613    2.5034651071    0.0119439069 
    425       O                -2.4677424810    2.0383647392   -0.9952253064 
    426       O                 2.0383886529   -2.4677573956   -0.9951886558 
    427       O                -1.9619619687    2.5309701817   -0.9968954256 
    428       O                 2.5310983707   -1.9620952461   -0.9968618588 
    429       O                -2.0084939862   -2.4965160436    0.0120192112 
    430       O                -2.4968078754   -2.0086097304    0.0120308055 
    431       O                -2.4983964969   -2.0078401305   -2.0056633112 
    432       O                -2.0078129482   -2.4984321184   -2.0057140534 
    433       O                -2.0084168387    2.5034651071    0.0119439069 
    434       O                 2.5033685019   -2.0085643463    0.0120119714 
    435       O                 2.5062465189   -2.0195986059   -2.0090840093 
    436       O                -2.0199141794    2.5063294821   -2.0086089208 
    437       O                 2.0380380313    2.5309701817   -0.9968954256 
    438       O                 2.5310983707    2.0379047539   -0.9968618588 
    439       H                 2.4394455920    2.1709797452   -2.4426664110 
    440       H                 2.1695008282    2.4429494591   -2.4417964790 
    441       O                -2.9609847829   -1.4689455395   -0.9941397430 
    442       O                -1.4688984867   -2.9610324357   -0.9942870240 
    443       O                -2.9614740411    1.5323253808   -0.9955281621 
    444       O                 1.5325126701   -2.9615740169   -0.9954450988 
    445       O                -1.4966323946    2.9914059055    0.0120210138 
    446       O                 2.9914408564   -1.4968407777    0.0120214425 
    447       O                 2.9915076402    1.5032713481    0.0120312590 
    448       O                 1.5036056366    2.9915650057    0.0120402094 
    449       O                -2.9997766096   -1.4921865509   -2.0082583710 
    450       O                -1.4919707927    3.0000055093   -2.0083720647 
    451       O                 2.9966421432    1.4999643625   -1.9998239270 
    452       O                 1.4998545502    2.9967043853   -2.0002529611 
    453       O                 2.4065605650    2.4085369014   -2.4968873656 
    454       Ti               -2.4563328637   -2.4564349722   -0.0181825213 
    455       Ti               -2.4589701195   -2.4589926941   -1.9683559092 
    456       O                -2.4793370850   -2.4794293158   -0.4908216576 
    457       O                -2.4796745717   -2.4798071236   -1.5008938562 
    458       Ti               -2.4977693025   -2.4979342534   -0.9936517889 
    459       Ti                2.4989493911    2.4988564035   -1.0034669497 
    460       Ti               -2.4999549471    2.5000890371   -0.9922640251 
    461       O                -2.4792817451    2.5206175802   -0.4907668340 
    462       Ti                2.5001485832   -2.4999483188   -0.9922351059 
    463       O                 2.5207680561   -2.4793255913   -0.4908129602 
    464       Ti               -2.4562191662    2.5436127624   -0.0181840960 
    465       Ti                2.5437336585   -2.4563418461   -0.0181760029 
    466       O                 2.5188940805   -2.4838803539   -1.5014557948 
    467       O                -2.4840458860    2.5189256172   -1.5012790009 
    468       Ti                2.5452255865   -2.4686086021   -1.9675352032 
    469       Ti               -2.4688673111    2.5451678634   -1.9674188338 
    470       O                 2.5195133801    2.5192745363   -1.5053536595 
    471       O                 2.5206675118    2.5205579414   -0.4909183468 
    472       Ba               -1.9778635589   -2.9779721398   -0.4732410315 
    473       Ba               -2.9778988166   -1.9779945486   -0.4732912267 
    474       Ba               -2.9809963322   -1.9786671084   -1.5115958875 
    475       Ba               -1.9785271068   -2.9811564586   -1.5117919412 
    476       Ti                2.5436988611    2.5435006823   -0.0182565826 
    477       Ba               -2.9778988166    2.0220054514   -0.4732912267 
    478       Ba                2.0221364411   -2.9779721398   -0.4732410315 
    479       Ba               -2.9809963322    2.0213328916   -1.5115958875 
    480       Ba                2.0214728932   -2.9811564586   -1.5117919412 
    481       Ti                2.5547345936    2.5544763054   -1.9951730254 
    482       O                -2.4674873299   -2.9615740169   -0.9954450988 
    483       O                -2.9614740411   -2.4676746192   -0.9955281621 
    484       O                -2.9609847829    2.5310544605   -0.9941397430 
    485       O                 2.5311015133   -2.9610324357   -0.9942870240 
    486       O                -2.4963943634    2.9915650057    0.0120402094 
    487       O                 2.9915076402   -2.4967286519    0.0120312590 
    488       O                 2.9914408564    2.5031592223    0.0120214425 
    489       O                 2.5033676054    2.9914059055    0.0120210138 
    490       O                 2.9966421432   -2.5000356375   -1.9998239270 
    491       O                -2.5001454498    2.9967043853   -2.0002529611 
    492       O                -2.9997766096    2.5078134491   -2.0082583710 
    493       O                 2.5080292073    3.0000055093   -2.0083720647 
    494       Ba               -2.9775032617   -2.9774491210   -1.5018195037 
    495       Ba               -2.9778429564   -2.9780043839   -0.4732291918 
