126
5x1x1 BTO with H; top 3 layers free; (small) slab for visualization
Ba   0   0   -2.03146445
Ba   0.0001204926451   -0.03067989193   -5.995748527
H   0.0001004790938   -1.962683516   -9.327840618
O   0.00007230816915   -2.006394444   -8.351311408
O   0.00008057402236   2.011199898   -4.11842681
O   2.016356834   0   0.0000009908377482
O   0   2.016356834   0.0000009908377482
O   2.016463521   -0.007722907994   -4.09560486
O   -2.016250147   -0.007722907994   -4.09560486
O   0   -2.016356834   0.0000009908377482
O   -2.016356834   0   0.0000009908377482
O   2.016434872   0.03765986599   -8.249723879
O   -2.016278796   0.03765986599   -8.249723879
O   0.00008057402236   -2.02151377   -4.11842681
O   0.00007230816915   2.026319224   -8.351311408
H   0.0001004790938   2.070030152   -9.327840618
Ti   2.016450152   1.897164583   -7.993230866
Ti   -2.016263516   1.897164583   -7.993230866
O   -2.01614966   1.999158015   -6.189796698
O   2.016564008   1.999158015   -6.189796698
Ti   2.016430905   2.004239419   -3.949565265
Ti   -2.016282764   2.004239419   -3.949565265
Ti   2.016356834   2.016356834   0
O   2.016356834   2.016356834   -2.018618491
Ti   2.016356834   -2.016356834   0
O   2.016356834   -2.016356834   -2.018618491
Ti   -2.016356834   2.016356834   0
O   -2.016356834   2.016356834   -2.018618491
Ti   -2.016356834   -2.016356834   0
O   -2.016356834   -2.016356834   -2.018618491
Ti   2.016430905   -2.028474249   -3.949565265
Ti   -2.016282764   -2.028474249   -3.949565265
O   -2.01614966   -2.033555653   -6.189796698
O   2.016564008   -2.033555653   -6.189796698
Ti   2.016450152   -2.135549085   -7.993230866
Ti   -2.016263516   -2.135549085   -7.993230866
Ba   0.0001204926451   4.002033776   -5.995748527
Ba   4.032713668   0   -2.03146445
Ba   0   4.032713668   -2.03146445
Ba   4.032834161   -0.03067989193   -5.995748527
Ba   0   -4.032713668   -2.03146445
Ba   -4.032593175   -0.03067989193   -5.995748527
Ba   -4.032713668   0   -2.03146445
Ba   0.0001204926451   -4.06339356   -5.995748527
O   2.016434872   -3.995053802   -8.249723879
O   -2.016278796   -3.995053802   -8.249723879
H   4.032814147   -1.962683516   -9.327840618
H   -4.032613189   -1.962683516   -9.327840618
O   2.016463521   4.02499076   -4.09560486
O   -2.016250147   4.02499076   -4.09560486
O   4.032785976   -2.006394444   -8.351311408
O   -4.03264136   -2.006394444   -8.351311408
O   4.032794242   2.011199898   -4.11842681
O   -4.032633094   2.011199898   -4.11842681
O   4.032713668   2.016356834   0.0000009908377482
O   2.016356834   4.032713668   0.0000009908377482
O   4.032713668   -2.016356834   0.0000009908377482
O   -2.016356834   4.032713668   0.0000009908377482
O   2.016356834   -4.032713668   0.0000009908377482
O   -4.032713668   2.016356834   0.0000009908377482
O   -2.016356834   -4.032713668   0.0000009908377482
O   -4.032713668   -2.016356834   0.0000009908377482
O   4.032794242   -2.02151377   -4.11842681
O   -4.032633094   -2.02151377   -4.11842681
O   4.032785976   2.026319224   -8.351311408
O   -4.03264136   2.026319224   -8.351311408
O   2.016463521   -4.040436576   -4.09560486
O   -2.016250147   -4.040436576   -4.09560486
H   4.032814147   2.070030152   -9.327840618
H   -4.032613189   2.070030152   -9.327840618
O   2.016434872   4.070373534   -8.249723879
O   -2.016278796   4.070373534   -8.249723879
Ba   4.032834161   4.002033776   -5.995748527
Ba   -4.032593175   4.002033776   -5.995748527
Ba   4.032713668   4.032713668   -2.03146445
Ba   4.032713668   -4.032713668   -2.03146445
Ba   -4.032713668   4.032713668   -2.03146445
Ba   -4.032713668   -4.032713668   -2.03146445
Ba   4.032834161   -4.06339356   -5.995748527
Ba   -4.032593175   -4.06339356   -5.995748527
H   0.0001004790938   -5.995397184   -9.327840618
O   0.00007230816915   -6.039108112   -8.351311408
O   0.00008057402236   6.043913566   -4.11842681
O   6.049070502   0   0.0000009908377482
O   0   6.049070502   0.0000009908377482
O   6.049177189   -0.007722907994   -4.09560486
O   6.04914854   0.03765986599   -8.249723879
Ti   2.016450152   5.929878251   -7.993230866
Ti   -2.016263516   5.929878251   -7.993230866
Ti   6.04916382   1.897164583   -7.993230866
O   -2.01614966   6.031871683   -6.189796698
O   2.016564008   6.031871683   -6.189796698
Ti   2.016430905   6.036953087   -3.949565265
Ti   -2.016282764   6.036953087   -3.949565265
O   -6.048863328   1.999158015   -6.189796698
Ti   6.049144573   2.004239419   -3.949565265
Ti   6.049070502   2.016356834   0
O   6.049070502   2.016356834   -2.018618491
Ti   2.016356834   6.049070502   0
O   2.016356834   6.049070502   -2.018618491
Ti   6.049070502   -2.016356834   0
O   6.049070502   -2.016356834   -2.018618491
Ti   -2.016356834   6.049070502   0
O   -2.016356834   6.049070502   -2.018618491
Ti   6.049144573   -2.028474249   -3.949565265
O   -6.048863328   -2.033555653   -6.189796698
Ti   6.04916382   -2.135549085   -7.993230866
H   4.032814147   -5.995397184   -9.327840618
H   -4.032613189   -5.995397184   -9.327840618
O   6.04914854   -3.995053802   -8.249723879
O   4.032785976   -6.039108112   -8.351311408
O   -4.03264136   -6.039108112   -8.351311408
O   4.032794242   6.043913566   -4.11842681
O   6.049177189   4.02499076   -4.09560486
O   -4.032633094   6.043913566   -4.11842681
O   6.049070502   4.032713668   0.0000009908377482
O   4.032713668   6.049070502   0.0000009908377482
O   6.049070502   -4.032713668   0.0000009908377482
O   -4.032713668   6.049070502   0.0000009908377482
O   6.049177189   -4.040436576   -4.09560486
O   6.04914854   4.070373534   -8.249723879
Ti   6.04916382   5.929878251   -7.993230866
O   -6.048863328   6.031871683   -6.189796698
Ti   6.049144573   6.036953087   -3.949565265
Ti   6.049070502   6.049070502   0
O   6.049070502   6.049070502   -2.018618491