primitive lattice vectors  5  5  1
  5.00000000  0.00000000  0.00000000
  0.00000000  5.00000000  0.00000000
  0.00000000  0.00000000 80.00000000
number of atoms in unit cell
350
atom, type, position vector
      1       Ba                0.0000000000    0.0000000000   -0.5037462655 
      2       Ba                0.0000298788   -0.0076077536   -1.4867776442 
      3       H                 0.0000249160   -0.4866905210   -2.3130431233 
      4       O                 0.0000179304   -0.4975296063   -2.0708912399 
      5       O                 0.0000199801    0.4987212243   -1.0212544576 
      6       O                 0.5000000000    0.0000000000    0.0000002457 
      7       O                 0.0000000000    0.5000000000    0.0000002457 
      8       O                 0.5000264553   -0.0019150648   -1.0155952534 
      9       O                -0.4999735447   -0.0019150648   -1.0155952534 
     10       O                 0.0000000000   -0.5000000000    0.0000002457 
     11       O                -0.5000000000    0.0000000000    0.0000002457 
     12       O                 0.5000193513    0.0093385916   -2.0457003790 
     13       O                -0.4999806487    0.0093385916   -2.0457003790 
     14       O                 0.0000199801   -0.5012787757   -1.0212544576 
     15       O                 0.0000179304    0.5024703937   -2.0708912399 
     16       H                 0.0000249160    0.5133094790   -2.3130431233 
     17       Ti                0.5000231403    0.4704436613   -1.9820972982 
     18       Ti               -0.4999768597    0.4704436613   -1.9820972982 
     19       O                -0.4999486267    0.4957351748   -1.5348961537 
     20       O                 0.5000513733    0.4957351748   -1.5348961537 
     21       Ti                0.5000183674    0.4969952205   -0.9793815258 
     22       Ti               -0.4999816326    0.4969952205   -0.9793815258 
     23       Ti                0.5000000000    0.5000000000    0.0000000000 
     24       O                 0.5000000000    0.5000000000   -0.5005608276 
     25       Ti                0.5000000000   -0.5000000000    0.0000000000 
     26       O                 0.5000000000   -0.5000000000   -0.5005608276 
     27       Ti               -0.5000000000    0.5000000000    0.0000000000 
     28       O                -0.5000000000    0.5000000000   -0.5005608276 
     29       Ti               -0.5000000000   -0.5000000000    0.0000000000 
     30       O                -0.5000000000   -0.5000000000   -0.5005608276 
     31       Ti                0.5000183674   -0.5030047795   -0.9793815258 
     32       Ti               -0.4999816326   -0.5030047795   -0.9793815258 
     33       O                -0.4999486267   -0.5042648252   -1.5348961537 
     34       O                 0.5000513733   -0.5042648252   -1.5348961537 
     35       Ti                0.5000231403   -0.5295563387   -1.9820972982 
     36       Ti               -0.4999768597   -0.5295563387   -1.9820972982 
     37       Ba                0.0000298788    0.9923922464   -1.4867776442 
     38       Ba                1.0000000000    0.0000000000   -0.5037462655 
     39       Ba                0.0000000000    1.0000000000   -0.5037462655 
     40       Ba                1.0000298788   -0.0076077536   -1.4867776442 
     41       Ba                0.0000000000   -1.0000000000   -0.5037462655 
     42       Ba               -0.9999701212   -0.0076077536   -1.4867776442 
     43       Ba               -1.0000000000    0.0000000000   -0.5037462655 
     44       Ba                0.0000298788   -1.0076077536   -1.4867776442 
     45       O                 0.5000193513   -0.9906614084   -2.0457003790 
     46       O                -0.4999806487   -0.9906614084   -2.0457003790 
     47       H                 1.0000249160   -0.4866905210   -2.3130431233 
     48       H                -0.9999750840   -0.4866905210   -2.3130431233 
     49       O                 0.5000264553    0.9980849352   -1.0155952534 
     50       O                -0.4999735447    0.9980849352   -1.0155952534 
     51       O                 1.0000179304   -0.4975296063   -2.0708912399 
     52       O                -0.9999820696   -0.4975296063   -2.0708912399 
     53       O                 1.0000199801    0.4987212243   -1.0212544576 
     54       O                -0.9999800199    0.4987212243   -1.0212544576 
     55       O                 1.0000000000    0.5000000000    0.0000002457 
     56       O                 0.5000000000    1.0000000000    0.0000002457 
     57       O                 1.0000000000   -0.5000000000    0.0000002457 
     58       O                -0.5000000000    1.0000000000    0.0000002457 
     59       O                 0.5000000000   -1.0000000000    0.0000002457 
     60       O                -1.0000000000    0.5000000000    0.0000002457 
     61       O                -0.5000000000   -1.0000000000    0.0000002457 
     62       O                -1.0000000000   -0.5000000000    0.0000002457 
     63       O                 1.0000199801   -0.5012787757   -1.0212544576 
     64       O                -0.9999800199   -0.5012787757   -1.0212544576 
     65       O                 1.0000179304    0.5024703937   -2.0708912399 
     66       O                -0.9999820696    0.5024703937   -2.0708912399 
     67       O                 0.5000264553   -1.0019150648   -1.0155952534 
     68       O                -0.4999735447   -1.0019150648   -1.0155952534 
     69       H                 1.0000249160    0.5133094790   -2.3130431233 
     70       H                -0.9999750840    0.5133094790   -2.3130431233 
     71       O                 0.5000193513    1.0093385916   -2.0457003790 
     72       O                -0.4999806487    1.0093385916   -2.0457003790 
     73       Ba                1.0000298788    0.9923922464   -1.4867776442 
     74       Ba               -0.9999701212    0.9923922464   -1.4867776442 
     75       Ba                1.0000000000    1.0000000000   -0.5037462655 
     76       Ba                1.0000000000   -1.0000000000   -0.5037462655 
     77       Ba               -1.0000000000    1.0000000000   -0.5037462655 
     78       Ba               -1.0000000000   -1.0000000000   -0.5037462655 
     79       Ba                1.0000298788   -1.0076077536   -1.4867776442 
     80       Ba               -0.9999701212   -1.0076077536   -1.4867776442 
     81       H                 0.0000249160   -1.4866905210   -2.3130431233 
     82       O                 0.0000179304   -1.4975296063   -2.0708912399 
     83       O                 0.0000199801    1.4987212243   -1.0212544576 
     84       O                 1.5000000000    0.0000000000    0.0000002457 
     85       O                 0.0000000000    1.5000000000    0.0000002457 
     86       O                 1.5000264553   -0.0019150648   -1.0155952534 
     87       O                -1.4999735447   -0.0019150648   -1.0155952534 
     88       O                 1.5000193513    0.0093385916   -2.0457003790 
     89       O                 0.0000000000   -1.5000000000    0.0000002457 
     90       O                -1.5000000000    0.0000000000    0.0000002457 
     91       O                -1.4999806487    0.0093385916   -2.0457003790 
     92       O                 0.0000199801   -1.5012787757   -1.0212544576 
     93       O                 0.0000179304    1.5024703937   -2.0708912399 
     94       H                 0.0000249160    1.5133094790   -2.3130431233 
     95       Ti                0.5000231403    1.4704436613   -1.9820972982 
     96       Ti               -0.4999768597    1.4704436613   -1.9820972982 
     97       Ti                1.5000231403    0.4704436613   -1.9820972982 
     98       Ti               -1.4999768597    0.4704436613   -1.9820972982 
     99       O                -0.4999486267    1.4957351748   -1.5348961537 
    100       O                 0.5000513733    1.4957351748   -1.5348961537 
    101       Ti                0.5000183674    1.4969952205   -0.9793815258 
    102       Ti               -0.4999816326    1.4969952205   -0.9793815258 
    103       O                -1.4999486267    0.4957351748   -1.5348961537 
    104       O                 1.5000513733    0.4957351748   -1.5348961537 
    105       Ti                1.5000183674    0.4969952205   -0.9793815258 
    106       Ti               -1.4999816326    0.4969952205   -0.9793815258 
    107       Ti                1.5000000000    0.5000000000    0.0000000000 
    108       O                 1.5000000000    0.5000000000   -0.5005608276 
    109       Ti                0.5000000000    1.5000000000    0.0000000000 
    110       O                 0.5000000000    1.5000000000   -0.5005608276 
    111       Ti                1.5000000000   -0.5000000000    0.0000000000 
    112       O                 1.5000000000   -0.5000000000   -0.5005608276 
    113       Ti               -0.5000000000    1.5000000000    0.0000000000 
    114       O                -0.5000000000    1.5000000000   -0.5005608276 
    115       Ti                0.5000000000   -1.5000000000    0.0000000000 
    116       O                 0.5000000000   -1.5000000000   -0.5005608276 
    117       Ti               -1.5000000000    0.5000000000    0.0000000000 
    118       O                -1.5000000000    0.5000000000   -0.5005608276 
    119       Ti               -0.5000000000   -1.5000000000    0.0000000000 
    120       O                -0.5000000000   -1.5000000000   -0.5005608276 
    121       Ti               -1.5000000000   -0.5000000000    0.0000000000 
    122       O                -1.5000000000   -0.5000000000   -0.5005608276 
    123       Ti                1.5000183674   -0.5030047795   -0.9793815258 
    124       Ti               -1.4999816326   -0.5030047795   -0.9793815258 
    125       O                -1.4999486267   -0.5042648252   -1.5348961537 
    126       O                 1.5000513733   -0.5042648252   -1.5348961537 
    127       Ti                0.5000183674   -1.5030047795   -0.9793815258 
    128       Ti               -0.4999816326   -1.5030047795   -0.9793815258 
    129       O                -0.4999486267   -1.5042648252   -1.5348961537 
    130       O                 0.5000513733   -1.5042648252   -1.5348961537 
    131       Ti                1.5000231403   -0.5295563387   -1.9820972982 
    132       Ti               -1.4999768597   -0.5295563387   -1.9820972982 
    133       Ti                0.5000231403   -1.5295563387   -1.9820972982 
    134       Ti               -0.4999768597   -1.5295563387   -1.9820972982 
    135       H                 1.0000249160   -1.4866905210   -2.3130431233 
    136       H                -0.9999750840   -1.4866905210   -2.3130431233 
    137       O                 1.5000193513   -0.9906614084   -2.0457003790 
    138       O                -1.4999806487   -0.9906614084   -2.0457003790 
    139       O                 1.0000179304   -1.4975296063   -2.0708912399 
    140       O                -0.9999820696   -1.4975296063   -2.0708912399 
    141       O                 1.0000199801    1.4987212243   -1.0212544576 
    142       O                 1.5000264553    0.9980849352   -1.0155952534 
    143       O                -0.9999800199    1.4987212243   -1.0212544576 
    144       O                -1.4999735447    0.9980849352   -1.0155952534 
    145       O                 1.5000000000    1.0000000000    0.0000002457 
    146       O                 1.0000000000    1.5000000000    0.0000002457 
    147       O                 1.5000000000   -1.0000000000    0.0000002457 
    148       O                -1.0000000000    1.5000000000    0.0000002457 
    149       O                 1.0000000000   -1.5000000000    0.0000002457 
    150       O                -1.5000000000    1.0000000000    0.0000002457 
    151       O                -1.0000000000   -1.5000000000    0.0000002457 
    152       O                -1.5000000000   -1.0000000000    0.0000002457 
    153       O                 1.5000264553   -1.0019150648   -1.0155952534 
    154       O                 1.0000199801   -1.5012787757   -1.0212544576 
    155       O                -1.4999735447   -1.0019150648   -1.0155952534 
    156       O                -0.9999800199   -1.5012787757   -1.0212544576 
    157       O                 1.0000179304    1.5024703937   -2.0708912399 
    158       O                -0.9999820696    1.5024703937   -2.0708912399 
    159       O                 1.5000193513    1.0093385916   -2.0457003790 
    160       O                -1.4999806487    1.0093385916   -2.0457003790 
    161       H                 1.0000249160    1.5133094790   -2.3130431233 
    162       H                -0.9999750840    1.5133094790   -2.3130431233 
    163       Ba                0.0000298788    1.9923922464   -1.4867776442 
    164       Ba                2.0000000000    0.0000000000   -0.5037462655 
    165       Ba                0.0000000000    2.0000000000   -0.5037462655 
    166       Ba                2.0000298788   -0.0076077536   -1.4867776442 
    167       Ba               -1.9999701212   -0.0076077536   -1.4867776442 
    168       Ba                0.0000000000   -2.0000000000   -0.5037462655 
    169       Ba               -2.0000000000    0.0000000000   -0.5037462655 
    170       Ba                0.0000298788   -2.0076077536   -1.4867776442 
    171       O                 0.5000193513   -1.9906614084   -2.0457003790 
    172       O                -0.4999806487   -1.9906614084   -2.0457003790 
    173       H                 2.0000249160   -0.4866905210   -2.3130431233 
    174       H                -1.9999750840   -0.4866905210   -2.3130431233 
    175       O                 0.5000264553    1.9980849352   -1.0155952534 
    176       O                -0.4999735447    1.9980849352   -1.0155952534 
    177       O                 2.0000179304   -0.4975296063   -2.0708912399 
    178       O                -1.9999820696   -0.4975296063   -2.0708912399 
    179       O                 2.0000199801    0.4987212243   -1.0212544576 
    180       O                -1.9999800199    0.4987212243   -1.0212544576 
    181       O                 2.0000000000    0.5000000000    0.0000002457 
    182       O                 0.5000000000    2.0000000000    0.0000002457 
    183       O                 2.0000000000   -0.5000000000    0.0000002457 
    184       O                -0.5000000000    2.0000000000    0.0000002457 
    185       O                 0.5000000000   -2.0000000000    0.0000002457 
    186       O                -2.0000000000    0.5000000000    0.0000002457 
    187       O                -0.5000000000   -2.0000000000    0.0000002457 
    188       O                -2.0000000000   -0.5000000000    0.0000002457 
    189       O                 2.0000199801   -0.5012787757   -1.0212544576 
    190       O                -1.9999800199   -0.5012787757   -1.0212544576 
    191       O                 2.0000179304    0.5024703937   -2.0708912399 
    192       O                -1.9999820696    0.5024703937   -2.0708912399 
    193       O                 0.5000264553   -2.0019150648   -1.0155952534 
    194       O                -0.4999735447   -2.0019150648   -1.0155952534 
    195       H                 2.0000249160    0.5133094790   -2.3130431233 
    196       H                -1.9999750840    0.5133094790   -2.3130431233 
    197       O                 0.5000193513    2.0093385916   -2.0457003790 
    198       O                -0.4999806487    2.0093385916   -2.0457003790 
    199       Ti                1.5000231403    1.4704436613   -1.9820972982 
    200       Ti               -1.4999768597    1.4704436613   -1.9820972982 
    201       O                -1.4999486267    1.4957351748   -1.5348961537 
    202       O                 1.5000513733    1.4957351748   -1.5348961537 
    203       Ti                1.5000183674    1.4969952205   -0.9793815258 
    204       Ti               -1.4999816326    1.4969952205   -0.9793815258 
    205       Ti                1.5000000000    1.5000000000    0.0000000000 
    206       O                 1.5000000000    1.5000000000   -0.5005608276 
    207       Ti                1.5000000000   -1.5000000000    0.0000000000 
    208       O                 1.5000000000   -1.5000000000   -0.5005608276 
    209       Ti               -1.5000000000    1.5000000000    0.0000000000 
    210       O                -1.5000000000    1.5000000000   -0.5005608276 
    211       Ti               -1.5000000000   -1.5000000000    0.0000000000 
    212       O                -1.5000000000   -1.5000000000   -0.5005608276 
    213       Ti                1.5000183674   -1.5030047795   -0.9793815258 
    214       Ti               -1.4999816326   -1.5030047795   -0.9793815258 
    215       O                -1.4999486267   -1.5042648252   -1.5348961537 
    216       O                 1.5000513733   -1.5042648252   -1.5348961537 
    217       Ti                1.5000231403   -1.5295563387   -1.9820972982 
    218       Ti               -1.4999768597   -1.5295563387   -1.9820972982 
    219       Ba                1.0000298788    1.9923922464   -1.4867776442 
    220       Ba               -0.9999701212    1.9923922464   -1.4867776442 
    221       Ba                2.0000298788    0.9923922464   -1.4867776442 
    222       Ba               -1.9999701212    0.9923922464   -1.4867776442 
    223       Ba                2.0000000000    1.0000000000   -0.5037462655 
    224       Ba                1.0000000000    2.0000000000   -0.5037462655 
    225       Ba                2.0000000000   -1.0000000000   -0.5037462655 
    226       Ba               -1.0000000000    2.0000000000   -0.5037462655 
    227       Ba                1.0000000000   -2.0000000000   -0.5037462655 
    228       Ba               -2.0000000000    1.0000000000   -0.5037462655 
    229       Ba               -1.0000000000   -2.0000000000   -0.5037462655 
    230       Ba               -2.0000000000   -1.0000000000   -0.5037462655 
    231       Ba                2.0000298788   -1.0076077536   -1.4867776442 
    232       Ba               -1.9999701212   -1.0076077536   -1.4867776442 
    233       Ba                1.0000298788   -2.0076077536   -1.4867776442 
    234       Ba               -0.9999701212   -2.0076077536   -1.4867776442 
    235       H                 0.0000249160   -2.4866905210   -2.3130431233 
    236       H                 2.0000249160   -1.4866905210   -2.3130431233 
    237       H                -1.9999750840   -1.4866905210   -2.3130431233 
    238       O                 1.5000193513   -1.9906614084   -2.0457003790 
    239       O                -1.4999806487   -1.9906614084   -2.0457003790 
    240       O                 0.0000179304   -2.4975296063   -2.0708912399 
    241       O                 1.5000264553    1.9980849352   -1.0155952534 
    242       O                -1.4999735447    1.9980849352   -1.0155952534 
    243       O                 2.0000179304   -1.4975296063   -2.0708912399 
    244       O                -1.9999820696   -1.4975296063   -2.0708912399 
    245       O                 0.0000199801    2.4987212243   -1.0212544576 
    246       O                 2.0000199801    1.4987212243   -1.0212544576 
    247       O                -1.9999800199    1.4987212243   -1.0212544576 
    248       O                 2.0000000000    1.5000000000    0.0000002457 
    249       O                 1.5000000000    2.0000000000    0.0000002457 
    250       O                 2.5000000000    0.0000000000    0.0000002457 
    251       O                 0.0000000000    2.5000000000    0.0000002457 
    252       O                 2.0000000000   -1.5000000000    0.0000002457 
    253       O                 2.5000264553   -0.0019150648   -1.0155952534 
    254       O                -1.5000000000    2.0000000000    0.0000002457 
    255       O                 1.5000000000   -2.0000000000    0.0000002457 
    256       O                 2.5000193513    0.0093385916   -2.0457003790 
    257       O                -2.0000000000    1.5000000000    0.0000002457 
    258       O                -1.5000000000   -2.0000000000    0.0000002457 
    259       O                -2.0000000000   -1.5000000000    0.0000002457 
    260       O                 2.0000199801   -1.5012787757   -1.0212544576 
    261       O                -1.9999800199   -1.5012787757   -1.0212544576 
    262       O                 2.0000179304    1.5024703937   -2.0708912399 
    263       O                -1.9999820696    1.5024703937   -2.0708912399 
    264       O                 1.5000264553   -2.0019150648   -1.0155952534 
    265       O                -1.4999735447   -2.0019150648   -1.0155952534 
    266       O                 1.5000193513    2.0093385916   -2.0457003790 
    267       O                -1.4999806487    2.0093385916   -2.0457003790 
    268       H                 2.0000249160    1.5133094790   -2.3130431233 
    269       H                -1.9999750840    1.5133094790   -2.3130431233 
    270       Ti                0.5000231403    2.4704436613   -1.9820972982 
    271       Ti               -0.4999768597    2.4704436613   -1.9820972982 
    272       Ti                2.5000231403    0.4704436613   -1.9820972982 
    273       O                -0.4999486267    2.4957351748   -1.5348961537 
    274       O                 0.5000513733    2.4957351748   -1.5348961537 
    275       Ti                0.5000183674    2.4969952205   -0.9793815258 
    276       Ti               -0.4999816326    2.4969952205   -0.9793815258 
    277       O                -2.4999486267    0.4957351748   -1.5348961537 
    278       Ti                2.5000183674    0.4969952205   -0.9793815258 
    279       Ti                2.5000000000    0.5000000000    0.0000000000 
    280       O                 2.5000000000    0.5000000000   -0.5005608276 
    281       Ti                0.5000000000    2.5000000000    0.0000000000 
    282       O                 0.5000000000    2.5000000000   -0.5005608276 
    283       Ti                2.5000000000   -0.5000000000    0.0000000000 
    284       O                 2.5000000000   -0.5000000000   -0.5005608276 
    285       Ti               -0.5000000000    2.5000000000    0.0000000000 
    286       O                -0.5000000000    2.5000000000   -0.5005608276 
    287       Ti                2.5000183674   -0.5030047795   -0.9793815258 
    288       O                -2.4999486267   -0.5042648252   -1.5348961537 
    289       Ti                2.5000231403   -0.5295563387   -1.9820972982 
    290       H                 1.0000249160   -2.4866905210   -2.3130431233 
    291       H                -0.9999750840   -2.4866905210   -2.3130431233 
    292       O                 2.5000193513   -0.9906614084   -2.0457003790 
    293       O                 1.0000179304   -2.4975296063   -2.0708912399 
    294       O                -0.9999820696   -2.4975296063   -2.0708912399 
    295       O                 1.0000199801    2.4987212243   -1.0212544576 
    296       O                -0.9999800199    2.4987212243   -1.0212544576 
    297       O                 2.5000264553    0.9980849352   -1.0155952534 
    298       O                 2.5000000000    1.0000000000    0.0000002457 
    299       O                 1.0000000000    2.5000000000    0.0000002457 
    300       O                 2.5000000000   -1.0000000000    0.0000002457 
    301       O                -1.0000000000    2.5000000000    0.0000002457 
    302       O                 2.5000264553   -1.0019150648   -1.0155952534 
    303       O                 2.5000193513    1.0093385916   -2.0457003790 
    304       Ba                2.0000298788    1.9923922464   -1.4867776442 
    305       Ba               -1.9999701212    1.9923922464   -1.4867776442 
    306       Ba                2.0000000000    2.0000000000   -0.5037462655 
    307       Ba                2.0000000000   -2.0000000000   -0.5037462655 
    308       Ba               -2.0000000000    2.0000000000   -0.5037462655 
    309       Ba               -2.0000000000   -2.0000000000   -0.5037462655 
    310       Ba                2.0000298788   -2.0076077536   -1.4867776442 
    311       Ba               -1.9999701212   -2.0076077536   -1.4867776442 
    312       Ti                1.5000231403    2.4704436613   -1.9820972982 
    313       Ti               -1.4999768597    2.4704436613   -1.9820972982 
    314       Ti                2.5000231403    1.4704436613   -1.9820972982 
    315       O                -1.4999486267    2.4957351748   -1.5348961537 
    316       O                 1.5000513733    2.4957351748   -1.5348961537 
    317       Ti                1.5000183674    2.4969952205   -0.9793815258 
    318       Ti               -1.4999816326    2.4969952205   -0.9793815258 
    319       O                -2.4999486267    1.4957351748   -1.5348961537 
    320       Ti                2.5000183674    1.4969952205   -0.9793815258 
    321       Ti                2.5000000000    1.5000000000    0.0000000000 
    322       O                 2.5000000000    1.5000000000   -0.5005608276 
    323       Ti                1.5000000000    2.5000000000    0.0000000000 
    324       O                 1.5000000000    2.5000000000   -0.5005608276 
    325       Ti                2.5000000000   -1.5000000000    0.0000000000 
    326       O                 2.5000000000   -1.5000000000   -0.5005608276 
    327       Ti               -1.5000000000    2.5000000000    0.0000000000 
    328       O                -1.5000000000    2.5000000000   -0.5005608276 
    329       Ti                2.5000183674   -1.5030047795   -0.9793815258 
    330       O                -2.4999486267   -1.5042648252   -1.5348961537 
    331       Ti                2.5000231403   -1.5295563387   -1.9820972982 
    332       H                 2.0000249160   -2.4866905210   -2.3130431233 
    333       H                -1.9999750840   -2.4866905210   -2.3130431233 
    334       O                 2.5000193513   -1.9906614084   -2.0457003790 
    335       O                 2.0000179304   -2.4975296063   -2.0708912399 
    336       O                -1.9999820696   -2.4975296063   -2.0708912399 
    337       O                 2.5000264553    1.9980849352   -1.0155952534 
    338       O                 2.0000199801    2.4987212243   -1.0212544576 
    339       O                -1.9999800199    2.4987212243   -1.0212544576 
    340       O                 2.5000000000    2.0000000000    0.0000002457 
    341       O                 2.0000000000    2.5000000000    0.0000002457 
    342       O                 2.5000000000   -2.0000000000    0.0000002457 
    343       O                -2.0000000000    2.5000000000    0.0000002457 
    344       O                 2.5000264553   -2.0019150648   -1.0155952534 
    345       O                 2.5000193513    2.0093385916   -2.0457003790 
    346       Ti                2.5000231403    2.4704436613   -1.9820972982 
    347       O                -2.4999486267    2.4957351748   -1.5348961537 
    348       Ti                2.5000183674    2.4969952205   -0.9793815258 
    349       Ti                2.5000000000    2.5000000000    0.0000000000 
    350       O                 2.5000000000    2.5000000000   -0.5005608276 
