primitive lattice vectors  5  5  1
  5.00000000  0.00000000  0.00000000
  0.00000000  5.00000000  0.00000000
  0.00000000  0.00000000 80.00000000
number of atoms in unit cell
600
atom, type, position vector
      1       Ba                0.0000000000    0.0000000000   -1.5261388694 
      2       Ba                0.0000000000    0.0000000000   -0.5037462655 
      3       Ba                0.0000000000    0.0000000000    0.5037469551 
      4       Ba                0.0000000000    0.0000000000    1.5261391117 
      5       O                 0.5000000000    0.0000000000   -1.9971379537 
      6       O                 0.5000000000    0.0000000000   -0.9987995952 
      7       O                 0.5000000000    0.0000000000    0.0000002457 
      8       O                 0.5000000000    0.0000000000    0.9987995269 
      9       O                 0.5000000000    0.0000000000    1.9971387538 
     10       O                 0.0000000000    0.5000000000   -1.9971379537 
     11       O                 0.0000000000    0.5000000000   -0.9987995952 
     12       O                 0.0000000000    0.5000000000    0.0000002457 
     13       O                 0.0000000000    0.5000000000    0.9987995269 
     14       O                 0.0000000000    0.5000000000    1.9971387538 
     15       H                -0.0000015471    0.5000042914   -2.2414682869 
     16       H                -0.0000015471   -0.4999957086   -2.2414682869 
     17       O                 0.0000000000   -0.5000000000   -1.9971379537 
     18       O                 0.0000000000   -0.5000000000   -0.9987995952 
     19       O                 0.0000000000   -0.5000000000    0.0000002457 
     20       O                 0.0000000000   -0.5000000000    0.9987995269 
     21       O                 0.0000000000   -0.5000000000    1.9971387538 
     22       O                -0.5000000000    0.0000000000   -1.9971379537 
     23       O                -0.5000000000    0.0000000000   -0.9987995952 
     24       O                -0.5000000000    0.0000000000    0.0000002457 
     25       O                -0.5000000000    0.0000000000    0.9987995269 
     26       O                -0.5000000000    0.0000000000    1.9971387538 
     27       Ti                0.5000000000    0.5000000000   -1.9704972452 
     28       Ti                0.5000000000    0.5000000000   -0.9945756786 
     29       O                 0.5000000000    0.5000000000   -1.5041005275 
     30       Ti                0.5000000000    0.5000000000    0.0000000000 
     31       O                 0.5000000000    0.5000000000   -0.5005608276 
     32       Ti                0.5000000000    0.5000000000    0.9945756879 
     33       O                 0.5000000000    0.5000000000    0.5005611904 
     34       Ti                0.5000000000    0.5000000000    1.9704983581 
     35       O                 0.5000000000    0.5000000000    1.5041008908 
     36       Ti                0.5000000000   -0.5000000000   -1.9704972452 
     37       Ti                0.5000000000   -0.5000000000   -0.9945756786 
     38       O                 0.5000000000   -0.5000000000   -1.5041005275 
     39       Ti                0.5000000000   -0.5000000000    0.0000000000 
     40       O                 0.5000000000   -0.5000000000   -0.5005608276 
     41       Ti                0.5000000000   -0.5000000000    0.9945756879 
     42       O                 0.5000000000   -0.5000000000    0.5005611904 
     43       Ti                0.5000000000   -0.5000000000    1.9704983581 
     44       O                 0.5000000000   -0.5000000000    1.5041008908 
     45       Ti               -0.5000000000    0.5000000000   -1.9704972452 
     46       Ti               -0.5000000000    0.5000000000   -0.9945756786 
     47       O                -0.5000000000    0.5000000000   -1.5041005275 
     48       Ti               -0.5000000000    0.5000000000    0.0000000000 
     49       O                -0.5000000000    0.5000000000   -0.5005608276 
     50       Ti               -0.5000000000    0.5000000000    0.9945756879 
     51       O                -0.5000000000    0.5000000000    0.5005611904 
     52       Ti               -0.5000000000    0.5000000000    1.9704983581 
     53       O                -0.5000000000    0.5000000000    1.5041008908 
     54       Ti               -0.5000000000   -0.5000000000   -1.9704972452 
     55       Ti               -0.5000000000   -0.5000000000   -0.9945756786 
     56       O                -0.5000000000   -0.5000000000   -1.5041005275 
     57       Ti               -0.5000000000   -0.5000000000    0.0000000000 
     58       O                -0.5000000000   -0.5000000000   -0.5005608276 
     59       Ti               -0.5000000000   -0.5000000000    0.9945756879 
     60       O                -0.5000000000   -0.5000000000    0.5005611904 
     61       Ti               -0.5000000000   -0.5000000000    1.9704983581 
     62       O                -0.5000000000   -0.5000000000    1.5041008908 
     63       Ba                1.0000000000    0.0000000000   -1.5261388694 
     64       Ba                1.0000000000    0.0000000000   -0.5037462655 
     65       Ba                1.0000000000    0.0000000000    0.5037469551 
     66       Ba                1.0000000000    0.0000000000    1.5261391117 
     67       Ba                0.0000000000    1.0000000000   -1.5261388694 
     68       Ba                0.0000000000    1.0000000000   -0.5037462655 
     69       Ba                0.0000000000    1.0000000000    0.5037469551 
     70       Ba                0.0000000000    1.0000000000    1.5261391117 
     71       Ba                0.0000000000   -1.0000000000   -1.5261388694 
     72       Ba                0.0000000000   -1.0000000000   -0.5037462655 
     73       Ba                0.0000000000   -1.0000000000    0.5037469551 
     74       Ba                0.0000000000   -1.0000000000    1.5261391117 
     75       Ba               -1.0000000000    0.0000000000   -1.5261388694 
     76       Ba               -1.0000000000    0.0000000000   -0.5037462655 
     77       Ba               -1.0000000000    0.0000000000    0.5037469551 
     78       Ba               -1.0000000000    0.0000000000    1.5261391117 
     79       O                 1.0000000000    0.5000000000   -1.9971379537 
     80       O                 1.0000000000    0.5000000000   -0.9987995952 
     81       O                 1.0000000000    0.5000000000    0.0000002457 
     82       O                 1.0000000000    0.5000000000    0.9987995269 
     83       O                 1.0000000000    0.5000000000    1.9971387538 
     84       H                 0.9999984529    0.5000042914   -2.2414682869 
     85       O                 0.5000000000    1.0000000000   -1.9971379537 
     86       O                 0.5000000000    1.0000000000   -0.9987995952 
     87       O                 0.5000000000    1.0000000000    0.0000002457 
     88       O                 0.5000000000    1.0000000000    0.9987995269 
     89       O                 0.5000000000    1.0000000000    1.9971387538 
     90       H                 0.9999984529   -0.4999957086   -2.2414682869 
     91       O                 1.0000000000   -0.5000000000   -1.9971379537 
     92       O                 1.0000000000   -0.5000000000   -0.9987995952 
     93       O                 1.0000000000   -0.5000000000    0.0000002457 
     94       O                 1.0000000000   -0.5000000000    0.9987995269 
     95       O                 1.0000000000   -0.5000000000    1.9971387538 
     96       O                -0.5000000000    1.0000000000   -1.9971379537 
     97       O                -0.5000000000    1.0000000000   -0.9987995952 
     98       O                -0.5000000000    1.0000000000    0.0000002457 
     99       O                -0.5000000000    1.0000000000    0.9987995269 
    100       O                -0.5000000000    1.0000000000    1.9971387538 
    101       O                 0.5000000000   -1.0000000000   -1.9971379537 
    102       O                 0.5000000000   -1.0000000000   -0.9987995952 
    103       O                 0.5000000000   -1.0000000000    0.0000002457 
    104       O                 0.5000000000   -1.0000000000    0.9987995269 
    105       O                 0.5000000000   -1.0000000000    1.9971387538 
    106       O                -1.0000000000    0.5000000000   -1.9971379537 
    107       O                -1.0000000000    0.5000000000   -0.9987995952 
    108       O                -1.0000000000    0.5000000000    0.0000002457 
    109       O                -1.0000000000    0.5000000000    0.9987995269 
    110       O                -1.0000000000    0.5000000000    1.9971387538 
    111       H                -1.0000015471    0.5000042914   -2.2414682869 
    112       O                -0.5000000000   -1.0000000000   -1.9971379537 
    113       O                -0.5000000000   -1.0000000000   -0.9987995952 
    114       O                -0.5000000000   -1.0000000000    0.0000002457 
    115       O                -0.5000000000   -1.0000000000    0.9987995269 
    116       O                -0.5000000000   -1.0000000000    1.9971387538 
    117       H                -1.0000015471   -0.4999957086   -2.2414682869 
    118       O                -1.0000000000   -0.5000000000   -1.9971379537 
    119       O                -1.0000000000   -0.5000000000   -0.9987995952 
    120       O                -1.0000000000   -0.5000000000    0.0000002457 
    121       O                -1.0000000000   -0.5000000000    0.9987995269 
    122       O                -1.0000000000   -0.5000000000    1.9971387538 
    123       Ba                1.0000000000    1.0000000000   -1.5261388694 
    124       Ba                1.0000000000    1.0000000000   -0.5037462655 
    125       Ba                1.0000000000    1.0000000000    0.5037469551 
    126       Ba                1.0000000000    1.0000000000    1.5261391117 
    127       Ba                1.0000000000   -1.0000000000   -1.5261388694 
    128       Ba                1.0000000000   -1.0000000000   -0.5037462655 
    129       Ba                1.0000000000   -1.0000000000    0.5037469551 
    130       Ba                1.0000000000   -1.0000000000    1.5261391117 
    131       Ba               -1.0000000000    1.0000000000   -1.5261388694 
    132       Ba               -1.0000000000    1.0000000000   -0.5037462655 
    133       Ba               -1.0000000000    1.0000000000    0.5037469551 
    134       Ba               -1.0000000000    1.0000000000    1.5261391117 
    135       Ba               -1.0000000000   -1.0000000000   -1.5261388694 
    136       Ba               -1.0000000000   -1.0000000000   -0.5037462655 
    137       Ba               -1.0000000000   -1.0000000000    0.5037469551 
    138       Ba               -1.0000000000   -1.0000000000    1.5261391117 
    139       O                 1.5000000000    0.0000000000   -1.9971379537 
    140       O                 1.5000000000    0.0000000000   -0.9987995952 
    141       O                 1.5000000000    0.0000000000    0.0000002457 
    142       O                 1.5000000000    0.0000000000    0.9987995269 
    143       O                 1.5000000000    0.0000000000    1.9971387538 
    144       O                 0.0000000000    1.5000000000   -1.9971379537 
    145       O                 0.0000000000    1.5000000000   -0.9987995952 
    146       O                 0.0000000000    1.5000000000    0.0000002457 
    147       O                 0.0000000000    1.5000000000    0.9987995269 
    148       O                 0.0000000000    1.5000000000    1.9971387538 
    149       H                -0.0000015471    1.5000042914   -2.2414682869 
    150       H                -0.0000015471   -1.4999957086   -2.2414682869 
    151       O                 0.0000000000   -1.5000000000   -1.9971379537 
    152       O                 0.0000000000   -1.5000000000   -0.9987995952 
    153       O                 0.0000000000   -1.5000000000    0.0000002457 
    154       O                 0.0000000000   -1.5000000000    0.9987995269 
    155       O                 0.0000000000   -1.5000000000    1.9971387538 
    156       O                -1.5000000000    0.0000000000   -1.9971379537 
    157       O                -1.5000000000    0.0000000000   -0.9987995952 
    158       O                -1.5000000000    0.0000000000    0.0000002457 
    159       O                -1.5000000000    0.0000000000    0.9987995269 
    160       O                -1.5000000000    0.0000000000    1.9971387538 
    161       Ti                1.5000000000    0.5000000000   -1.9704972452 
    162       Ti                1.5000000000    0.5000000000   -0.9945756786 
    163       O                 1.5000000000    0.5000000000   -1.5041005275 
    164       Ti                1.5000000000    0.5000000000    0.0000000000 
    165       O                 1.5000000000    0.5000000000   -0.5005608276 
    166       Ti                1.5000000000    0.5000000000    0.9945756879 
    167       O                 1.5000000000    0.5000000000    0.5005611904 
    168       Ti                1.5000000000    0.5000000000    1.9704983581 
    169       O                 1.5000000000    0.5000000000    1.5041008908 
    170       Ti                0.5000000000    1.5000000000   -1.9704972452 
    171       Ti                0.5000000000    1.5000000000   -0.9945756786 
    172       O                 0.5000000000    1.5000000000   -1.5041005275 
    173       Ti                0.5000000000    1.5000000000    0.0000000000 
    174       O                 0.5000000000    1.5000000000   -0.5005608276 
    175       Ti                0.5000000000    1.5000000000    0.9945756879 
    176       O                 0.5000000000    1.5000000000    0.5005611904 
    177       Ti                0.5000000000    1.5000000000    1.9704983581 
    178       O                 0.5000000000    1.5000000000    1.5041008908 
    179       Ti                1.5000000000   -0.5000000000   -1.9704972452 
    180       Ti                1.5000000000   -0.5000000000   -0.9945756786 
    181       O                 1.5000000000   -0.5000000000   -1.5041005275 
    182       Ti                1.5000000000   -0.5000000000    0.0000000000 
    183       O                 1.5000000000   -0.5000000000   -0.5005608276 
    184       Ti                1.5000000000   -0.5000000000    0.9945756879 
    185       O                 1.5000000000   -0.5000000000    0.5005611904 
    186       Ti                1.5000000000   -0.5000000000    1.9704983581 
    187       O                 1.5000000000   -0.5000000000    1.5041008908 
    188       Ti               -0.5000000000    1.5000000000   -1.9704972452 
    189       Ti               -0.5000000000    1.5000000000   -0.9945756786 
    190       O                -0.5000000000    1.5000000000   -1.5041005275 
    191       Ti               -0.5000000000    1.5000000000    0.0000000000 
    192       O                -0.5000000000    1.5000000000   -0.5005608276 
    193       Ti               -0.5000000000    1.5000000000    0.9945756879 
    194       O                -0.5000000000    1.5000000000    0.5005611904 
    195       Ti               -0.5000000000    1.5000000000    1.9704983581 
    196       O                -0.5000000000    1.5000000000    1.5041008908 
    197       Ti                0.5000000000   -1.5000000000   -1.9704972452 
    198       Ti                0.5000000000   -1.5000000000   -0.9945756786 
    199       O                 0.5000000000   -1.5000000000   -1.5041005275 
    200       Ti                0.5000000000   -1.5000000000    0.0000000000 
    201       O                 0.5000000000   -1.5000000000   -0.5005608276 
    202       Ti                0.5000000000   -1.5000000000    0.9945756879 
    203       O                 0.5000000000   -1.5000000000    0.5005611904 
    204       Ti                0.5000000000   -1.5000000000    1.9704983581 
    205       O                 0.5000000000   -1.5000000000    1.5041008908 
    206       Ti               -1.5000000000    0.5000000000   -1.9704972452 
    207       Ti               -1.5000000000    0.5000000000   -0.9945756786 
    208       O                -1.5000000000    0.5000000000   -1.5041005275 
    209       Ti               -1.5000000000    0.5000000000    0.0000000000 
    210       O                -1.5000000000    0.5000000000   -0.5005608276 
    211       Ti               -1.5000000000    0.5000000000    0.9945756879 
    212       O                -1.5000000000    0.5000000000    0.5005611904 
    213       Ti               -1.5000000000    0.5000000000    1.9704983581 
    214       O                -1.5000000000    0.5000000000    1.5041008908 
    215       Ti               -0.5000000000   -1.5000000000   -1.9704972452 
    216       Ti               -0.5000000000   -1.5000000000   -0.9945756786 
    217       O                -0.5000000000   -1.5000000000   -1.5041005275 
    218       Ti               -0.5000000000   -1.5000000000    0.0000000000 
    219       O                -0.5000000000   -1.5000000000   -0.5005608276 
    220       Ti               -0.5000000000   -1.5000000000    0.9945756879 
    221       O                -0.5000000000   -1.5000000000    0.5005611904 
    222       Ti               -0.5000000000   -1.5000000000    1.9704983581 
    223       O                -0.5000000000   -1.5000000000    1.5041008908 
    224       Ti               -1.5000000000   -0.5000000000   -1.9704972452 
    225       Ti               -1.5000000000   -0.5000000000   -0.9945756786 
    226       O                -1.5000000000   -0.5000000000   -1.5041005275 
    227       Ti               -1.5000000000   -0.5000000000    0.0000000000 
    228       O                -1.5000000000   -0.5000000000   -0.5005608276 
    229       Ti               -1.5000000000   -0.5000000000    0.9945756879 
    230       O                -1.5000000000   -0.5000000000    0.5005611904 
    231       Ti               -1.5000000000   -0.5000000000    1.9704983581 
    232       O                -1.5000000000   -0.5000000000    1.5041008908 
    233       O                 1.5000000000    1.0000000000   -1.9971379537 
    234       O                 1.5000000000    1.0000000000   -0.9987995952 
    235       O                 1.5000000000    1.0000000000    0.0000002457 
    236       O                 1.5000000000    1.0000000000    0.9987995269 
    237       O                 1.5000000000    1.0000000000    1.9971387538 
    238       O                 1.0000000000    1.5000000000   -1.9971379537 
    239       O                 1.0000000000    1.5000000000   -0.9987995952 
    240       O                 1.0000000000    1.5000000000    0.0000002457 
    241       O                 1.0000000000    1.5000000000    0.9987995269 
    242       O                 1.0000000000    1.5000000000    1.9971387538 
    243       H                 0.9999984529    1.5000042914   -2.2414682869 
    244       O                 1.5000000000   -1.0000000000   -1.9971379537 
    245       O                 1.5000000000   -1.0000000000   -0.9987995952 
    246       O                 1.5000000000   -1.0000000000    0.0000002457 
    247       O                 1.5000000000   -1.0000000000    0.9987995269 
    248       O                 1.5000000000   -1.0000000000    1.9971387538 
    249       O                -1.0000000000    1.5000000000   -1.9971379537 
    250       O                -1.0000000000    1.5000000000   -0.9987995952 
    251       O                -1.0000000000    1.5000000000    0.0000002457 
    252       O                -1.0000000000    1.5000000000    0.9987995269 
    253       O                -1.0000000000    1.5000000000    1.9971387538 
    254       H                 0.9999984529   -1.4999957086   -2.2414682869 
    255       H                -1.0000015471    1.5000042914   -2.2414682869 
    256       O                 1.0000000000   -1.5000000000   -1.9971379537 
    257       O                 1.0000000000   -1.5000000000   -0.9987995952 
    258       O                 1.0000000000   -1.5000000000    0.0000002457 
    259       O                 1.0000000000   -1.5000000000    0.9987995269 
    260       O                 1.0000000000   -1.5000000000    1.9971387538 
    261       O                -1.5000000000    1.0000000000   -1.9971379537 
    262       O                -1.5000000000    1.0000000000   -0.9987995952 
    263       O                -1.5000000000    1.0000000000    0.0000002457 
    264       O                -1.5000000000    1.0000000000    0.9987995269 
    265       O                -1.5000000000    1.0000000000    1.9971387538 
    266       H                -1.0000015471   -1.4999957086   -2.2414682869 
    267       O                -1.0000000000   -1.5000000000   -1.9971379537 
    268       O                -1.0000000000   -1.5000000000   -0.9987995952 
    269       O                -1.0000000000   -1.5000000000    0.0000002457 
    270       O                -1.0000000000   -1.5000000000    0.9987995269 
    271       O                -1.0000000000   -1.5000000000    1.9971387538 
    272       O                -1.5000000000   -1.0000000000   -1.9971379537 
    273       O                -1.5000000000   -1.0000000000   -0.9987995952 
    274       O                -1.5000000000   -1.0000000000    0.0000002457 
    275       O                -1.5000000000   -1.0000000000    0.9987995269 
    276       O                -1.5000000000   -1.0000000000    1.9971387538 
    277       Ba                2.0000000000    0.0000000000   -1.5261388694 
    278       Ba                2.0000000000    0.0000000000   -0.5037462655 
    279       Ba                2.0000000000    0.0000000000    0.5037469551 
    280       Ba                2.0000000000    0.0000000000    1.5261391117 
    281       Ba                0.0000000000    2.0000000000   -1.5261388694 
    282       Ba                0.0000000000    2.0000000000   -0.5037462655 
    283       Ba                0.0000000000    2.0000000000    0.5037469551 
    284       Ba                0.0000000000    2.0000000000    1.5261391117 
    285       Ba                0.0000000000   -2.0000000000   -1.5261388694 
    286       Ba                0.0000000000   -2.0000000000   -0.5037462655 
    287       Ba                0.0000000000   -2.0000000000    0.5037469551 
    288       Ba                0.0000000000   -2.0000000000    1.5261391117 
    289       Ba               -2.0000000000    0.0000000000   -1.5261388694 
    290       Ba               -2.0000000000    0.0000000000   -0.5037462655 
    291       Ba               -2.0000000000    0.0000000000    0.5037469551 
    292       Ba               -2.0000000000    0.0000000000    1.5261391117 
    293       H                 1.9999984529    0.5000042914   -2.2414682869 
    294       O                 2.0000000000    0.5000000000   -1.9971379537 
    295       O                 2.0000000000    0.5000000000   -0.9987995952 
    296       O                 2.0000000000    0.5000000000    0.0000002457 
    297       O                 2.0000000000    0.5000000000    0.9987995269 
    298       O                 2.0000000000    0.5000000000    1.9971387538 
    299       O                 0.5000000000    2.0000000000   -1.9971379537 
    300       O                 0.5000000000    2.0000000000   -0.9987995952 
    301       O                 0.5000000000    2.0000000000    0.0000002457 
    302       O                 0.5000000000    2.0000000000    0.9987995269 
    303       O                 0.5000000000    2.0000000000    1.9971387538 
    304       H                 1.9999984529   -0.4999957086   -2.2414682869 
    305       O                 2.0000000000   -0.5000000000   -1.9971379537 
    306       O                 2.0000000000   -0.5000000000   -0.9987995952 
    307       O                 2.0000000000   -0.5000000000    0.0000002457 
    308       O                 2.0000000000   -0.5000000000    0.9987995269 
    309       O                 2.0000000000   -0.5000000000    1.9971387538 
    310       O                -0.5000000000    2.0000000000   -1.9971379537 
    311       O                -0.5000000000    2.0000000000   -0.9987995952 
    312       O                -0.5000000000    2.0000000000    0.0000002457 
    313       O                -0.5000000000    2.0000000000    0.9987995269 
    314       O                -0.5000000000    2.0000000000    1.9971387538 
    315       O                 0.5000000000   -2.0000000000   -1.9971379537 
    316       O                 0.5000000000   -2.0000000000   -0.9987995952 
    317       O                 0.5000000000   -2.0000000000    0.0000002457 
    318       O                 0.5000000000   -2.0000000000    0.9987995269 
    319       O                 0.5000000000   -2.0000000000    1.9971387538 
    320       O                -2.0000000000    0.5000000000   -1.9971379537 
    321       O                -2.0000000000    0.5000000000   -0.9987995952 
    322       O                -2.0000000000    0.5000000000    0.0000002457 
    323       O                -2.0000000000    0.5000000000    0.9987995269 
    324       O                -2.0000000000    0.5000000000    1.9971387538 
    325       H                -2.0000015471    0.5000042914   -2.2414682869 
    326       O                -0.5000000000   -2.0000000000   -1.9971379537 
    327       O                -0.5000000000   -2.0000000000   -0.9987995952 
    328       O                -0.5000000000   -2.0000000000    0.0000002457 
    329       O                -0.5000000000   -2.0000000000    0.9987995269 
    330       O                -0.5000000000   -2.0000000000    1.9971387538 
    331       O                -2.0000000000   -0.5000000000   -1.9971379537 
    332       O                -2.0000000000   -0.5000000000   -0.9987995952 
    333       O                -2.0000000000   -0.5000000000    0.0000002457 
    334       O                -2.0000000000   -0.5000000000    0.9987995269 
    335       O                -2.0000000000   -0.5000000000    1.9971387538 
    336       H                -2.0000015471   -0.4999957086   -2.2414682869 
    337       Ti                1.5000000000    1.5000000000   -1.9704972452 
    338       Ti                1.5000000000    1.5000000000   -0.9945756786 
    339       O                 1.5000000000    1.5000000000   -1.5041005275 
    340       Ti                1.5000000000    1.5000000000    0.0000000000 
    341       O                 1.5000000000    1.5000000000   -0.5005608276 
    342       Ti                1.5000000000    1.5000000000    0.9945756879 
    343       O                 1.5000000000    1.5000000000    0.5005611904 
    344       Ti                1.5000000000    1.5000000000    1.9704983581 
    345       O                 1.5000000000    1.5000000000    1.5041008908 
    346       Ti                1.5000000000   -1.5000000000   -1.9704972452 
    347       Ti                1.5000000000   -1.5000000000   -0.9945756786 
    348       O                 1.5000000000   -1.5000000000   -1.5041005275 
    349       Ti                1.5000000000   -1.5000000000    0.0000000000 
    350       O                 1.5000000000   -1.5000000000   -0.5005608276 
    351       Ti                1.5000000000   -1.5000000000    0.9945756879 
    352       O                 1.5000000000   -1.5000000000    0.5005611904 
    353       Ti                1.5000000000   -1.5000000000    1.9704983581 
    354       O                 1.5000000000   -1.5000000000    1.5041008908 
    355       Ti               -1.5000000000    1.5000000000   -1.9704972452 
    356       Ti               -1.5000000000    1.5000000000   -0.9945756786 
    357       O                -1.5000000000    1.5000000000   -1.5041005275 
    358       Ti               -1.5000000000    1.5000000000    0.0000000000 
    359       O                -1.5000000000    1.5000000000   -0.5005608276 
    360       Ti               -1.5000000000    1.5000000000    0.9945756879 
    361       O                -1.5000000000    1.5000000000    0.5005611904 
    362       Ti               -1.5000000000    1.5000000000    1.9704983581 
    363       O                -1.5000000000    1.5000000000    1.5041008908 
    364       Ti               -1.5000000000   -1.5000000000   -1.9704972452 
    365       Ti               -1.5000000000   -1.5000000000   -0.9945756786 
    366       O                -1.5000000000   -1.5000000000   -1.5041005275 
    367       Ti               -1.5000000000   -1.5000000000    0.0000000000 
    368       O                -1.5000000000   -1.5000000000   -0.5005608276 
    369       Ti               -1.5000000000   -1.5000000000    0.9945756879 
    370       O                -1.5000000000   -1.5000000000    0.5005611904 
    371       Ti               -1.5000000000   -1.5000000000    1.9704983581 
    372       O                -1.5000000000   -1.5000000000    1.5041008908 
    373       Ba                2.0000000000    1.0000000000   -1.5261388694 
    374       Ba                2.0000000000    1.0000000000   -0.5037462655 
    375       Ba                2.0000000000    1.0000000000    0.5037469551 
    376       Ba                2.0000000000    1.0000000000    1.5261391117 
    377       Ba                1.0000000000    2.0000000000   -1.5261388694 
    378       Ba                1.0000000000    2.0000000000   -0.5037462655 
    379       Ba                1.0000000000    2.0000000000    0.5037469551 
    380       Ba                1.0000000000    2.0000000000    1.5261391117 
    381       Ba                2.0000000000   -1.0000000000   -1.5261388694 
    382       Ba                2.0000000000   -1.0000000000   -0.5037462655 
    383       Ba                2.0000000000   -1.0000000000    0.5037469551 
    384       Ba                2.0000000000   -1.0000000000    1.5261391117 
    385       Ba               -1.0000000000    2.0000000000   -1.5261388694 
    386       Ba               -1.0000000000    2.0000000000   -0.5037462655 
    387       Ba               -1.0000000000    2.0000000000    0.5037469551 
    388       Ba               -1.0000000000    2.0000000000    1.5261391117 
    389       Ba                1.0000000000   -2.0000000000   -1.5261388694 
    390       Ba                1.0000000000   -2.0000000000   -0.5037462655 
    391       Ba                1.0000000000   -2.0000000000    0.5037469551 
    392       Ba                1.0000000000   -2.0000000000    1.5261391117 
    393       Ba               -2.0000000000    1.0000000000   -1.5261388694 
    394       Ba               -2.0000000000    1.0000000000   -0.5037462655 
    395       Ba               -2.0000000000    1.0000000000    0.5037469551 
    396       Ba               -2.0000000000    1.0000000000    1.5261391117 
    397       Ba               -1.0000000000   -2.0000000000   -1.5261388694 
    398       Ba               -1.0000000000   -2.0000000000   -0.5037462655 
    399       Ba               -1.0000000000   -2.0000000000    0.5037469551 
    400       Ba               -1.0000000000   -2.0000000000    1.5261391117 
    401       Ba               -2.0000000000   -1.0000000000   -1.5261388694 
    402       Ba               -2.0000000000   -1.0000000000   -0.5037462655 
    403       Ba               -2.0000000000   -1.0000000000    0.5037469551 
    404       Ba               -2.0000000000   -1.0000000000    1.5261391117 
    405       O                 2.0000000000    1.5000000000   -1.9971379537 
    406       O                 2.0000000000    1.5000000000   -0.9987995952 
    407       O                 2.0000000000    1.5000000000    0.0000002457 
    408       O                 2.0000000000    1.5000000000    0.9987995269 
    409       O                 2.0000000000    1.5000000000    1.9971387538 
    410       H                 1.9999984529    1.5000042914   -2.2414682869 
    411       O                 1.5000000000    2.0000000000   -1.9971379537 
    412       O                 1.5000000000    2.0000000000   -0.9987995952 
    413       O                 1.5000000000    2.0000000000    0.0000002457 
    414       O                 1.5000000000    2.0000000000    0.9987995269 
    415       O                 1.5000000000    2.0000000000    1.9971387538 
    416       O                 2.5000000000    0.0000000000   -1.9971379537 
    417       O                 2.5000000000    0.0000000000   -0.9987995952 
    418       O                 2.5000000000    0.0000000000    0.0000002457 
    419       O                 2.5000000000    0.0000000000    0.9987995269 
    420       O                 2.5000000000    0.0000000000    1.9971387538 
    421       O                 0.0000000000    2.5000000000   -1.9971379537 
    422       O                 0.0000000000    2.5000000000   -0.9987995952 
    423       O                 0.0000000000    2.5000000000    0.0000002457 
    424       O                 0.0000000000    2.5000000000    0.9987995269 
    425       O                 0.0000000000    2.5000000000    1.9971387538 
    426       H                -0.0000015471    2.5000042914   -2.2414682869 
    427       H                 1.9999984529   -1.4999957086   -2.2414682869 
    428       O                 2.0000000000   -1.5000000000   -1.9971379537 
    429       O                 2.0000000000   -1.5000000000   -0.9987995952 
    430       O                 2.0000000000   -1.5000000000    0.0000002457 
    431       O                 2.0000000000   -1.5000000000    0.9987995269 
    432       O                 2.0000000000   -1.5000000000    1.9971387538 
    433       O                -1.5000000000    2.0000000000   -1.9971379537 
    434       O                -1.5000000000    2.0000000000   -0.9987995952 
    435       O                -1.5000000000    2.0000000000    0.0000002457 
    436       O                -1.5000000000    2.0000000000    0.9987995269 
    437       O                -1.5000000000    2.0000000000    1.9971387538 
    438       O                 1.5000000000   -2.0000000000   -1.9971379537 
    439       O                 1.5000000000   -2.0000000000   -0.9987995952 
    440       O                 1.5000000000   -2.0000000000    0.0000002457 
    441       O                 1.5000000000   -2.0000000000    0.9987995269 
    442       O                 1.5000000000   -2.0000000000    1.9971387538 
    443       O                -2.0000000000    1.5000000000   -1.9971379537 
    444       O                -2.0000000000    1.5000000000   -0.9987995952 
    445       O                -2.0000000000    1.5000000000    0.0000002457 
    446       O                -2.0000000000    1.5000000000    0.9987995269 
    447       O                -2.0000000000    1.5000000000    1.9971387538 
    448       H                -2.0000015471    1.5000042914   -2.2414682869 
    449       O                -1.5000000000   -2.0000000000   -1.9971379537 
    450       O                -1.5000000000   -2.0000000000   -0.9987995952 
    451       O                -1.5000000000   -2.0000000000    0.0000002457 
    452       O                -1.5000000000   -2.0000000000    0.9987995269 
    453       O                -1.5000000000   -2.0000000000    1.9971387538 
    454       H                -2.0000015471   -1.4999957086   -2.2414682869 
    455       O                -2.0000000000   -1.5000000000   -1.9971379537 
    456       O                -2.0000000000   -1.5000000000   -0.9987995952 
    457       O                -2.0000000000   -1.5000000000    0.0000002457 
    458       O                -2.0000000000   -1.5000000000    0.9987995269 
    459       O                -2.0000000000   -1.5000000000    1.9971387538 
    460       Ti                2.5000000000    0.5000000000   -1.9704972452 
    461       Ti                2.5000000000    0.5000000000   -0.9945756786 
    462       O                 2.5000000000    0.5000000000   -1.5041005275 
    463       Ti                2.5000000000    0.5000000000    0.0000000000 
    464       O                 2.5000000000    0.5000000000   -0.5005608276 
    465       Ti                2.5000000000    0.5000000000    0.9945756879 
    466       O                 2.5000000000    0.5000000000    0.5005611904 
    467       Ti                2.5000000000    0.5000000000    1.9704983581 
    468       O                 2.5000000000    0.5000000000    1.5041008908 
    469       Ti                0.5000000000    2.5000000000   -1.9704972452 
    470       Ti                0.5000000000    2.5000000000   -0.9945756786 
    471       O                 0.5000000000    2.5000000000   -1.5041005275 
    472       Ti                0.5000000000    2.5000000000    0.0000000000 
    473       O                 0.5000000000    2.5000000000   -0.5005608276 
    474       Ti                0.5000000000    2.5000000000    0.9945756879 
    475       O                 0.5000000000    2.5000000000    0.5005611904 
    476       Ti                0.5000000000    2.5000000000    1.9704983581 
    477       O                 0.5000000000    2.5000000000    1.5041008908 
    478       Ti                2.5000000000   -0.5000000000   -1.9704972452 
    479       Ti                2.5000000000   -0.5000000000   -0.9945756786 
    480       O                 2.5000000000   -0.5000000000   -1.5041005275 
    481       Ti                2.5000000000   -0.5000000000    0.0000000000 
    482       O                 2.5000000000   -0.5000000000   -0.5005608276 
    483       Ti                2.5000000000   -0.5000000000    0.9945756879 
    484       O                 2.5000000000   -0.5000000000    0.5005611904 
    485       Ti                2.5000000000   -0.5000000000    1.9704983581 
    486       O                 2.5000000000   -0.5000000000    1.5041008908 
    487       Ti               -0.5000000000    2.5000000000   -1.9704972452 
    488       Ti               -0.5000000000    2.5000000000   -0.9945756786 
    489       O                -0.5000000000    2.5000000000   -1.5041005275 
    490       Ti               -0.5000000000    2.5000000000    0.0000000000 
    491       O                -0.5000000000    2.5000000000   -0.5005608276 
    492       Ti               -0.5000000000    2.5000000000    0.9945756879 
    493       O                -0.5000000000    2.5000000000    0.5005611904 
    494       Ti               -0.5000000000    2.5000000000    1.9704983581 
    495       O                -0.5000000000    2.5000000000    1.5041008908 
    496       O                 2.5000000000    1.0000000000   -1.9971379537 
    497       O                 2.5000000000    1.0000000000   -0.9987995952 
    498       O                 2.5000000000    1.0000000000    0.0000002457 
    499       O                 2.5000000000    1.0000000000    0.9987995269 
    500       O                 2.5000000000    1.0000000000    1.9971387538 
    501       O                 1.0000000000    2.5000000000   -1.9971379537 
    502       O                 1.0000000000    2.5000000000   -0.9987995952 
    503       O                 1.0000000000    2.5000000000    0.0000002457 
    504       O                 1.0000000000    2.5000000000    0.9987995269 
    505       O                 1.0000000000    2.5000000000    1.9971387538 
    506       H                 0.9999984529    2.5000042914   -2.2414682869 
    507       O                 2.5000000000   -1.0000000000   -1.9971379537 
    508       O                 2.5000000000   -1.0000000000   -0.9987995952 
    509       O                 2.5000000000   -1.0000000000    0.0000002457 
    510       O                 2.5000000000   -1.0000000000    0.9987995269 
    511       O                 2.5000000000   -1.0000000000    1.9971387538 
    512       O                -1.0000000000    2.5000000000   -1.9971379537 
    513       O                -1.0000000000    2.5000000000   -0.9987995952 
    514       O                -1.0000000000    2.5000000000    0.0000002457 
    515       O                -1.0000000000    2.5000000000    0.9987995269 
    516       O                -1.0000000000    2.5000000000    1.9971387538 
    517       H                -1.0000015471    2.5000042914   -2.2414682869 
    518       Ba                2.0000000000    2.0000000000   -1.5261388694 
    519       Ba                2.0000000000    2.0000000000   -0.5037462655 
    520       Ba                2.0000000000    2.0000000000    0.5037469551 
    521       Ba                2.0000000000    2.0000000000    1.5261391117 
    522       Ba                2.0000000000   -2.0000000000   -1.5261388694 
    523       Ba                2.0000000000   -2.0000000000   -0.5037462655 
    524       Ba                2.0000000000   -2.0000000000    0.5037469551 
    525       Ba                2.0000000000   -2.0000000000    1.5261391117 
    526       Ba               -2.0000000000    2.0000000000   -1.5261388694 
    527       Ba               -2.0000000000    2.0000000000   -0.5037462655 
    528       Ba               -2.0000000000    2.0000000000    0.5037469551 
    529       Ba               -2.0000000000    2.0000000000    1.5261391117 
    530       Ba               -2.0000000000   -2.0000000000   -1.5261388694 
    531       Ba               -2.0000000000   -2.0000000000   -0.5037462655 
    532       Ba               -2.0000000000   -2.0000000000    0.5037469551 
    533       Ba               -2.0000000000   -2.0000000000    1.5261391117 
    534       Ti                2.5000000000    1.5000000000   -1.9704972452 
    535       Ti                2.5000000000    1.5000000000   -0.9945756786 
    536       O                 2.5000000000    1.5000000000   -1.5041005275 
    537       Ti                2.5000000000    1.5000000000    0.0000000000 
    538       O                 2.5000000000    1.5000000000   -0.5005608276 
    539       Ti                2.5000000000    1.5000000000    0.9945756879 
    540       O                 2.5000000000    1.5000000000    0.5005611904 
    541       Ti                2.5000000000    1.5000000000    1.9704983581 
    542       O                 2.5000000000    1.5000000000    1.5041008908 
    543       Ti                1.5000000000    2.5000000000   -1.9704972452 
    544       Ti                1.5000000000    2.5000000000   -0.9945756786 
    545       O                 1.5000000000    2.5000000000   -1.5041005275 
    546       Ti                1.5000000000    2.5000000000    0.0000000000 
    547       O                 1.5000000000    2.5000000000   -0.5005608276 
    548       Ti                1.5000000000    2.5000000000    0.9945756879 
    549       O                 1.5000000000    2.5000000000    0.5005611904 
    550       Ti                1.5000000000    2.5000000000    1.9704983581 
    551       O                 1.5000000000    2.5000000000    1.5041008908 
    552       Ti                2.5000000000   -1.5000000000   -1.9704972452 
    553       Ti                2.5000000000   -1.5000000000   -0.9945756786 
    554       O                 2.5000000000   -1.5000000000   -1.5041005275 
    555       Ti                2.5000000000   -1.5000000000    0.0000000000 
    556       O                 2.5000000000   -1.5000000000   -0.5005608276 
    557       Ti                2.5000000000   -1.5000000000    0.9945756879 
    558       O                 2.5000000000   -1.5000000000    0.5005611904 
    559       Ti                2.5000000000   -1.5000000000    1.9704983581 
    560       O                 2.5000000000   -1.5000000000    1.5041008908 
    561       Ti               -1.5000000000    2.5000000000   -1.9704972452 
    562       Ti               -1.5000000000    2.5000000000   -0.9945756786 
    563       O                -1.5000000000    2.5000000000   -1.5041005275 
    564       Ti               -1.5000000000    2.5000000000    0.0000000000 
    565       O                -1.5000000000    2.5000000000   -0.5005608276 
    566       Ti               -1.5000000000    2.5000000000    0.9945756879 
    567       O                -1.5000000000    2.5000000000    0.5005611904 
    568       Ti               -1.5000000000    2.5000000000    1.9704983581 
    569       O                -1.5000000000    2.5000000000    1.5041008908 
    570       O                 2.5000000000    2.0000000000   -1.9971379537 
    571       O                 2.5000000000    2.0000000000   -0.9987995952 
    572       O                 2.5000000000    2.0000000000    0.0000002457 
    573       O                 2.5000000000    2.0000000000    0.9987995269 
    574       O                 2.5000000000    2.0000000000    1.9971387538 
    575       O                 2.0000000000    2.5000000000   -1.9971379537 
    576       O                 2.0000000000    2.5000000000   -0.9987995952 
    577       O                 2.0000000000    2.5000000000    0.0000002457 
    578       O                 2.0000000000    2.5000000000    0.9987995269 
    579       O                 2.0000000000    2.5000000000    1.9971387538 
    580       H                 1.9999984529    2.5000042914   -2.2414682869 
    581       O                 2.5000000000   -2.0000000000   -1.9971379537 
    582       O                 2.5000000000   -2.0000000000   -0.9987995952 
    583       O                 2.5000000000   -2.0000000000    0.0000002457 
    584       O                 2.5000000000   -2.0000000000    0.9987995269 
    585       O                 2.5000000000   -2.0000000000    1.9971387538 
    586       O                -2.0000000000    2.5000000000   -1.9971379537 
    587       O                -2.0000000000    2.5000000000   -0.9987995952 
    588       O                -2.0000000000    2.5000000000    0.0000002457 
    589       O                -2.0000000000    2.5000000000    0.9987995269 
    590       O                -2.0000000000    2.5000000000    1.9971387538 
    591       H                -2.0000015471    2.5000042914   -2.2414682869 
    592       Ti                2.5000000000    2.5000000000   -1.9704972452 
    593       Ti                2.5000000000    2.5000000000   -0.9945756786 
    594       O                 2.5000000000    2.5000000000   -1.5041005275 
    595       Ti                2.5000000000    2.5000000000    0.0000000000 
    596       O                 2.5000000000    2.5000000000   -0.5005608276 
    597       Ti                2.5000000000    2.5000000000    0.9945756879 
    598       O                 2.5000000000    2.5000000000    0.5005611904 
    599       Ti                2.5000000000    2.5000000000    1.9704983581 
    600       O                 2.5000000000    2.5000000000    1.5041008908 
