600
9x1x1 BTO slab with H; all layers free; slab for visualization
Ba   -0.02564135172   -0.03581142207   1.98577926
Ba   -0.02038161233   -0.04249298419   -2.044494175
Ba   -0.04029387808   -0.05609281945   6.113205345
Ba   -0.01863709225   -0.07956513862   -6.103573844
H   -0.00360126936   -0.9900267373   -8.984305641
O   -0.004471080935   -1.92526913   -8.679026453
O   -0.02979717728   1.955953229   -4.237708183
O   -0.03784917084   1.969377759   -0.1014442351
O   -1.96988159   0.07523124536   8.058528194
O   1.985531754   -0.05773544939   -0.0981439259
O   1.989624704   -0.06071091579   -4.210472919
O   0.09436235512   -1.990111466   8.062658606
O   -1.997798519   0.03182038086   3.985243812
O   2.009665695   -0.02495828503   -8.40024255
O   0.04314346494   -2.01198448   3.985331762
O   0.04314346494   2.020729188   3.985331762
O   -2.023047973   -0.02495828503   -8.40024255
O   2.034915149   0.03182038086   3.985243812
O   -2.043088964   -0.06071091579   -4.210472919
O   0.09436235512   2.042602202   8.062658606
O   -2.047181914   -0.05773544939   -0.0981439259
O   -0.03784917084   -2.063335909   -0.1014442351
O   2.062832078   0.07523124536   8.058528194
O   -0.02979717728   -2.076760439   -4.237708183
O   -0.004471080935   2.107444538   -8.679026453
Ti   1.902541345   1.884361811   7.9407592
Ti   1.919274279   1.905842281   4.000711594
Ti   2.008566615   1.868743924   -8.201546892
Ti   -2.024147053   1.868743924   -8.201546892
O   1.997938481   1.947338783   -6.407673261
O   1.988223988   1.964261421   -2.180222508
Ti   1.997386843   1.958445103   -4.018274524
O   -2.034775187   1.947338783   -6.407673261
O   2.000844677   1.988063223   1.943556219
Ti   -2.035326825   1.958445103   -4.018274524
O   -2.04448968   1.964261421   -2.180222508
O   -2.031868991   1.988063223   1.943556219
Ti   -2.130172323   1.884361811   7.9407592
O   -2.013825723   2.010789435   6.03338606
Ti   -2.113439389   1.905842281   4.000711594
O   2.018887945   2.010789435   6.03338606
Ti   2.016356834   2.016356834   0
Ti   2.016356834   -2.016356834   0
Ti   -2.016356834   2.016356834   0
Ti   -2.016356834   -2.016356834   0
O   -2.013825723   -2.021924233   6.03338606
O   2.018887945   -2.021924233   6.03338606
O   2.000844677   -2.044650445   1.943556219
Ti   1.919274279   -2.126871387   4.000711594
O   1.988223988   -2.068452247   -2.180222508
Ti   1.902541345   -2.148351857   7.9407592
Ti   1.997386843   -2.074268565   -4.018274524
O   -2.031868991   -2.044650445   1.943556219
O   1.997938481   -2.085374885   -6.407673261
Ti   -2.035326825   -2.074268565   -4.018274524
O   -2.04448968   -2.068452247   -2.180222508
O   -2.034775187   -2.085374885   -6.407673261
Ti   2.008566615   -2.163969744   -8.201546892
Ti   -2.024147053   -2.163969744   -8.201546892
Ti   -2.113439389   -2.126871387   4.000711594
Ti   -2.130172323   -2.148351857   7.9407592
H   -0.00360126936   3.042686931   -8.984305641
Ba   -0.01863709225   3.953148529   -6.103573844
Ba   -0.04029387808   3.976620849   6.113205345
Ba   -0.02038161233   3.990220684   -2.044494175
Ba   3.99241979   -0.05609281945   6.113205345
Ba   -0.02564135172   3.996902246   1.98577926
Ba   4.007072316   -0.03581142207   1.98577926
Ba   4.012332056   -0.04249298419   -2.044494175
Ba   4.014076576   -0.07956513862   -6.103573844
Ba   -4.05135076   -0.07956513862   -6.103573844
Ba   -4.05309528   -0.04249298419   -2.044494175
Ba   -4.05835502   -0.03581142207   1.98577926
Ba   -0.02564135172   -4.06852509   1.98577926
Ba   -4.073007546   -0.05609281945   6.113205345
Ba   -0.02038161233   -4.075206652   -2.044494175
Ba   -0.04029387808   -4.088806488   6.113205345
Ba   -0.01863709225   -4.112278807   -6.103573844
H   4.029112399   -0.9900267373   -8.984305641
H   -4.036314937   -0.9900267373   -8.984305641
O   -3.938351313   -1.990111466   8.062658606
O   -1.96988159   -3.957482423   8.058528194
O   -3.938351313   2.042602202   8.062658606
O   1.989624704   3.972002752   -4.210472919
O   1.985531754   3.974978219   -0.0981439259
O   3.994864497   1.969377759   -0.1014442351
O   4.002916491   1.955953229   -4.237708183
O   2.062832078   -3.957482423   8.058528194
O   4.028242587   -1.92526913   -8.679026453
O   -2.043088964   3.972002752   -4.210472919
O   -3.989570203   -2.01198448   3.985331762
O   -2.047181914   3.974978219   -0.0981439259
O   -1.997798519   -4.000893287   3.985243812
O   -3.989570203   2.020729188   3.985331762
O   -4.037184749   -1.92526913   -8.679026453
O   2.009665695   4.007755383   -8.40024255
O   2.034915149   -4.000893287   3.985243812
O   -2.023047973   4.007755383   -8.40024255
O   3.994864497   -2.063335909   -0.1014442351
O   -4.062510845   1.955953229   -4.237708183
O   4.002916491   -2.076760439   -4.237708183
O   -4.070562839   1.969377759   -0.1014442351
O   2.009665695   -4.057671953   -8.40024255
O   -1.997798519   4.064534049   3.985243812
O   -2.023047973   -4.057671953   -8.40024255
O   2.034915149   4.064534049   3.985243812
O   4.075857133   -2.01198448   3.985331762
O   4.028242587   2.107444538   -8.679026453
O   1.985531754   -4.090449117   -0.0981439259
O   4.075857133   2.020729188   3.985331762
O   1.989624704   -4.093424584   -4.210472919
O   -4.037184749   2.107444538   -8.679026453
O   -1.96988159   4.107944913   8.058528194
O   -4.062510845   -2.076760439   -4.237708183
O   -4.070562839   -2.063335909   -0.1014442351
O   -2.047181914   -4.090449117   -0.0981439259
O   -2.043088964   -4.093424584   -4.210472919
O   4.127076023   -1.990111466   8.062658606
O   2.062832078   4.107944913   8.058528194
O   4.127076023   2.042602202   8.062658606
H   -0.00360126936   -5.022740405   -8.984305641
H   4.029112399   3.042686931   -8.984305641
H   -4.036314937   3.042686931   -8.984305641
Ba   4.014076576   3.953148529   -6.103573844
Ba   3.99241979   3.976620849   6.113205345
Ba   4.012332056   3.990220684   -2.044494175
Ba   4.007072316   3.996902246   1.98577926
Ba   -4.05135076   3.953148529   -6.103573844
Ba   -4.05309528   3.990220684   -2.044494175
Ba   -4.073007546   3.976620849   6.113205345
Ba   -4.05835502   3.996902246   1.98577926
Ba   4.007072316   -4.06852509   1.98577926
Ba   3.99241979   -4.088806488   6.113205345
Ba   4.012332056   -4.075206652   -2.044494175
Ba   4.014076576   -4.112278807   -6.103573844
Ba   -4.05835502   -4.06852509   1.98577926
Ba   -4.05309528   -4.075206652   -2.044494175
Ba   -4.073007546   -4.088806488   6.113205345
Ba   -4.05135076   -4.112278807   -6.103573844
O   -0.004471080935   -5.957982798   -8.679026453
O   -0.02979717728   5.988666897   -4.237708183
O   -0.03784917084   6.002091427   -0.1014442351
O   -6.002595258   0.07523124536   8.058528194
O   6.018245422   -0.05773544939   -0.0981439259
O   6.022338372   -0.06071091579   -4.210472919
O   0.09436235512   -6.022825134   8.062658606
O   -6.030512187   0.03182038086   3.985243812
O   6.042379364   -0.02495828503   -8.40024255
O   0.04314346494   -6.044698148   3.985331762
O   0.04314346494   6.053442856   3.985331762
O   -6.055761641   -0.02495828503   -8.40024255
O   6.067628817   0.03182038086   3.985243812
O   0.09436235512   6.07531587   8.062658606
O   -6.075802632   -0.06071091579   -4.210472919
O   -6.079895582   -0.05773544939   -0.0981439259
O   6.095545746   0.07523124536   8.058528194
O   -0.03784917084   -6.096049577   -0.1014442351
O   -0.02979717728   -6.109474107   -4.237708183
O   -0.004471080935   6.140158206   -8.679026453
Ti   1.902541345   5.917075479   7.9407592
Ti   5.935255013   1.884361811   7.9407592
Ti   2.008566615   5.901457592   -8.201546892
Ti   -2.024147053   5.901457592   -8.201546892
Ti   1.919274279   5.938555949   4.000711594
Ti   5.951987947   1.905842281   4.000711594
Ti   -2.130172323   5.917075479   7.9407592
Ti   -2.113439389   5.938555949   4.000711594
O   1.997938481   5.980052451   -6.407673261
Ti   5.935255013   -2.148351857   7.9407592
Ti   1.997386843   5.991158772   -4.018274524
O   -2.034775187   5.980052451   -6.407673261
O   1.988223988   5.996975089   -2.180222508
Ti   5.951987947   -2.126871387   4.000711594
Ti   6.041280283   1.868743924   -8.201546892
Ti   -2.035326825   5.991158772   -4.018274524
O   6.020937656   1.964261421   -2.180222508
O   -2.04448968   5.996975089   -2.180222508
O   6.03065215   1.947338783   -6.407673261
Ti   -6.056860721   1.868743924   -8.201546892
Ti   6.030100511   1.958445103   -4.018274524
O   2.000844677   6.020776891   1.943556219
O   6.033558345   1.988063223   1.943556219
O   -2.031868991   6.020776891   1.943556219
O   6.020937656   -2.068452247   -2.180222508
O   -2.013825723   6.043503103   6.03338606
O   6.033558345   -2.044650445   1.943556219
O   2.018887945   6.043503103   6.03338606
O   -6.046539391   2.010789435   6.03338606
O   -6.067488855   1.947338783   -6.407673261
O   -6.046539391   -2.021924233   6.03338606
Ti   6.049070502   2.016356834   0
Ti   2.016356834   6.049070502   0
Ti   6.049070502   -2.016356834   0
Ti   -2.016356834   6.049070502   0
Ti   2.016356834   -6.049070502   0
Ti   -6.068040493   1.958445103   -4.018274524
Ti   -6.049070502   2.016356834   0
Ti   -2.016356834   -6.049070502   0
Ti   -6.049070502   -2.016356834   0
O   6.051601613   2.010789435   6.03338606
Ti   6.030100511   -2.074268565   -4.018274524
O   6.051601613   -2.021924233   6.03338606
O   -2.013825723   -6.054637901   6.03338606
O   6.03065215   -2.085374885   -6.407673261
O   -6.064582659   1.988063223   1.943556219
O   2.018887945   -6.054637901   6.03338606
O   -6.077203348   1.964261421   -2.180222508
O   2.000844677   -6.077364114   1.943556219
O   -6.064582659   -2.044650445   1.943556219
O   -2.031868991   -6.077364114   1.943556219
Ti   -6.068040493   -2.074268565   -4.018274524
O   -6.067488855   -2.085374885   -6.407673261
O   1.988223988   -6.101165915   -2.180222508
Ti   6.041280283   -2.163969744   -8.201546892
O   -6.077203348   -2.068452247   -2.180222508
Ti   1.997386843   -6.106982233   -4.018274524
Ti   -6.056860721   -2.163969744   -8.201546892
O   -2.04448968   -6.101165915   -2.180222508
Ti   -6.146153057   1.905842281   4.000711594
O   1.997938481   -6.118088553   -6.407673261
Ti   -2.035326825   -6.106982233   -4.018274524
H   4.029112399   -5.022740405   -8.984305641
H   -4.036314937   -5.022740405   -8.984305641
Ti   -6.162885991   1.884361811   7.9407592
O   -2.034775187   -6.118088553   -6.407673261
Ti   1.919274279   -6.159585055   4.000711594
Ti   1.902541345   -6.181065525   7.9407592
Ti   -6.146153057   -2.126871387   4.000711594
Ti   -2.113439389   -6.159585055   4.000711594
Ti   2.008566615   -6.196683412   -8.201546892
Ti   -2.024147053   -6.196683412   -8.201546892
Ti   -6.162885991   -2.148351857   7.9407592
Ti   -2.130172323   -6.181065525   7.9407592
H   -0.00360126936   7.075400599   -8.984305641
O   -6.002595258   -3.957482423   8.058528194
O   4.028242587   -5.957982798   -8.679026453
O   -3.938351313   -6.022825134   8.062658606
O   -4.037184749   -5.957982798   -8.679026453
O   4.002916491   5.988666897   -4.237708183
O   3.994864497   6.002091427   -0.1014442351
O   6.018245422   3.974978219   -0.0981439259
O   6.022338372   3.972002752   -4.210472919
O   -4.062510845   5.988666897   -4.237708183
O   -6.030512187   -4.000893287   3.985243812
O   -3.938351313   6.07531587   8.062658606
O   -3.989570203   -6.044698148   3.985331762
O   -3.989570203   6.053442856   3.985331762
O   6.042379364   4.007755383   -8.40024255
O   -4.070562839   6.002091427   -0.1014442351
O   -6.075802632   3.972002752   -4.210472919
O   -6.055761641   4.007755383   -8.40024255
O   -6.079895582   3.974978219   -0.0981439259
O   6.095545746   -3.957482423   8.058528194
O   6.067628817   -4.000893287   3.985243812
O   -6.030512187   4.064534049   3.985243812
O   -6.002595258   4.107944913   8.058528194
O   6.018245422   -4.090449117   -0.0981439259
O   6.042379364   -4.057671953   -8.40024255
O   6.022338372   -4.093424584   -4.210472919
O   3.994864497   -6.096049577   -0.1014442351
O   -6.055761641   -4.057671953   -8.40024255
O   4.075857133   -6.044698148   3.985331762
O   4.075857133   6.053442856   3.985331762
O   4.127076023   -6.022825134   8.062658606
O   6.067628817   4.064534049   3.985243812
O   4.002916491   -6.109474107   -4.237708183
O   -6.075802632   -4.093424584   -4.210472919
O   -6.079895582   -4.090449117   -0.0981439259
O   -4.070562839   -6.096049577   -0.1014442351
O   -4.062510845   -6.109474107   -4.237708183
O   4.028242587   6.140158206   -8.679026453
O   4.127076023   6.07531587   8.062658606
O   -4.037184749   6.140158206   -8.679026453
O   6.095545746   4.107944913   8.058528194
Ba   -0.01863709225   7.985862198   -6.103573844
Ba   -0.04029387808   8.009334517   6.113205345
Ba   -0.02038161233   8.022934352   -2.044494175
Ba   8.025133458   -0.05609281945   6.113205345
Ba   -0.02564135172   8.029615914   1.98577926
Ba   8.039785984   -0.03581142207   1.98577926
Ba   8.045045724   -0.04249298419   -2.044494175
Ba   8.046790244   -0.07956513862   -6.103573844
Ba   -8.084064428   -0.07956513862   -6.103573844
Ba   -8.085808949   -0.04249298419   -2.044494175
Ba   -8.091068688   -0.03581142207   1.98577926
Ba   -0.02564135172   -8.101238758   1.98577926
Ba   -8.105721214   -0.05609281945   6.113205345
Ba   -0.02038161233   -8.10792032   -2.044494175
Ba   -0.04029387808   -8.121520156   6.113205345
H   8.061826067   -0.9900267373   -8.984305641
H   -8.069028606   -0.9900267373   -8.984305641
H   4.029112399   7.075400599   -8.984305641
Ba   -0.01863709225   -8.144992475   -6.103573844
H   -4.036314937   7.075400599   -8.984305641
O   -7.971064981   -1.990111466   8.062658606
O   -7.971064981   2.042602202   8.062658606
O   -1.96988159   -7.990196091   8.058528194
O   1.989624704   8.00471642   -4.210472919
O   1.985531754   8.007691887   -0.0981439259
O   2.062832078   -7.990196091   8.058528194
O   -2.043088964   8.00471642   -4.210472919
O   -2.047181914   8.007691887   -0.0981439259
O   8.027578165   1.969377759   -0.1014442351
O   8.035630159   1.955953229   -4.237708183
O   -8.022283871   -2.01198448   3.985331762
O   -8.022283871   2.020729188   3.985331762
O   -1.997798519   -8.033606955   3.985243812
O   2.034915149   -8.033606955   3.985243812
O   8.060956255   -1.92526913   -8.679026453
O   2.009665695   8.040469051   -8.40024255
O   8.027578165   -2.063335909   -0.1014442351
O   -2.023047973   8.040469051   -8.40024255
O   -8.069898417   -1.92526913   -8.679026453
O   8.035630159   -2.076760439   -4.237708183
O   -8.095224513   1.955953229   -4.237708183
O   8.060956255   2.107444538   -8.679026453
O   2.009665695   -8.090385621   -8.40024255
O   -8.103276507   1.969377759   -0.1014442351
O   -2.023047973   -8.090385621   -8.40024255
O   -1.997798519   8.097247717   3.985243812
O   -8.069898417   2.107444538   -8.679026453
O   2.034915149   8.097247717   3.985243812
O   8.108570801   -2.01198448   3.985331762
O   8.108570801   2.020729188   3.985331762
O   -8.095224513   -2.076760439   -4.237708183
O   -8.103276507   -2.063335909   -0.1014442351
O   1.985531754   -8.123162786   -0.0981439259
O   1.989624704   -8.126138252   -4.210472919
O   -1.96988159   8.140658582   8.058528194
O   -2.047181914   -8.123162786   -0.0981439259
O   -2.043088964   -8.126138252   -4.210472919
Ti   5.935255013   5.917075479   7.9407592
O   2.062832078   8.140658582   8.058528194
O   8.159789691   -1.990111466   8.062658606
Ti   5.951987947   5.938555949   4.000711594
O   8.159789691   2.042602202   8.062658606
Ti   6.041280283   5.901457592   -8.201546892
Ti   -6.056860721   5.901457592   -8.201546892
O   6.03065215   5.980052451   -6.407673261
O   6.020937656   5.996975089   -2.180222508
Ti   6.030100511   5.991158772   -4.018274524
O   -6.067488855   5.980052451   -6.407673261
O   6.033558345   6.020776891   1.943556219
Ti   -6.068040493   5.991158772   -4.018274524
O   -6.077203348   5.996975089   -2.180222508
Ti   -6.162885991   5.917075479   7.9407592
O   -6.064582659   6.020776891   1.943556219
Ti   -6.146153057   5.938555949   4.000711594
O   -6.046539391   6.043503103   6.03338606
O   6.051601613   6.043503103   6.03338606
Ti   6.049070502   6.049070502   0
Ti   6.049070502   -6.049070502   0
Ti   -6.049070502   6.049070502   0
Ti   -6.049070502   -6.049070502   0
O   -6.046539391   -6.054637901   6.03338606
O   6.051601613   -6.054637901   6.03338606
O   6.033558345   -6.077364114   1.943556219
Ti   5.951987947   -6.159585055   4.000711594
Ti   5.935255013   -6.181065525   7.9407592
O   6.020937656   -6.101165915   -2.180222508
Ti   6.030100511   -6.106982233   -4.018274524
O   -6.064582659   -6.077364114   1.943556219
O   6.03065215   -6.118088553   -6.407673261
Ti   -6.068040493   -6.106982233   -4.018274524
O   -6.077203348   -6.101165915   -2.180222508
H   8.061826067   3.042686931   -8.984305641
O   -6.067488855   -6.118088553   -6.407673261
H   -8.069028606   3.042686931   -8.984305641
Ti   6.041280283   -6.196683412   -8.201546892
Ti   -6.056860721   -6.196683412   -8.201546892
Ti   -6.146153057   -6.159585055   4.000711594
Ti   -6.162885991   -6.181065525   7.9407592
Ba   4.014076576   7.985862198   -6.103573844
Ba   3.99241979   8.009334517   6.113205345
Ba   -4.05135076   7.985862198   -6.103573844
Ba   8.025133458   3.976620849   6.113205345
Ba   8.046790244   3.953148529   -6.103573844
Ba   4.012332056   8.022934352   -2.044494175
Ba   4.007072316   8.029615914   1.98577926
Ba   8.039785984   3.996902246   1.98577926
Ba   8.045045724   3.990220684   -2.044494175
Ba   -4.073007546   8.009334517   6.113205345
Ba   -4.05309528   8.022934352   -2.044494175
Ba   -4.05835502   8.029615914   1.98577926
Ba   -8.084064428   3.953148529   -6.103573844
Ba   8.025133458   -4.088806488   6.113205345
Ba   8.039785984   -4.06852509   1.98577926
Ba   -8.085808949   3.990220684   -2.044494175
Ba   8.045045724   -4.075206652   -2.044494175
Ba   -8.091068688   3.996902246   1.98577926
Ba   -8.105721214   3.976620849   6.113205345
Ba   8.046790244   -4.112278807   -6.103573844
Ba   4.007072316   -8.101238758   1.98577926
Ba   4.012332056   -8.10792032   -2.044494175
Ba   3.99241979   -8.121520156   6.113205345
Ba   -8.085808949   -4.075206652   -2.044494175
H   -0.00360126936   -9.055454073   -8.984305641
Ba   -8.091068688   -4.06852509   1.98577926
Ba   -4.05835502   -8.101238758   1.98577926
Ba   -4.05309528   -8.10792032   -2.044494175
Ba   -8.084064428   -4.112278807   -6.103573844
Ba   -8.105721214   -4.088806488   6.113205345
Ba   4.014076576   -8.144992475   -6.103573844
Ba   -4.073007546   -8.121520156   6.113205345
Ba   -4.05135076   -8.144992475   -6.103573844
H   8.061826067   -5.022740405   -8.984305641
H   -8.069028606   -5.022740405   -8.984305641
H   4.029112399   -9.055454073   -8.984305641
H   -4.036314937   -9.055454073   -8.984305641
O   -7.971064981   -6.022825134   8.062658606
O   -0.004471080935   -9.990696467   -8.679026453
O   -6.002595258   -7.990196091   8.058528194
O   6.018245422   8.007691887   -0.0981439259
O   6.022338372   8.00471642   -4.210472919
O   -0.02979717728   10.02138057   -4.237708183
O   8.035630159   5.988666897   -4.237708183
O   -7.971064981   6.07531587   8.062658606
O   8.027578165   6.002091427   -0.1014442351
O   8.060956255   -5.957982798   -8.679026453
O   -8.069898417   -5.957982798   -8.679026453
O   -0.03784917084   10.03480509   -0.1014442351
O   -10.03530893   0.07523124536   8.058528194
O   -8.022283871   -6.044698148   3.985331762
O   -6.030512187   -8.033606955   3.985243812
O   -6.075802632   8.00471642   -4.210472919
O   6.095545746   -7.990196091   8.058528194
O   -8.022283871   6.053442856   3.985331762
O   10.05095909   -0.05773544939   -0.0981439259
O   -6.079895582   8.007691887   -0.0981439259
O   10.05505204   -0.06071091579   -4.210472919
O   0.09436235512   -10.0555388   8.062658606
O   6.042379364   8.040469051   -8.40024255
O   -10.06322586   0.03182038086   3.985243812
O   -6.055761641   8.040469051   -8.40024255
O   6.067628817   -8.033606955   3.985243812
O   -8.095224513   5.988666897   -4.237708183
O   10.07509303   -0.02495828503   -8.40024255
O   0.04314346494   -10.07741182   3.985331762
O   8.027578165   -6.096049577   -0.1014442351
O   -8.103276507   6.002091427   -0.1014442351
O   8.035630159   -6.109474107   -4.237708183
O   -6.030512187   8.097247717   3.985243812
O   6.042379364   -8.090385621   -8.40024255
O   -6.055761641   -8.090385621   -8.40024255
O   6.018245422   -8.123162786   -0.0981439259
O   8.108570801   -6.044698148   3.985331762
O   -6.002595258   8.140658582   8.058528194
O   6.022338372   -8.126138252   -4.210472919
O   6.067628817   8.097247717   3.985243812
O   8.108570801   6.053442856   3.985331762
Ti   1.902541345   9.949789147   7.9407592
O   8.060956255   6.140158206   -8.679026453
Ti   2.008566615   9.93417126   -8.201546892
Ti   -2.024147053   9.93417126   -8.201546892
O   -8.069898417   6.140158206   -8.679026453
O   -8.103276507   -6.096049577   -0.1014442351
O   8.159789691   -6.022825134   8.062658606
O   -8.095224513   -6.109474107   -4.237708183
Ti   9.967968681   1.884361811   7.9407592
O   -6.075802632   -8.126138252   -4.210472919
O   -6.079895582   -8.123162786   -0.0981439259
Ti   1.919274279   9.971269617   4.000711594
Ti   9.984701615   1.905842281   4.000711594
O   6.095545746   8.140658582   8.058528194
O   8.159789691   6.07531587   8.062658606
Ti   -2.130172323   9.949789147   7.9407592
Ti   -2.113439389   9.971269617   4.000711594
Ti   9.967968681   -2.148351857   7.9407592
Ti   9.984701615   -2.126871387   4.000711594
O   1.997938481   10.01276612   -6.407673261
O   -2.034775187   10.01276612   -6.407673261
Ti   1.997386843   10.02387244   -4.018274524
O   1.988223988   10.02968876   -2.180222508
Ti   -2.035326825   10.02387244   -4.018274524
O   -2.04448968   10.02968876   -2.180222508
O   10.05365132   1.964261421   -2.180222508
Ti   10.07399395   1.868743924   -8.201546892
O   10.06336582   1.947338783   -6.407673261
O   2.000844677   10.05349056   1.943556219
Ti   10.06281418   1.958445103   -4.018274524
O   -2.031868991   10.05349056   1.943556219
O   10.06627201   1.988063223   1.943556219
O   10.05365132   -2.068452247   -2.180222508
O   10.06627201   -2.044650445   1.943556219
Ti   10.06281418   -2.074268565   -4.018274524
O   -2.013825723   10.07621677   6.03338606
O   2.018887945   10.07621677   6.03338606
O   10.06336582   -2.085374885   -6.407673261
O   -10.07925306   2.010789435   6.03338606
O   -10.07925306   -2.021924233   6.03338606
Ti   10.08178417   2.016356834   0
Ti   2.016356834   10.08178417   0
Ti   10.08178417   -2.016356834   0
Ti   -2.016356834   10.08178417   0
Ti   10.07399395   -2.163969744   -8.201546892
H   8.061826067   7.075400599   -8.984305641
H   -8.069028606   7.075400599   -8.984305641
O   4.028242587   -9.990696467   -8.679026453
O   -4.037184749   -9.990696467   -8.679026453
O   -10.03530893   -3.957482423   8.058528194
O   4.002916491   10.02138057   -4.237708183
O   -3.938351313   -10.0555388   8.062658606
O   3.994864497   10.03480509   -0.1014442351
O   10.05095909   3.974978219   -0.0981439259
O   10.05505204   3.972002752   -4.210472919
O   -4.062510845   10.02138057   -4.237708183
O   -4.070562839   10.03480509   -0.1014442351
O   -10.06322586   -4.000893287   3.985243812
O   -3.989570203   -10.07741182   3.985331762
O   10.07509303   4.007755383   -8.40024255
O   -10.03530893   4.107944913   8.058528194
O   10.05095909   -4.090449117   -0.0981439259
O   -10.06322586   4.064534049   3.985243812
O   10.05505204   -4.093424584   -4.210472919
O   10.07509303   -4.057671953   -8.40024255
O   4.127076023   -10.0555388   8.062658606
O   4.075857133   -10.07741182   3.985331762
Ba   8.046790244   7.985862198   -6.103573844
Ba   8.025133458   8.009334517   6.113205345
Ba   8.045045724   8.022934352   -2.044494175
Ba   8.039785984   8.029615914   1.98577926
Ba   -8.084064428   7.985862198   -6.103573844
Ba   -8.085808949   8.022934352   -2.044494175
Ba   -8.105721214   8.009334517   6.113205345
Ba   -8.091068688   8.029615914   1.98577926
Ba   8.039785984   -8.101238758   1.98577926
Ba   8.025133458   -8.121520156   6.113205345
Ba   8.045045724   -8.10792032   -2.044494175
Ba   8.046790244   -8.144992475   -6.103573844
Ba   -8.091068688   -8.101238758   1.98577926
Ba   -8.085808949   -8.10792032   -2.044494175
Ba   -8.105721214   -8.121520156   6.113205345
Ba   -8.084064428   -8.144992475   -6.103573844
Ti   5.935255013   9.949789147   7.9407592
Ti   9.967968681   5.917075479   7.9407592
Ti   5.951987947   9.971269617   4.000711594
Ti   9.984701615   5.938555949   4.000711594
Ti   6.041280283   9.93417126   -8.201546892
Ti   -6.056860721   9.93417126   -8.201546892
Ti   10.07399395   5.901457592   -8.201546892
O   6.03065215   10.01276612   -6.407673261
Ti   6.030100511   10.02387244   -4.018274524
O   6.020937656   10.02968876   -2.180222508
Ti   -6.162885991   9.949789147   7.9407592
O   10.06336582   5.980052451   -6.407673261
O   10.05365132   5.996975089   -2.180222508
O   -6.067488855   10.01276612   -6.407673261
Ti   10.06281418   5.991158772   -4.018274524
Ti   -6.146153057   9.971269617   4.000711594
Ti   -6.068040493   10.02387244   -4.018274524
O   6.033558345   10.05349056   1.943556219
O   -6.077203348   10.02968876   -2.180222508
Ti   9.967968681   -6.181065525   7.9407592
O   10.06627201   6.020776891   1.943556219
Ti   9.984701615   -6.159585055   4.000711594
O   -6.064582659   10.05349056   1.943556219
O   -6.046539391   10.07621677   6.03338606
O   -10.07925306   6.043503103   6.03338606
O   6.051601613   10.07621677   6.03338606
Ti   10.08178417   6.049070502   0
Ti   6.049070502   10.08178417   0
Ti   10.08178417   -6.049070502   0
Ti   -6.049070502   10.08178417   0
O   -10.07925306   -6.054637901   6.03338606
O   10.06627201   -6.077364114   1.943556219
O   10.05365132   -6.101165915   -2.180222508
Ti   10.06281418   -6.106982233   -4.018274524
O   10.06336582   -6.118088553   -6.407673261
Ti   10.07399395   -6.196683412   -8.201546892
H   8.061826067   -9.055454073   -8.984305641
H   -8.069028606   -9.055454073   -8.984305641
O   -10.03530893   -7.990196091   8.058528194
O   -7.971064981   -10.0555388   8.062658606
O   8.060956255   -9.990696467   -8.679026453
O   -8.069898417   -9.990696467   -8.679026453
O   8.035630159   10.02138057   -4.237708183
O   8.027578165   10.03480509   -0.1014442351
O   10.05095909   8.007691887   -0.0981439259
O   10.05505204   8.00471642   -4.210472919
O   -10.06322586   -8.033606955   3.985243812
O   -8.022283871   -10.07741182   3.985331762
O   -8.095224513   10.02138057   -4.237708183
O   10.07509303   8.040469051   -8.40024255
O   -8.103276507   10.03480509   -0.1014442351
O   -10.06322586   8.097247717   3.985243812
O   10.07509303   -8.090385621   -8.40024255
O   -10.03530893   8.140658582   8.058528194
O   10.05095909   -8.123162786   -0.0981439259
O   10.05505204   -8.126138252   -4.210472919
O   8.108570801   -10.07741182   3.985331762
O   8.159789691   -10.0555388   8.062658606
Ti   9.967968681   9.949789147   7.9407592
Ti   9.984701615   9.971269617   4.000711594
Ti   10.07399395   9.93417126   -8.201546892
O   10.06336582   10.01276612   -6.407673261
O   10.05365132   10.02968876   -2.180222508
Ti   10.06281418   10.02387244   -4.018274524
O   10.06627201   10.05349056   1.943556219
O   -10.07925306   10.07621677   6.03338606
Ti   10.08178417   10.08178417   0