primitive lattice vectors  5  5  1
  5.00000000  0.00000000  0.00000000
  0.00000000  5.00000000  0.00000000
  0.00000000  0.00000000 80.00000000
number of atoms in unit cell
600
atom, type, position vector
      1       Ba               -0.0063583368   -0.0088802293    0.4924176183 
      2       Ba               -0.0050540688   -0.0105370695   -0.5069772722 
      3       Ba               -0.0099917528   -0.0139094476    1.5159036441 
      4       Ba               -0.0046214767   -0.0197299251   -1.5135153017 
      5       H                -0.0008930139   -0.2454988920   -2.2278560743 
      6       O                -0.0011087028   -0.4774128016   -2.1521553890 
      7       O                -0.0073888651    0.4850215984   -1.0508328961 
      8       O                -0.0093855339    0.4883505056   -0.0251553280 
      9       O                -0.4884754416    0.0186552410    1.9982892060 
     10       O                 0.4923562438   -0.0143167738   -0.0243369438 
     11       O                 0.4933711808   -0.0150546061   -1.0440793136 
     12       O                 0.0233992202   -0.4934918840    1.9993134325 
     13       O                -0.4953980578    0.0078905629    0.9882288058 
     14       O                 0.4983407851   -0.0061889554   -2.0830247920 
     15       O                 0.0106983705   -0.4989157788    0.9882506148 
     16       O                 0.0106983705    0.5010842212    0.9882506148 
     17       O                -0.5016592149   -0.0061889554   -2.0830247920 
     18       O                 0.5046019422    0.0078905629    0.9882288058 
     19       O                -0.5066288192   -0.0150546061   -1.0440793136 
     20       O                 0.0233992202    0.5065081160    1.9993134325 
     21       O                -0.5076437562   -0.0143167738   -0.0243369438 
     22       O                -0.0093855339   -0.5116494944   -0.0251553280 
     23       O                 0.5115245584    0.0186552410    1.9982892060 
     24       O                -0.0073888651   -0.5149784016   -1.0508328961 
     25       O                -0.0011087028    0.5225871984   -2.1521553890 
     26       Ti                0.4717769476    0.4672689326    1.9690857951 
     27       Ti                0.4759262464    0.4725954872    0.9920643822 
     28       Ti                0.4980682439    0.4633961342   -2.0337538359 
     29       Ti               -0.5019317561    0.4633961342   -2.0337538359 
     30       O                 0.4954327646    0.4828854572   -1.5889234367 
     31       O                 0.4930238424    0.4870817972   -0.5406340960 
     32       Ti                0.4952959737    0.4856395134   -0.9964194969 
     33       O                -0.5045672354    0.4828854572   -1.5889234367 
     34       O                 0.4961534197    0.4929839771    0.4819474873 
     35       Ti               -0.5047040263    0.4856395134   -0.9964194969 
     36       O                -0.5069761576    0.4870817972   -0.5406340960 
     37       O                -0.5038465803    0.4929839771    0.4819474873 
     38       Ti               -0.5282230524    0.4672689326    1.9690857951 
     39       O                -0.4993723553    0.4986194410    1.4961106979 
     40       Ti               -0.5240737536    0.4725954872    0.9920643822 
     41       O                 0.5006276447    0.4986194410    1.4961106979 
     42       Ti                0.5000000000    0.5000000000    0.0000000000 
     43       Ti                0.5000000000   -0.5000000000    0.0000000000 
     44       Ti               -0.5000000000    0.5000000000    0.0000000000 
     45       Ti               -0.5000000000   -0.5000000000    0.0000000000 
     46       O                -0.4993723553   -0.5013805590    1.4961106979 
     47       O                 0.5006276447   -0.5013805590    1.4961106979 
     48       O                 0.4961534197   -0.5070160229    0.4819474873 
     49       Ti                0.4759262464   -0.5274045128    0.9920643822 
     50       O                 0.4930238424   -0.5129182028   -0.5406340960 
     51       Ti                0.4717769476   -0.5327310674    1.9690857951 
     52       Ti                0.4952959737   -0.5143604866   -0.9964194969 
     53       O                -0.5038465803   -0.5070160229    0.4819474873 
     54       O                 0.4954327646   -0.5171145428   -1.5889234367 
     55       Ti               -0.5047040263   -0.5143604866   -0.9964194969 
     56       O                -0.5069761576   -0.5129182028   -0.5406340960 
     57       O                -0.5045672354   -0.5171145428   -1.5889234367 
     58       Ti                0.4980682439   -0.5366038658   -2.0337538359 
     59       Ti               -0.5019317561   -0.5366038658   -2.0337538359 
     60       Ti               -0.5240737536   -0.5274045128    0.9920643822 
     61       Ti               -0.5282230524   -0.5327310674    1.9690857951 
     62       H                -0.0008930139    0.7545011080   -2.2278560743 
     63       Ba               -0.0046214767    0.9802700749   -1.5135153017 
     64       Ba               -0.0099917528    0.9860905524    1.5159036441 
     65       Ba               -0.0050540688    0.9894629305   -0.5069772722 
     66       Ba                0.9900082472   -0.0139094476    1.5159036441 
     67       Ba               -0.0063583368    0.9911197707    0.4924176183 
     68       Ba                0.9936416632   -0.0088802293    0.4924176183 
     69       Ba                0.9949459312   -0.0105370695   -0.5069772722 
     70       Ba                0.9953785233   -0.0197299251   -1.5135153017 
     71       Ba               -1.0046214767   -0.0197299251   -1.5135153017 
     72       Ba               -1.0050540688   -0.0105370695   -0.5069772722 
     73       Ba               -1.0063583368   -0.0088802293    0.4924176183 
     74       Ba               -0.0063583368   -1.0088802293    0.4924176183 
     75       Ba               -1.0099917528   -0.0139094476    1.5159036441 
     76       Ba               -0.0050540688   -1.0105370695   -0.5069772722 
     77       Ba               -0.0099917528   -1.0139094476    1.5159036441 
     78       Ba               -0.0046214767   -1.0197299251   -1.5135153017 
     79       H                 0.9991069861   -0.2454988920   -2.2278560743 
     80       H                -1.0008930139   -0.2454988920   -2.2278560743 
     81       O                -0.9766007798   -0.4934918840    1.9993134325 
     82       O                -0.4884754416   -0.9813447590    1.9982892060 
     83       O                -0.9766007798    0.5065081160    1.9993134325 
     84       O                 0.4933711808    0.9849453939   -1.0440793136 
     85       O                 0.4923562438    0.9856832262   -0.0243369438 
     86       O                 0.9906144661    0.4883505056   -0.0251553280 
     87       O                 0.9926111349    0.4850215984   -1.0508328961 
     88       O                 0.5115245584   -0.9813447590    1.9982892060 
     89       O                 0.9988912972   -0.4774128016   -2.1521553890 
     90       O                -0.5066288192    0.9849453939   -1.0440793136 
     91       O                -0.9893016295   -0.4989157788    0.9882506148 
     92       O                -0.5076437562    0.9856832262   -0.0243369438 
     93       O                -0.4953980578   -0.9921094371    0.9882288058 
     94       O                -0.9893016295    0.5010842212    0.9882506148 
     95       O                -1.0011087028   -0.4774128016   -2.1521553890 
     96       O                 0.4983407851    0.9938110446   -2.0830247920 
     97       O                 0.5046019422   -0.9921094371    0.9882288058 
     98       O                -0.5016592149    0.9938110446   -2.0830247920 
     99       O                 0.9906144661   -0.5116494944   -0.0251553280 
    100       O                -1.0073888651    0.4850215984   -1.0508328961 
    101       O                 0.9926111349   -0.5149784016   -1.0508328961 
    102       O                -1.0093855339    0.4883505056   -0.0251553280 
    103       O                 0.4983407851   -1.0061889554   -2.0830247920 
    104       O                -0.4953980578    1.0078905629    0.9882288058 
    105       O                -0.5016592149   -1.0061889554   -2.0830247920 
    106       O                 0.5046019422    1.0078905629    0.9882288058 
    107       O                 1.0106983705   -0.4989157788    0.9882506148 
    108       O                 0.9988912972    0.5225871984   -2.1521553890 
    109       O                 0.4923562438   -1.0143167738   -0.0243369438 
    110       O                 1.0106983705    0.5010842212    0.9882506148 
    111       O                 0.4933711808   -1.0150546061   -1.0440793136 
    112       O                -1.0011087028    0.5225871984   -2.1521553890 
    113       O                -0.4884754416    1.0186552410    1.9982892060 
    114       O                -1.0073888651   -0.5149784016   -1.0508328961 
    115       O                -1.0093855339   -0.5116494944   -0.0251553280 
    116       O                -0.5076437562   -1.0143167738   -0.0243369438 
    117       O                -0.5066288192   -1.0150546061   -1.0440793136 
    118       O                 1.0233992202   -0.4934918840    1.9993134325 
    119       O                 0.5115245584    1.0186552410    1.9982892060 
    120       O                 1.0233992202    0.5065081160    1.9993134325 
    121       H                -0.0008930139   -1.2454988920   -2.2278560743 
    122       H                 0.9991069861    0.7545011080   -2.2278560743 
    123       H                -1.0008930139    0.7545011080   -2.2278560743 
    124       Ba                0.9953785233    0.9802700749   -1.5135153017 
    125       Ba                0.9900082472    0.9860905524    1.5159036441 
    126       Ba                0.9949459312    0.9894629305   -0.5069772722 
    127       Ba                0.9936416632    0.9911197707    0.4924176183 
    128       Ba               -1.0046214767    0.9802700749   -1.5135153017 
    129       Ba               -1.0050540688    0.9894629305   -0.5069772722 
    130       Ba               -1.0099917528    0.9860905524    1.5159036441 
    131       Ba               -1.0063583368    0.9911197707    0.4924176183 
    132       Ba                0.9936416632   -1.0088802293    0.4924176183 
    133       Ba                0.9900082472   -1.0139094476    1.5159036441 
    134       Ba                0.9949459312   -1.0105370695   -0.5069772722 
    135       Ba                0.9953785233   -1.0197299251   -1.5135153017 
    136       Ba               -1.0063583368   -1.0088802293    0.4924176183 
    137       Ba               -1.0050540688   -1.0105370695   -0.5069772722 
    138       Ba               -1.0099917528   -1.0139094476    1.5159036441 
    139       Ba               -1.0046214767   -1.0197299251   -1.5135153017 
    140       O                -0.0011087028   -1.4774128016   -2.1521553890 
    141       O                -0.0073888651    1.4850215984   -1.0508328961 
    142       O                -0.0093855339    1.4883505056   -0.0251553280 
    143       O                -1.4884754416    0.0186552410    1.9982892060 
    144       O                 1.4923562438   -0.0143167738   -0.0243369438 
    145       O                 1.4933711808   -0.0150546061   -1.0440793136 
    146       O                 0.0233992202   -1.4934918840    1.9993134325 
    147       O                -1.4953980578    0.0078905629    0.9882288058 
    148       O                 1.4983407851   -0.0061889554   -2.0830247920 
    149       O                 0.0106983705   -1.4989157788    0.9882506148 
    150       O                 0.0106983705    1.5010842212    0.9882506148 
    151       O                -1.5016592149   -0.0061889554   -2.0830247920 
    152       O                 1.5046019422    0.0078905629    0.9882288058 
    153       O                 0.0233992202    1.5065081160    1.9993134325 
    154       O                -1.5066288192   -0.0150546061   -1.0440793136 
    155       O                -1.5076437562   -0.0143167738   -0.0243369438 
    156       O                 1.5115245584    0.0186552410    1.9982892060 
    157       O                -0.0093855339   -1.5116494944   -0.0251553280 
    158       O                -0.0073888651   -1.5149784016   -1.0508328961 
    159       O                -0.0011087028    1.5225871984   -2.1521553890 
    160       Ti                0.4717769476    1.4672689326    1.9690857951 
    161       Ti                1.4717769476    0.4672689326    1.9690857951 
    162       Ti                0.4980682439    1.4633961342   -2.0337538359 
    163       Ti               -0.5019317561    1.4633961342   -2.0337538359 
    164       Ti                0.4759262464    1.4725954872    0.9920643822 
    165       Ti                1.4759262464    0.4725954872    0.9920643822 
    166       Ti               -0.5282230524    1.4672689326    1.9690857951 
    167       Ti               -0.5240737536    1.4725954872    0.9920643822 
    168       O                 0.4954327646    1.4828854572   -1.5889234367 
    169       Ti                1.4717769476   -0.5327310674    1.9690857951 
    170       Ti                0.4952959737    1.4856395134   -0.9964194969 
    171       O                -0.5045672354    1.4828854572   -1.5889234367 
    172       O                 0.4930238424    1.4870817972   -0.5406340960 
    173       Ti                1.4759262464   -0.5274045128    0.9920643822 
    174       Ti                1.4980682439    0.4633961342   -2.0337538359 
    175       Ti               -0.5047040263    1.4856395134   -0.9964194969 
    176       O                 1.4930238424    0.4870817972   -0.5406340960 
    177       O                -0.5069761576    1.4870817972   -0.5406340960 
    178       O                 1.4954327646    0.4828854572   -1.5889234367 
    179       Ti               -1.5019317561    0.4633961342   -2.0337538359 
    180       Ti                1.4952959737    0.4856395134   -0.9964194969 
    181       O                 0.4961534197    1.4929839771    0.4819474873 
    182       O                 1.4961534197    0.4929839771    0.4819474873 
    183       O                -0.5038465803    1.4929839771    0.4819474873 
    184       O                 1.4930238424   -0.5129182028   -0.5406340960 
    185       O                -0.4993723553    1.4986194410    1.4961106979 
    186       O                 1.4961534197   -0.5070160229    0.4819474873 
    187       O                 0.5006276447    1.4986194410    1.4961106979 
    188       O                -1.4993723553    0.4986194410    1.4961106979 
    189       O                -1.5045672354    0.4828854572   -1.5889234367 
    190       O                -1.4993723553   -0.5013805590    1.4961106979 
    191       Ti                1.5000000000    0.5000000000    0.0000000000 
    192       Ti                0.5000000000    1.5000000000    0.0000000000 
    193       Ti                1.5000000000   -0.5000000000    0.0000000000 
    194       Ti               -0.5000000000    1.5000000000    0.0000000000 
    195       Ti                0.5000000000   -1.5000000000    0.0000000000 
    196       Ti               -1.5047040263    0.4856395134   -0.9964194969 
    197       Ti               -1.5000000000    0.5000000000    0.0000000000 
    198       Ti               -0.5000000000   -1.5000000000    0.0000000000 
    199       Ti               -1.5000000000   -0.5000000000    0.0000000000 
    200       O                 1.5006276447    0.4986194410    1.4961106979 
    201       Ti                1.4952959737   -0.5143604866   -0.9964194969 
    202       O                 1.5006276447   -0.5013805590    1.4961106979 
    203       O                -0.4993723553   -1.5013805590    1.4961106979 
    204       O                 1.4954327646   -0.5171145428   -1.5889234367 
    205       O                -1.5038465803    0.4929839771    0.4819474873 
    206       O                 0.5006276447   -1.5013805590    1.4961106979 
    207       O                -1.5069761576    0.4870817972   -0.5406340960 
    208       O                 0.4961534197   -1.5070160229    0.4819474873 
    209       O                -1.5038465803   -0.5070160229    0.4819474873 
    210       O                -0.5038465803   -1.5070160229    0.4819474873 
    211       Ti               -1.5047040263   -0.5143604866   -0.9964194969 
    212       O                -1.5045672354   -0.5171145428   -1.5889234367 
    213       O                 0.4930238424   -1.5129182028   -0.5406340960 
    214       Ti                1.4980682439   -0.5366038658   -2.0337538359 
    215       O                -1.5069761576   -0.5129182028   -0.5406340960 
    216       Ti                0.4952959737   -1.5143604866   -0.9964194969 
    217       Ti               -1.5019317561   -0.5366038658   -2.0337538359 
    218       O                -0.5069761576   -1.5129182028   -0.5406340960 
    219       Ti               -1.5240737536    0.4725954872    0.9920643822 
    220       O                 0.4954327646   -1.5171145428   -1.5889234367 
    221       Ti               -0.5047040263   -1.5143604866   -0.9964194969 
    222       H                 0.9991069861   -1.2454988920   -2.2278560743 
    223       H                -1.0008930139   -1.2454988920   -2.2278560743 
    224       Ti               -1.5282230524    0.4672689326    1.9690857951 
    225       O                -0.5045672354   -1.5171145428   -1.5889234367 
    226       Ti                0.4759262464   -1.5274045128    0.9920643822 
    227       Ti                0.4717769476   -1.5327310674    1.9690857951 
    228       Ti               -1.5240737536   -0.5274045128    0.9920643822 
    229       Ti               -0.5240737536   -1.5274045128    0.9920643822 
    230       Ti                0.4980682439   -1.5366038658   -2.0337538359 
    231       Ti               -0.5019317561   -1.5366038658   -2.0337538359 
    232       Ti               -1.5282230524   -0.5327310674    1.9690857951 
    233       Ti               -0.5282230524   -1.5327310674    1.9690857951 
    234       H                -0.0008930139    1.7545011080   -2.2278560743 
    235       O                -1.4884754416   -0.9813447590    1.9982892060 
    236       O                 0.9988912972   -1.4774128016   -2.1521553890 
    237       O                -0.9766007798   -1.4934918840    1.9993134325 
    238       O                -1.0011087028   -1.4774128016   -2.1521553890 
    239       O                 0.9926111349    1.4850215984   -1.0508328961 
    240       O                 0.9906144661    1.4883505056   -0.0251553280 
    241       O                 1.4923562438    0.9856832262   -0.0243369438 
    242       O                 1.4933711808    0.9849453939   -1.0440793136 
    243       O                -1.0073888651    1.4850215984   -1.0508328961 
    244       O                -1.4953980578   -0.9921094371    0.9882288058 
    245       O                -0.9766007798    1.5065081160    1.9993134325 
    246       O                -0.9893016295   -1.4989157788    0.9882506148 
    247       O                -0.9893016295    1.5010842212    0.9882506148 
    248       O                 1.4983407851    0.9938110446   -2.0830247920 
    249       O                -1.0093855339    1.4883505056   -0.0251553280 
    250       O                -1.5066288192    0.9849453939   -1.0440793136 
    251       O                -1.5016592149    0.9938110446   -2.0830247920 
    252       O                -1.5076437562    0.9856832262   -0.0243369438 
    253       O                 1.5115245584   -0.9813447590    1.9982892060 
    254       O                 1.5046019422   -0.9921094371    0.9882288058 
    255       O                -1.4953980578    1.0078905629    0.9882288058 
    256       O                -1.4884754416    1.0186552410    1.9982892060 
    257       O                 1.4923562438   -1.0143167738   -0.0243369438 
    258       O                 1.4983407851   -1.0061889554   -2.0830247920 
    259       O                 1.4933711808   -1.0150546061   -1.0440793136 
    260       O                 0.9906144661   -1.5116494944   -0.0251553280 
    261       O                -1.5016592149   -1.0061889554   -2.0830247920 
    262       O                 1.0106983705   -1.4989157788    0.9882506148 
    263       O                 1.0106983705    1.5010842212    0.9882506148 
    264       O                 1.0233992202   -1.4934918840    1.9993134325 
    265       O                 1.5046019422    1.0078905629    0.9882288058 
    266       O                 0.9926111349   -1.5149784016   -1.0508328961 
    267       O                -1.5066288192   -1.0150546061   -1.0440793136 
    268       O                -1.5076437562   -1.0143167738   -0.0243369438 
    269       O                -1.0093855339   -1.5116494944   -0.0251553280 
    270       O                -1.0073888651   -1.5149784016   -1.0508328961 
    271       O                 0.9988912972    1.5225871984   -2.1521553890 
    272       O                 1.0233992202    1.5065081160    1.9993134325 
    273       O                -1.0011087028    1.5225871984   -2.1521553890 
    274       O                 1.5115245584    1.0186552410    1.9982892060 
    275       Ba               -0.0046214767    1.9802700749   -1.5135153017 
    276       Ba               -0.0099917528    1.9860905524    1.5159036441 
    277       Ba               -0.0050540688    1.9894629305   -0.5069772722 
    278       Ba                1.9900082472   -0.0139094476    1.5159036441 
    279       Ba               -0.0063583368    1.9911197707    0.4924176183 
    280       Ba                1.9936416632   -0.0088802293    0.4924176183 
    281       Ba                1.9949459312   -0.0105370695   -0.5069772722 
    282       Ba                1.9953785233   -0.0197299251   -1.5135153017 
    283       Ba               -2.0046214767   -0.0197299251   -1.5135153017 
    284       Ba               -2.0050540688   -0.0105370695   -0.5069772722 
    285       Ba               -2.0063583368   -0.0088802293    0.4924176183 
    286       Ba               -0.0063583368   -2.0088802293    0.4924176183 
    287       Ba               -2.0099917528   -0.0139094476    1.5159036441 
    288       Ba               -0.0050540688   -2.0105370695   -0.5069772722 
    289       Ba               -0.0099917528   -2.0139094476    1.5159036441 
    290       H                 1.9991069861   -0.2454988920   -2.2278560743 
    291       H                -2.0008930139   -0.2454988920   -2.2278560743 
    292       H                 0.9991069861    1.7545011080   -2.2278560743 
    293       Ba               -0.0046214767   -2.0197299251   -1.5135153017 
    294       H                -1.0008930139    1.7545011080   -2.2278560743 
    295       O                -1.9766007798   -0.4934918840    1.9993134325 
    296       O                -1.9766007798    0.5065081160    1.9993134325 
    297       O                -0.4884754416   -1.9813447590    1.9982892060 
    298       O                 0.4933711808    1.9849453939   -1.0440793136 
    299       O                 0.4923562438    1.9856832262   -0.0243369438 
    300       O                 0.5115245584   -1.9813447590    1.9982892060 
    301       O                -0.5066288192    1.9849453939   -1.0440793136 
    302       O                -0.5076437562    1.9856832262   -0.0243369438 
    303       O                 1.9906144661    0.4883505056   -0.0251553280 
    304       O                 1.9926111349    0.4850215984   -1.0508328961 
    305       O                -1.9893016295   -0.4989157788    0.9882506148 
    306       O                -1.9893016295    0.5010842212    0.9882506148 
    307       O                -0.4953980578   -1.9921094371    0.9882288058 
    308       O                 0.5046019422   -1.9921094371    0.9882288058 
    309       O                 1.9988912972   -0.4774128016   -2.1521553890 
    310       O                 0.4983407851    1.9938110446   -2.0830247920 
    311       O                 1.9906144661   -0.5116494944   -0.0251553280 
    312       O                -0.5016592149    1.9938110446   -2.0830247920 
    313       O                -2.0011087028   -0.4774128016   -2.1521553890 
    314       O                 1.9926111349   -0.5149784016   -1.0508328961 
    315       O                -2.0073888651    0.4850215984   -1.0508328961 
    316       O                 1.9988912972    0.5225871984   -2.1521553890 
    317       O                 0.4983407851   -2.0061889554   -2.0830247920 
    318       O                -2.0093855339    0.4883505056   -0.0251553280 
    319       O                -0.5016592149   -2.0061889554   -2.0830247920 
    320       O                -0.4953980578    2.0078905629    0.9882288058 
    321       O                -2.0011087028    0.5225871984   -2.1521553890 
    322       O                 0.5046019422    2.0078905629    0.9882288058 
    323       O                 2.0106983705   -0.4989157788    0.9882506148 
    324       O                 2.0106983705    0.5010842212    0.9882506148 
    325       O                -2.0073888651   -0.5149784016   -1.0508328961 
    326       O                -2.0093855339   -0.5116494944   -0.0251553280 
    327       O                 0.4923562438   -2.0143167738   -0.0243369438 
    328       O                 0.4933711808   -2.0150546061   -1.0440793136 
    329       O                -0.4884754416    2.0186552410    1.9982892060 
    330       O                -0.5076437562   -2.0143167738   -0.0243369438 
    331       O                -0.5066288192   -2.0150546061   -1.0440793136 
    332       Ti                1.4717769476    1.4672689326    1.9690857951 
    333       O                 0.5115245584    2.0186552410    1.9982892060 
    334       O                 2.0233992202   -0.4934918840    1.9993134325 
    335       Ti                1.4759262464    1.4725954872    0.9920643822 
    336       O                 2.0233992202    0.5065081160    1.9993134325 
    337       Ti                1.4980682439    1.4633961342   -2.0337538359 
    338       Ti               -1.5019317561    1.4633961342   -2.0337538359 
    339       O                 1.4954327646    1.4828854572   -1.5889234367 
    340       O                 1.4930238424    1.4870817972   -0.5406340960 
    341       Ti                1.4952959737    1.4856395134   -0.9964194969 
    342       O                -1.5045672354    1.4828854572   -1.5889234367 
    343       O                 1.4961534197    1.4929839771    0.4819474873 
    344       Ti               -1.5047040263    1.4856395134   -0.9964194969 
    345       O                -1.5069761576    1.4870817972   -0.5406340960 
    346       Ti               -1.5282230524    1.4672689326    1.9690857951 
    347       O                -1.5038465803    1.4929839771    0.4819474873 
    348       Ti               -1.5240737536    1.4725954872    0.9920643822 
    349       O                -1.4993723553    1.4986194410    1.4961106979 
    350       O                 1.5006276447    1.4986194410    1.4961106979 
    351       Ti                1.5000000000    1.5000000000    0.0000000000 
    352       Ti                1.5000000000   -1.5000000000    0.0000000000 
    353       Ti               -1.5000000000    1.5000000000    0.0000000000 
    354       Ti               -1.5000000000   -1.5000000000    0.0000000000 
    355       O                -1.4993723553   -1.5013805590    1.4961106979 
    356       O                 1.5006276447   -1.5013805590    1.4961106979 
    357       O                 1.4961534197   -1.5070160229    0.4819474873 
    358       Ti                1.4759262464   -1.5274045128    0.9920643822 
    359       Ti                1.4717769476   -1.5327310674    1.9690857951 
    360       O                 1.4930238424   -1.5129182028   -0.5406340960 
    361       Ti                1.4952959737   -1.5143604866   -0.9964194969 
    362       O                -1.5038465803   -1.5070160229    0.4819474873 
    363       O                 1.4954327646   -1.5171145428   -1.5889234367 
    364       Ti               -1.5047040263   -1.5143604866   -0.9964194969 
    365       O                -1.5069761576   -1.5129182028   -0.5406340960 
    366       H                 1.9991069861    0.7545011080   -2.2278560743 
    367       O                -1.5045672354   -1.5171145428   -1.5889234367 
    368       H                -2.0008930139    0.7545011080   -2.2278560743 
    369       Ti                1.4980682439   -1.5366038658   -2.0337538359 
    370       Ti               -1.5019317561   -1.5366038658   -2.0337538359 
    371       Ti               -1.5240737536   -1.5274045128    0.9920643822 
    372       Ti               -1.5282230524   -1.5327310674    1.9690857951 
    373       Ba                0.9953785233    1.9802700749   -1.5135153017 
    374       Ba                0.9900082472    1.9860905524    1.5159036441 
    375       Ba               -1.0046214767    1.9802700749   -1.5135153017 
    376       Ba                1.9900082472    0.9860905524    1.5159036441 
    377       Ba                1.9953785233    0.9802700749   -1.5135153017 
    378       Ba                0.9949459312    1.9894629305   -0.5069772722 
    379       Ba                0.9936416632    1.9911197707    0.4924176183 
    380       Ba                1.9936416632    0.9911197707    0.4924176183 
    381       Ba                1.9949459312    0.9894629305   -0.5069772722 
    382       Ba               -1.0099917528    1.9860905524    1.5159036441 
    383       Ba               -1.0050540688    1.9894629305   -0.5069772722 
    384       Ba               -1.0063583368    1.9911197707    0.4924176183 
    385       Ba               -2.0046214767    0.9802700749   -1.5135153017 
    386       Ba                1.9900082472   -1.0139094476    1.5159036441 
    387       Ba                1.9936416632   -1.0088802293    0.4924176183 
    388       Ba               -2.0050540688    0.9894629305   -0.5069772722 
    389       Ba                1.9949459312   -1.0105370695   -0.5069772722 
    390       Ba               -2.0063583368    0.9911197707    0.4924176183 
    391       Ba               -2.0099917528    0.9860905524    1.5159036441 
    392       Ba                1.9953785233   -1.0197299251   -1.5135153017 
    393       Ba                0.9936416632   -2.0088802293    0.4924176183 
    394       Ba                0.9949459312   -2.0105370695   -0.5069772722 
    395       Ba                0.9900082472   -2.0139094476    1.5159036441 
    396       Ba               -2.0050540688   -1.0105370695   -0.5069772722 
    397       H                -0.0008930139   -2.2454988920   -2.2278560743 
    398       Ba               -2.0063583368   -1.0088802293    0.4924176183 
    399       Ba               -1.0063583368   -2.0088802293    0.4924176183 
    400       Ba               -1.0050540688   -2.0105370695   -0.5069772722 
    401       Ba               -2.0046214767   -1.0197299251   -1.5135153017 
    402       Ba               -2.0099917528   -1.0139094476    1.5159036441 
    403       Ba                0.9953785233   -2.0197299251   -1.5135153017 
    404       Ba               -1.0099917528   -2.0139094476    1.5159036441 
    405       Ba               -1.0046214767   -2.0197299251   -1.5135153017 
    406       H                 1.9991069861   -1.2454988920   -2.2278560743 
    407       H                -2.0008930139   -1.2454988920   -2.2278560743 
    408       H                 0.9991069861   -2.2454988920   -2.2278560743 
    409       H                -1.0008930139   -2.2454988920   -2.2278560743 
    410       O                -1.9766007798   -1.4934918840    1.9993134325 
    411       O                -0.0011087028   -2.4774128016   -2.1521553890 
    412       O                -1.4884754416   -1.9813447590    1.9982892060 
    413       O                 1.4923562438    1.9856832262   -0.0243369438 
    414       O                 1.4933711808    1.9849453939   -1.0440793136 
    415       O                -0.0073888651    2.4850215984   -1.0508328961 
    416       O                 1.9926111349    1.4850215984   -1.0508328961 
    417       O                -1.9766007798    1.5065081160    1.9993134325 
    418       O                 1.9906144661    1.4883505056   -0.0251553280 
    419       O                 1.9988912972   -1.4774128016   -2.1521553890 
    420       O                -2.0011087028   -1.4774128016   -2.1521553890 
    421       O                -0.0093855339    2.4883505056   -0.0251553280 
    422       O                -2.4884754416    0.0186552410    1.9982892060 
    423       O                -1.9893016295   -1.4989157788    0.9882506148 
    424       O                -1.4953980578   -1.9921094371    0.9882288058 
    425       O                -1.5066288192    1.9849453939   -1.0440793136 
    426       O                 1.5115245584   -1.9813447590    1.9982892060 
    427       O                -1.9893016295    1.5010842212    0.9882506148 
    428       O                 2.4923562438   -0.0143167738   -0.0243369438 
    429       O                -1.5076437562    1.9856832262   -0.0243369438 
    430       O                 2.4933711808   -0.0150546061   -1.0440793136 
    431       O                 0.0233992202   -2.4934918840    1.9993134325 
    432       O                 1.4983407851    1.9938110446   -2.0830247920 
    433       O                -2.4953980578    0.0078905629    0.9882288058 
    434       O                -1.5016592149    1.9938110446   -2.0830247920 
    435       O                 1.5046019422   -1.9921094371    0.9882288058 
    436       O                -2.0073888651    1.4850215984   -1.0508328961 
    437       O                 2.4983407851   -0.0061889554   -2.0830247920 
    438       O                 0.0106983705   -2.4989157788    0.9882506148 
    439       O                 1.9906144661   -1.5116494944   -0.0251553280 
    440       O                -2.0093855339    1.4883505056   -0.0251553280 
    441       O                 1.9926111349   -1.5149784016   -1.0508328961 
    442       O                -1.4953980578    2.0078905629    0.9882288058 
    443       O                 1.4983407851   -2.0061889554   -2.0830247920 
    444       O                -1.5016592149   -2.0061889554   -2.0830247920 
    445       O                 1.4923562438   -2.0143167738   -0.0243369438 
    446       O                 2.0106983705   -1.4989157788    0.9882506148 
    447       O                -1.4884754416    2.0186552410    1.9982892060 
    448       O                 1.4933711808   -2.0150546061   -1.0440793136 
    449       O                 1.5046019422    2.0078905629    0.9882288058 
    450       O                 2.0106983705    1.5010842212    0.9882506148 
    451       Ti                0.4717769476    2.4672689326    1.9690857951 
    452       O                 1.9988912972    1.5225871984   -2.1521553890 
    453       Ti                0.4980682439    2.4633961342   -2.0337538359 
    454       Ti               -0.5019317561    2.4633961342   -2.0337538359 
    455       O                -2.0011087028    1.5225871984   -2.1521553890 
    456       O                -2.0093855339   -1.5116494944   -0.0251553280 
    457       O                 2.0233992202   -1.4934918840    1.9993134325 
    458       O                -2.0073888651   -1.5149784016   -1.0508328961 
    459       Ti                2.4717769476    0.4672689326    1.9690857951 
    460       O                -1.5066288192   -2.0150546061   -1.0440793136 
    461       O                -1.5076437562   -2.0143167738   -0.0243369438 
    462       Ti                0.4759262464    2.4725954872    0.9920643822 
    463       Ti                2.4759262464    0.4725954872    0.9920643822 
    464       O                 1.5115245584    2.0186552410    1.9982892060 
    465       O                 2.0233992202    1.5065081160    1.9993134325 
    466       Ti               -0.5282230524    2.4672689326    1.9690857951 
    467       Ti               -0.5240737536    2.4725954872    0.9920643822 
    468       Ti                2.4717769476   -0.5327310674    1.9690857951 
    469       Ti                2.4759262464   -0.5274045128    0.9920643822 
    470       O                 0.4954327646    2.4828854572   -1.5889234367 
    471       O                -0.5045672354    2.4828854572   -1.5889234367 
    472       Ti                0.4952959737    2.4856395134   -0.9964194969 
    473       O                 0.4930238424    2.4870817972   -0.5406340960 
    474       Ti               -0.5047040263    2.4856395134   -0.9964194969 
    475       O                -0.5069761576    2.4870817972   -0.5406340960 
    476       O                 2.4930238424    0.4870817972   -0.5406340960 
    477       Ti                2.4980682439    0.4633961342   -2.0337538359 
    478       O                 2.4954327646    0.4828854572   -1.5889234367 
    479       O                 0.4961534197    2.4929839771    0.4819474873 
    480       Ti                2.4952959737    0.4856395134   -0.9964194969 
    481       O                -0.5038465803    2.4929839771    0.4819474873 
    482       O                 2.4961534197    0.4929839771    0.4819474873 
    483       O                 2.4930238424   -0.5129182028   -0.5406340960 
    484       O                 2.4961534197   -0.5070160229    0.4819474873 
    485       Ti                2.4952959737   -0.5143604866   -0.9964194969 
    486       O                -0.4993723553    2.4986194410    1.4961106979 
    487       O                 0.5006276447    2.4986194410    1.4961106979 
    488       O                 2.4954327646   -0.5171145428   -1.5889234367 
    489       O                -2.4993723553    0.4986194410    1.4961106979 
    490       O                -2.4993723553   -0.5013805590    1.4961106979 
    491       Ti                2.5000000000    0.5000000000    0.0000000000 
    492       Ti                0.5000000000    2.5000000000    0.0000000000 
    493       Ti                2.5000000000   -0.5000000000    0.0000000000 
    494       Ti               -0.5000000000    2.5000000000    0.0000000000 
    495       Ti                2.4980682439   -0.5366038658   -2.0337538359 
    496       H                 1.9991069861    1.7545011080   -2.2278560743 
    497       H                -2.0008930139    1.7545011080   -2.2278560743 
    498       O                 0.9988912972   -2.4774128016   -2.1521553890 
    499       O                -1.0011087028   -2.4774128016   -2.1521553890 
    500       O                -2.4884754416   -0.9813447590    1.9982892060 
    501       O                 0.9926111349    2.4850215984   -1.0508328961 
    502       O                -0.9766007798   -2.4934918840    1.9993134325 
    503       O                 0.9906144661    2.4883505056   -0.0251553280 
    504       O                 2.4923562438    0.9856832262   -0.0243369438 
    505       O                 2.4933711808    0.9849453939   -1.0440793136 
    506       O                -1.0073888651    2.4850215984   -1.0508328961 
    507       O                -1.0093855339    2.4883505056   -0.0251553280 
    508       O                -2.4953980578   -0.9921094371    0.9882288058 
    509       O                -0.9893016295   -2.4989157788    0.9882506148 
    510       O                 2.4983407851    0.9938110446   -2.0830247920 
    511       O                -2.4884754416    1.0186552410    1.9982892060 
    512       O                 2.4923562438   -1.0143167738   -0.0243369438 
    513       O                -2.4953980578    1.0078905629    0.9882288058 
    514       O                 2.4933711808   -1.0150546061   -1.0440793136 
    515       O                 2.4983407851   -1.0061889554   -2.0830247920 
    516       O                 1.0233992202   -2.4934918840    1.9993134325 
    517       O                 1.0106983705   -2.4989157788    0.9882506148 
    518       Ba                1.9953785233    1.9802700749   -1.5135153017 
    519       Ba                1.9900082472    1.9860905524    1.5159036441 
    520       Ba                1.9949459312    1.9894629305   -0.5069772722 
    521       Ba                1.9936416632    1.9911197707    0.4924176183 
    522       Ba               -2.0046214767    1.9802700749   -1.5135153017 
    523       Ba               -2.0050540688    1.9894629305   -0.5069772722 
    524       Ba               -2.0099917528    1.9860905524    1.5159036441 
    525       Ba               -2.0063583368    1.9911197707    0.4924176183 
    526       Ba                1.9936416632   -2.0088802293    0.4924176183 
    527       Ba                1.9900082472   -2.0139094476    1.5159036441 
    528       Ba                1.9949459312   -2.0105370695   -0.5069772722 
    529       Ba                1.9953785233   -2.0197299251   -1.5135153017 
    530       Ba               -2.0063583368   -2.0088802293    0.4924176183 
    531       Ba               -2.0050540688   -2.0105370695   -0.5069772722 
    532       Ba               -2.0099917528   -2.0139094476    1.5159036441 
    533       Ba               -2.0046214767   -2.0197299251   -1.5135153017 
    534       Ti                1.4717769476    2.4672689326    1.9690857951 
    535       Ti                2.4717769476    1.4672689326    1.9690857951 
    536       Ti                1.4759262464    2.4725954872    0.9920643822 
    537       Ti                2.4759262464    1.4725954872    0.9920643822 
    538       Ti                1.4980682439    2.4633961342   -2.0337538359 
    539       Ti               -1.5019317561    2.4633961342   -2.0337538359 
    540       Ti                2.4980682439    1.4633961342   -2.0337538359 
    541       O                 1.4954327646    2.4828854572   -1.5889234367 
    542       Ti                1.4952959737    2.4856395134   -0.9964194969 
    543       O                 1.4930238424    2.4870817972   -0.5406340960 
    544       Ti               -1.5282230524    2.4672689326    1.9690857951 
    545       O                 2.4954327646    1.4828854572   -1.5889234367 
    546       O                 2.4930238424    1.4870817972   -0.5406340960 
    547       O                -1.5045672354    2.4828854572   -1.5889234367 
    548       Ti                2.4952959737    1.4856395134   -0.9964194969 
    549       Ti               -1.5240737536    2.4725954872    0.9920643822 
    550       Ti               -1.5047040263    2.4856395134   -0.9964194969 
    551       O                 1.4961534197    2.4929839771    0.4819474873 
    552       O                -1.5069761576    2.4870817972   -0.5406340960 
    553       Ti                2.4717769476   -1.5327310674    1.9690857951 
    554       O                 2.4961534197    1.4929839771    0.4819474873 
    555       Ti                2.4759262464   -1.5274045128    0.9920643822 
    556       O                -1.5038465803    2.4929839771    0.4819474873 
    557       O                -1.4993723553    2.4986194410    1.4961106979 
    558       O                -2.4993723553    1.4986194410    1.4961106979 
    559       O                 1.5006276447    2.4986194410    1.4961106979 
    560       Ti                2.5000000000    1.5000000000    0.0000000000 
    561       Ti                1.5000000000    2.5000000000    0.0000000000 
    562       Ti                2.5000000000   -1.5000000000    0.0000000000 
    563       Ti               -1.5000000000    2.5000000000    0.0000000000 
    564       O                -2.4993723553   -1.5013805590    1.4961106979 
    565       O                 2.4961534197   -1.5070160229    0.4819474873 
    566       O                 2.4930238424   -1.5129182028   -0.5406340960 
    567       Ti                2.4952959737   -1.5143604866   -0.9964194969 
    568       O                 2.4954327646   -1.5171145428   -1.5889234367 
    569       Ti                2.4980682439   -1.5366038658   -2.0337538359 
    570       H                 1.9991069861   -2.2454988920   -2.2278560743 
    571       H                -2.0008930139   -2.2454988920   -2.2278560743 
    572       O                -2.4884754416   -1.9813447590    1.9982892060 
    573       O                -1.9766007798   -2.4934918840    1.9993134325 
    574       O                 1.9988912972   -2.4774128016   -2.1521553890 
    575       O                -2.0011087028   -2.4774128016   -2.1521553890 
    576       O                 1.9926111349    2.4850215984   -1.0508328961 
    577       O                 1.9906144661    2.4883505056   -0.0251553280 
    578       O                 2.4923562438    1.9856832262   -0.0243369438 
    579       O                 2.4933711808    1.9849453939   -1.0440793136 
    580       O                -2.4953980578   -1.9921094371    0.9882288058 
    581       O                -1.9893016295   -2.4989157788    0.9882506148 
    582       O                -2.0073888651    2.4850215984   -1.0508328961 
    583       O                 2.4983407851    1.9938110446   -2.0830247920 
    584       O                -2.0093855339    2.4883505056   -0.0251553280 
    585       O                -2.4953980578    2.0078905629    0.9882288058 
    586       O                 2.4983407851   -2.0061889554   -2.0830247920 
    587       O                -2.4884754416    2.0186552410    1.9982892060 
    588       O                 2.4923562438   -2.0143167738   -0.0243369438 
    589       O                 2.4933711808   -2.0150546061   -1.0440793136 
    590       O                 2.0106983705   -2.4989157788    0.9882506148 
    591       O                 2.0233992202   -2.4934918840    1.9993134325 
    592       Ti                2.4717769476    2.4672689326    1.9690857951 
    593       Ti                2.4759262464    2.4725954872    0.9920643822 
    594       Ti                2.4980682439    2.4633961342   -2.0337538359 
    595       O                 2.4954327646    2.4828854572   -1.5889234367 
    596       O                 2.4930238424    2.4870817972   -0.5406340960 
    597       Ti                2.4952959737    2.4856395134   -0.9964194969 
    598       O                 2.4961534197    2.4929839771    0.4819474873 
    599       O                -2.4993723553    2.4986194410    1.4961106979 
    600       Ti                2.5000000000    2.5000000000    0.0000000000 
