primitive lattice vectors  3  3  1
  3.00000000  0.00000000  0.00000000
  0.00000000  3.00000000  0.00000000
  0.00000000  0.00000000 80.00000000
number of atoms in unit cell
126
atom, type, position vector
      1       Ba                0.0000000000    0.0000000000   -1.5261388694 
      2       Ba                0.0000000000    0.0000000000   -0.5037462655 
      3       O                 0.5000000000    0.0000000000   -0.9987995952 
      4       O                 0.5000000000    0.0000000000    0.0000002457 
      5       H                 0.0001488244    0.4999976008   -2.2845817664 
      6       O                 0.0000000000    0.5000000000   -0.9987995952 
      7       O                 0.0000000000    0.5000000000    0.0000002457 
      8       O                 0.0000184266    0.5000067834   -2.0418543593 
      9       O                 0.5000239171    0.0000328503   -2.0318772286 
     10       O                -0.4999760829    0.0000328503   -2.0318772286 
     11       O                 0.0000184266   -0.4999932166   -2.0418543593 
     12       O                 0.0000000000   -0.5000000000   -0.9987995952 
     13       O                 0.0000000000   -0.5000000000    0.0000002457 
     14       H                 0.0001488244   -0.5000023992   -2.2845817664 
     15       O                -0.5000000000    0.0000000000   -0.9987995952 
     16       O                -0.5000000000    0.0000000000    0.0000002457 
     17       Ti                0.5000000000    0.5000000000   -0.9945756786 
     18       O                 0.5000000000    0.5000000000   -1.5041005275 
     19       Ti                0.5000000000    0.5000000000    0.0000000000 
     20       O                 0.5000000000    0.5000000000   -0.5005608276 
     21       Ti               -0.4999615830    0.4999773136   -1.9721156477 
     22       Ti                0.5000384170    0.4999773136   -1.9721156477 
     23       Ti                0.5000000000   -0.5000000000   -0.9945756786 
     24       O                 0.5000000000   -0.5000000000   -1.5041005275 
     25       Ti                0.5000000000   -0.5000000000    0.0000000000 
     26       O                 0.5000000000   -0.5000000000   -0.5005608276 
     27       Ti               -0.5000000000    0.5000000000   -0.9945756786 
     28       O                -0.5000000000    0.5000000000   -1.5041005275 
     29       Ti               -0.5000000000    0.5000000000    0.0000000000 
     30       O                -0.5000000000    0.5000000000   -0.5005608276 
     31       Ti               -0.4999615830   -0.5000226864   -1.9721156477 
     32       Ti                0.5000384170   -0.5000226864   -1.9721156477 
     33       Ti               -0.5000000000   -0.5000000000   -0.9945756786 
     34       O                -0.5000000000   -0.5000000000   -1.5041005275 
     35       Ti               -0.5000000000   -0.5000000000    0.0000000000 
     36       O                -0.5000000000   -0.5000000000   -0.5005608276 
     37       Ba                1.0000000000    0.0000000000   -1.5261388694 
     38       Ba                1.0000000000    0.0000000000   -0.5037462655 
     39       Ba                0.0000000000    1.0000000000   -1.5261388694 
     40       Ba                0.0000000000    1.0000000000   -0.5037462655 
     41       Ba                0.0000000000   -1.0000000000   -1.5261388694 
     42       Ba                0.0000000000   -1.0000000000   -0.5037462655 
     43       Ba               -1.0000000000    0.0000000000   -1.5261388694 
     44       Ba               -1.0000000000    0.0000000000   -0.5037462655 
     45       H                -0.9998511756    0.4999976008   -2.2845817664 
     46       H                -0.9998511756   -0.5000023992   -2.2845817664 
     47       O                 1.0000000000    0.5000000000   -0.9987995952 
     48       O                 1.0000000000    0.5000000000    0.0000002457 
     49       O                 0.5000000000    1.0000000000   -0.9987995952 
     50       O                 0.5000000000    1.0000000000    0.0000002457 
     51       O                 1.0000184266    0.5000067834   -2.0418543593 
     52       O                 1.0000000000   -0.5000000000   -0.9987995952 
     53       O                 1.0000000000   -0.5000000000    0.0000002457 
     54       O                 0.5000239171   -0.9999671497   -2.0318772286 
     55       O                -0.5000000000    1.0000000000   -0.9987995952 
     56       O                -0.5000000000    1.0000000000    0.0000002457 
     57       O                 1.0000184266   -0.4999932166   -2.0418543593 
     58       O                -0.4999760829   -0.9999671497   -2.0318772286 
     59       O                 0.5000239171    1.0000328503   -2.0318772286 
     60       O                -0.9999815734    0.5000067834   -2.0418543593 
     61       O                 0.5000000000   -1.0000000000   -0.9987995952 
     62       O                 0.5000000000   -1.0000000000    0.0000002457 
     63       O                -0.4999760829    1.0000328503   -2.0318772286 
     64       O                -1.0000000000    0.5000000000   -0.9987995952 
     65       O                -1.0000000000    0.5000000000    0.0000002457 
     66       O                -0.9999815734   -0.4999932166   -2.0418543593 
     67       O                -0.5000000000   -1.0000000000   -0.9987995952 
     68       O                -0.5000000000   -1.0000000000    0.0000002457 
     69       O                -1.0000000000   -0.5000000000   -0.9987995952 
     70       O                -1.0000000000   -0.5000000000    0.0000002457 
     71       H                 1.0001488244    0.4999976008   -2.2845817664 
     72       H                 1.0001488244   -0.5000023992   -2.2845817664 
     73       Ba                1.0000000000    1.0000000000   -1.5261388694 
     74       Ba                1.0000000000    1.0000000000   -0.5037462655 
     75       Ba                1.0000000000   -1.0000000000   -1.5261388694 
     76       Ba                1.0000000000   -1.0000000000   -0.5037462655 
     77       Ba               -1.0000000000    1.0000000000   -1.5261388694 
     78       Ba               -1.0000000000    1.0000000000   -0.5037462655 
     79       Ba               -1.0000000000   -1.0000000000   -1.5261388694 
     80       Ba               -1.0000000000   -1.0000000000   -0.5037462655 
     81       O                 1.5000000000    0.0000000000   -0.9987995952 
     82       O                 1.5000000000    0.0000000000    0.0000002457 
     83       H                 0.0001488244    1.4999976008   -2.2845817664 
     84       O                 0.0000000000    1.5000000000   -0.9987995952 
     85       O                 0.0000000000    1.5000000000    0.0000002457 
     86       O                 0.0000184266    1.5000067834   -2.0418543593 
     87       O                 1.5000239171    0.0000328503   -2.0318772286 
     88       Ti               -0.4999615830    1.4999773136   -1.9721156477 
     89       Ti                0.5000384170    1.4999773136   -1.9721156477 
     90       Ti                1.5000000000    0.5000000000   -0.9945756786 
     91       O                 1.5000000000    0.5000000000   -1.5041005275 
     92       Ti                1.5000000000    0.5000000000    0.0000000000 
     93       O                 1.5000000000    0.5000000000   -0.5005608276 
     94       Ti                0.5000000000    1.5000000000   -0.9945756786 
     95       O                 0.5000000000    1.5000000000   -1.5041005275 
     96       Ti                0.5000000000    1.5000000000    0.0000000000 
     97       O                 0.5000000000    1.5000000000   -0.5005608276 
     98       Ti                1.5000000000   -0.5000000000   -0.9945756786 
     99       O                 1.5000000000   -0.5000000000   -1.5041005275 
    100       Ti                1.5000000000   -0.5000000000    0.0000000000 
    101       O                 1.5000000000   -0.5000000000   -0.5005608276 
    102       Ti               -1.4999615830    0.4999773136   -1.9721156477 
    103       Ti               -0.5000000000    1.5000000000   -0.9945756786 
    104       O                -0.5000000000    1.5000000000   -1.5041005275 
    105       Ti               -0.5000000000    1.5000000000    0.0000000000 
    106       O                -0.5000000000    1.5000000000   -0.5005608276 
    107       Ti               -1.4999615830   -0.5000226864   -1.9721156477 
    108       H                -0.9998511756    1.4999976008   -2.2845817664 
    109       O                 1.5000000000    1.0000000000   -0.9987995952 
    110       O                 1.5000000000    1.0000000000    0.0000002457 
    111       O                 1.0000000000    1.5000000000   -0.9987995952 
    112       O                 1.0000000000    1.5000000000    0.0000002457 
    113       O                 1.0000184266    1.5000067834   -2.0418543593 
    114       O                 1.5000000000   -1.0000000000   -0.9987995952 
    115       O                 1.5000000000   -1.0000000000    0.0000002457 
    116       O                 1.5000239171   -0.9999671497   -2.0318772286 
    117       O                -0.9999815734    1.5000067834   -2.0418543593 
    118       O                 1.5000239171    1.0000328503   -2.0318772286 
    119       O                -1.0000000000    1.5000000000   -0.9987995952 
    120       O                -1.0000000000    1.5000000000    0.0000002457 
    121       H                 1.0001488244    1.4999976008   -2.2845817664 
    122       Ti                1.5000000000    1.5000000000   -0.9945756786 
    123       O                 1.5000000000    1.5000000000   -1.5041005275 
    124       Ti                1.5000000000    1.5000000000    0.0000000000 
    125       O                 1.5000000000    1.5000000000   -0.5005608276 
    126       Ti               -1.4999615830    1.4999773136   -1.9721156477 
