126
5x1x1 layer relax top free
Ba  0  0  -6.154481078
Ba  0  0  -2.03146445
O  2.016356834  0  -4.027872779
O  2.016356834  0  0.0000009908377482
H  0.000600166192  2.016347159  -9.213064115
O  0  2.016356834  -4.027872779
O  0  2.016356834  0.0000009908377482
O  0.00007430920168  2.01638419  -8.234213983
O  2.016453285  0.0001324758538  -8.193979072
O  -2.016260383  0.0001324758538  -8.193979072
O  0.00007430920168  -2.016329479  -8.234213983
O  0  -2.016356834  -4.027872779
O  0  -2.016356834  0.0000009908377482
H  0.000600166192  -2.016366509  -9.213064115
O  -2.016356834  0  -4.027872779
O  -2.016356834  0  0.0000009908377482
Ti  2.016356834  2.016356834  -4.010838933
O  2.016356834  2.016356834  -6.065606755
Ti  2.016356834  2.016356834  0
O  2.016356834  2.016356834  -2.018618491
Ti  -2.016201909  2.016265346  -7.952977728
Ti  2.016511759  2.016265346  -7.952977728
Ti  2.016356834  -2.016356834  -4.010838933
O  2.016356834  -2.016356834  -6.065606755
Ti  2.016356834  -2.016356834  0
O  2.016356834  -2.016356834  -2.018618491
Ti  -2.016356834  2.016356834  -4.010838933
O  -2.016356834  2.016356834  -6.065606755
Ti  -2.016356834  2.016356834  0
O  -2.016356834  2.016356834  -2.018618491
Ti  -2.016201909  -2.016448322  -7.952977728
Ti  2.016511759  -2.016448322  -7.952977728
Ti  -2.016356834  -2.016356834  -4.010838933
O  -2.016356834  -2.016356834  -6.065606755
Ti  -2.016356834  -2.016356834  0
O  -2.016356834  -2.016356834  -2.018618491
Ba  4.032713668  0  -6.154481078
Ba  4.032713668  0  -2.03146445
Ba  0  4.032713668  -6.154481078
Ba  0  4.032713668  -2.03146445
Ba  0  -4.032713668  -6.154481078
Ba  0  -4.032713668  -2.03146445
Ba  -4.032713668  0  -6.154481078
Ba  -4.032713668  0  -2.03146445
H  -4.032113502  2.016347159  -9.213064115
H  -4.032113502  -2.016366509  -9.213064115
O  4.032713668  2.016356834  -4.027872779
O  4.032713668  2.016356834  0.0000009908377482
O  2.016356834  4.032713668  -4.027872779
O  2.016356834  4.032713668  0.0000009908377482
O  4.032787977  2.01638419  -8.234213983
O  4.032713668  -2.016356834  -4.027872779
O  4.032713668  -2.016356834  0.0000009908377482
O  2.016453285  -4.032581192  -8.193979072
O  -2.016356834  4.032713668  -4.027872779
O  -2.016356834  4.032713668  0.0000009908377482
O  4.032787977  -2.016329479  -8.234213983
O  -2.016260383  -4.032581192  -8.193979072
O  2.016453285  4.032846144  -8.193979072
O  -4.032639359  2.01638419  -8.234213983
O  2.016356834  -4.032713668  -4.027872779
O  2.016356834  -4.032713668  0.0000009908377482
O  -2.016260383  4.032846144  -8.193979072
O  -4.032713668  2.016356834  -4.027872779
O  -4.032713668  2.016356834  0.0000009908377482
O  -4.032639359  -2.016329479  -8.234213983
O  -2.016356834  -4.032713668  -4.027872779
O  -2.016356834  -4.032713668  0.0000009908377482
O  -4.032713668  -2.016356834  -4.027872779
O  -4.032713668  -2.016356834  0.0000009908377482
H  4.033313834  2.016347159  -9.213064115
H  4.033313834  -2.016366509  -9.213064115
Ba  4.032713668  4.032713668  -6.154481078
Ba  4.032713668  4.032713668  -2.03146445
Ba  4.032713668  -4.032713668  -6.154481078
Ba  4.032713668  -4.032713668  -2.03146445
Ba  -4.032713668  4.032713668  -6.154481078
Ba  -4.032713668  4.032713668  -2.03146445
Ba  -4.032713668  -4.032713668  -6.154481078
Ba  -4.032713668  -4.032713668  -2.03146445
O  6.049070502  0  -4.027872779
O  6.049070502  0  0.0000009908377482
H  0.000600166192  6.049060827  -9.213064115
O  0  6.049070502  -4.027872779
O  0  6.049070502  0.0000009908377482
O  0.00007430920168  6.049097858  -8.234213983
O  6.049166953  0.0001324758538  -8.193979072
Ti  -2.016201909  6.048979014  -7.952977728
Ti  2.016511759  6.048979014  -7.952977728
Ti  6.049070502  2.016356834  -4.010838933
O  6.049070502  2.016356834  -6.065606755
Ti  6.049070502  2.016356834  0
O  6.049070502  2.016356834  -2.018618491
Ti  2.016356834  6.049070502  -4.010838933
O  2.016356834  6.049070502  -6.065606755
Ti  2.016356834  6.049070502  0
O  2.016356834  6.049070502  -2.018618491
Ti  6.049070502  -2.016356834  -4.010838933
O  6.049070502  -2.016356834  -6.065606755
Ti  6.049070502  -2.016356834  0
O  6.049070502  -2.016356834  -2.018618491
Ti  -6.048915577  2.016265346  -7.952977728
Ti  -2.016356834  6.049070502  -4.010838933
O  -2.016356834  6.049070502  -6.065606755
Ti  -2.016356834  6.049070502  0
O  -2.016356834  6.049070502  -2.018618491
Ti  -6.048915577  -2.016448322  -7.952977728
H  -4.032113502  6.049060827  -9.213064115
O  6.049070502  4.032713668  -4.027872779
O  6.049070502  4.032713668  0.0000009908377482
O  4.032713668  6.049070502  -4.027872779
O  4.032713668  6.049070502  0.0000009908377482
O  4.032787977  6.049097858  -8.234213983
O  6.049070502  -4.032713668  -4.027872779
O  6.049070502  -4.032713668  0.0000009908377482
O  6.049166953  -4.032581192  -8.193979072
O  -4.032639359  6.049097858  -8.234213983
O  6.049166953  4.032846144  -8.193979072
O  -4.032713668  6.049070502  -4.027872779
O  -4.032713668  6.049070502  0.0000009908377482
H  4.033313834  6.049060827  -9.213064115
Ti  6.049070502  6.049070502  -4.010838933
O  6.049070502  6.049070502  -6.065606755
Ti  6.049070502  6.049070502  0
O  6.049070502  6.049070502  -2.018618491
Ti  -6.048915577  6.048979014  -7.952977728

