primitive lattice vectors  3  3  1
  3.00000000  0.00000000  0.00000000
  0.00000000  3.00000000  0.00000000
  0.00000000  0.00000000 80.00000000
number of atoms in unit cell
126
atom, type, position vector
      1       Ba                0.0000061734   -0.0032793020   -0.4561514719 
      2       Ba                0.0000170828   -0.0160100020   -1.4726983945 
      3       H                 0.0000076921   -0.2449006344   -2.2001103587 
      4       O                 0.0000044839   -0.4770320371   -2.1248193254 
      5       O                 0.0000211310    0.4877671135   -1.0105148881 
      6       O                 0.5000000000    0.0000000000    0.0000002457 
      7       O                 0.5000033986   -0.0014236712   -2.0473121682 
      8       O                 0.0000000000    0.5000000000    0.0000002457 
      9       O                 0.0000000000   -0.5000000000    0.0000002457 
     10       O                -0.4999966014   -0.0014236712   -2.0473121682 
     11       O                -0.5000000000    0.0000000000    0.0000002457 
     12       O                 0.5000214131   -0.0118202811   -1.0056017149 
     13       O                -0.4999785869   -0.0118202811   -1.0056017149 
     14       O                 0.0000211310   -0.5122328865   -1.0105148881 
     15       O                 0.0000044839    0.5229679629   -2.1248193254 
     16       Ti                0.5000073002    0.4669829889   -2.0002164174 
     17       Ti               -0.4999926998    0.4669829889   -2.0002164174 
     18       O                 0.5000221953    0.4864260842   -1.5545214226 
     19       O                -0.4999778047    0.4864260842   -1.5545214226 
     20       Ti                0.5000145637    0.4902541247   -0.9621919645 
     21       Ti               -0.4999854363    0.4902541247   -0.9621919645 
     22       O                 0.5000098958    0.4950250881   -0.4908190039 
     23       O                -0.4999901042    0.4950250881   -0.4908190039 
     24       Ti                0.5000000000    0.5000000000    0.0000000000 
     25       Ti                0.5000000000   -0.5000000000    0.0000000000 
     26       Ti               -0.5000000000    0.5000000000    0.0000000000 
     27       Ti               -0.5000000000   -0.5000000000    0.0000000000 
     28       O                 0.5000098958   -0.5049749119   -0.4908190039 
     29       O                -0.4999901042   -0.5049749119   -0.4908190039 
     30       Ti                0.5000145637   -0.5097458753   -0.9621919645 
     31       Ti               -0.4999854363   -0.5097458753   -0.9621919645 
     32       O                 0.5000221953   -0.5135739158   -1.5545214226 
     33       O                -0.4999778047   -0.5135739158   -1.5545214226 
     34       Ti                0.5000073002   -0.5330170111   -2.0002164174 
     35       Ti               -0.4999926998   -0.5330170111   -2.0002164174 
     36       H                 0.0000076921    0.7550993656   -2.2001103587 
     37       Ba                0.0000170828    0.9839899980   -1.4726983945 
     38       Ba                0.0000061734    0.9967206980   -0.4561514719 
     39       Ba                1.0000061734   -0.0032793020   -0.4561514719 
     40       Ba               -0.9999938266   -0.0032793020   -0.4561514719 
     41       Ba                1.0000170828   -0.0160100020   -1.4726983945 
     42       Ba               -0.9999829172   -0.0160100020   -1.4726983945 
     43       Ba                0.0000061734   -1.0032793020   -0.4561514719 
     44       Ba                0.0000170828   -1.0160100020   -1.4726983945 
     45       H                 1.0000076921   -0.2449006344   -2.2001103587 
     46       H                -0.9999923079   -0.2449006344   -2.2001103587 
     47       O                 0.5000214131    0.9881797189   -1.0056017149 
     48       O                -0.4999785869    0.9881797189   -1.0056017149 
     49       O                 1.0000044839   -0.4770320371   -2.1248193254 
     50       O                -0.9999955161   -0.4770320371   -2.1248193254 
     51       O                 1.0000211310    0.4877671135   -1.0105148881 
     52       O                -0.9999788690    0.4877671135   -1.0105148881 
     53       O                 0.5000033986    0.9985763288   -2.0473121682 
     54       O                -0.4999966014    0.9985763288   -2.0473121682 
     55       O                 1.0000000000    0.5000000000    0.0000002457 
     56       O                 0.5000000000    1.0000000000    0.0000002457 
     57       O                 1.0000000000   -0.5000000000    0.0000002457 
     58       O                -0.5000000000    1.0000000000    0.0000002457 
     59       O                 0.5000000000   -1.0000000000    0.0000002457 
     60       O                -1.0000000000    0.5000000000    0.0000002457 
     61       O                -0.5000000000   -1.0000000000    0.0000002457 
     62       O                -1.0000000000   -0.5000000000    0.0000002457 
     63       O                 0.5000033986   -1.0014236712   -2.0473121682 
     64       O                -0.4999966014   -1.0014236712   -2.0473121682 
     65       O                 1.0000211310   -0.5122328865   -1.0105148881 
     66       O                -0.9999788690   -0.5122328865   -1.0105148881 
     67       O                 1.0000044839    0.5229679629   -2.1248193254 
     68       O                -0.9999955161    0.5229679629   -2.1248193254 
     69       O                 0.5000214131   -1.0118202811   -1.0056017149 
     70       O                -0.4999785869   -1.0118202811   -1.0056017149 
     71       H                 0.0000076921   -1.2449006344   -2.2001103587 
     72       H                 1.0000076921    0.7550993656   -2.2001103587 
     73       H                -0.9999923079    0.7550993656   -2.2001103587 
     74       Ba                1.0000170828    0.9839899980   -1.4726983945 
     75       Ba               -0.9999829172    0.9839899980   -1.4726983945 
     76       Ba                1.0000061734    0.9967206980   -0.4561514719 
     77       Ba               -0.9999938266    0.9967206980   -0.4561514719 
     78       Ba                1.0000061734   -1.0032793020   -0.4561514719 
     79       Ba               -0.9999938266   -1.0032793020   -0.4561514719 
     80       Ba                1.0000170828   -1.0160100020   -1.4726983945 
     81       Ba               -0.9999829172   -1.0160100020   -1.4726983945 
     82       O                 0.0000044839   -1.4770320371   -2.1248193254 
     83       O                 0.0000211310    1.4877671135   -1.0105148881 
     84       O                 1.5000000000    0.0000000000    0.0000002457 
     85       O                 1.5000033986   -0.0014236712   -2.0473121682 
     86       O                 0.0000000000    1.5000000000    0.0000002457 
     87       O                 1.5000214131   -0.0118202811   -1.0056017149 
     88       Ti                0.5000073002    1.4669829889   -2.0002164174 
     89       Ti               -0.4999926998    1.4669829889   -2.0002164174 
     90       O                 0.5000221953    1.4864260842   -1.5545214226 
     91       O                -0.4999778047    1.4864260842   -1.5545214226 
     92       Ti                1.5000073002    0.4669829889   -2.0002164174 
     93       Ti                0.5000145637    1.4902541247   -0.9621919645 
     94       Ti               -0.4999854363    1.4902541247   -0.9621919645 
     95       O                 0.5000098958    1.4950250881   -0.4908190039 
     96       O                -0.4999901042    1.4950250881   -0.4908190039 
     97       O                 1.5000221953    0.4864260842   -1.5545214226 
     98       Ti                1.5000145637    0.4902541247   -0.9621919645 
     99       O                 1.5000098958    0.4950250881   -0.4908190039 
    100       Ti                1.5000000000    0.5000000000    0.0000000000 
    101       Ti                0.5000000000    1.5000000000    0.0000000000 
    102       Ti                1.5000000000   -0.5000000000    0.0000000000 
    103       Ti               -0.5000000000    1.5000000000    0.0000000000 
    104       O                 1.5000098958   -0.5049749119   -0.4908190039 
    105       Ti                1.5000145637   -0.5097458753   -0.9621919645 
    106       O                 1.5000221953   -0.5135739158   -1.5545214226 
    107       Ti                1.5000073002   -0.5330170111   -2.0002164174 
    108       H                 1.0000076921   -1.2449006344   -2.2001103587 
    109       H                -0.9999923079   -1.2449006344   -2.2001103587 
    110       O                 1.0000044839   -1.4770320371   -2.1248193254 
    111       O                -0.9999955161   -1.4770320371   -2.1248193254 
    112       O                 1.0000211310    1.4877671135   -1.0105148881 
    113       O                -0.9999788690    1.4877671135   -1.0105148881 
    114       O                 1.5000214131    0.9881797189   -1.0056017149 
    115       O                 1.5000033986    0.9985763288   -2.0473121682 
    116       O                 1.5000000000    1.0000000000    0.0000002457 
    117       O                 1.0000000000    1.5000000000    0.0000002457 
    118       O                 1.5000000000   -1.0000000000    0.0000002457 
    119       O                -1.0000000000    1.5000000000    0.0000002457 
    120       O                 1.5000033986   -1.0014236712   -2.0473121682 
    121       O                 1.5000214131   -1.0118202811   -1.0056017149 
    122       Ti                1.5000073002    1.4669829889   -2.0002164174 
    123       O                 1.5000221953    1.4864260842   -1.5545214226 
    124       Ti                1.5000145637    1.4902541247   -0.9621919645 
    125       O                 1.5000098958    1.4950250881   -0.4908190039 
    126       Ti                1.5000000000    1.5000000000    0.0000000000 
