126
5x1x1 layer relax top 4 free slab view
Ba  0.00002489555456  -0.013224486  -1.839528275
Ba  0.00006889004105  -0.06456375389  -5.938970944
H  0.00003102003681  -0.9876141357  -8.872415115
O  0.00001808228482  -1.923733616  -8.568787936
O  0.00008521527252  1.967025105  -4.075117201
O  2.016356834  0  0.0000009908377482
O  2.01637054  -0.005741258307  -8.256223764
O  0  2.016356834  0.0000009908377482
O  0  -2.016356834  0.0000009908377482
O  -2.016343128  -0.005741258307  -8.256223764
O  -2.016356834  0  0.0000009908377482
O  2.016443187  -0.04766780915  -4.05530378
O  -2.016270481  -0.04766780915  -4.05530378
O  0.00008521527252  -2.065688563  -4.075117201
O  0.00001808228482  2.108980052  -8.568787936
Ti  2.016386274  1.883208682  -8.066300086
Ti  -2.016327394  1.883208682  -8.066300086
O  2.016446341  1.961617118  -6.268939788
O  -2.016267327  1.961617118  -6.268939788
Ti  2.016415565  1.97705451  -3.880244687
Ti  -2.016298103  1.97705451  -3.880244687
O  2.016396741  1.996294439  -1.979332506
O  -2.016316927  1.996294439  -1.979332506
Ti  2.016356834  2.016356834  0
Ti  2.016356834  -2.016356834  0
Ti  -2.016356834  2.016356834  0
Ti  -2.016356834  -2.016356834  0
O  2.016396741  -2.036419229  -1.979332506
O  -2.016316927  -2.036419229  -1.979332506
Ti  2.016415565  -2.055659159  -3.880244687
Ti  -2.016298103  -2.055659159  -3.880244687
O  2.016446341  -2.07109655  -6.268939788
O  -2.016267327  -2.07109655  -6.268939788
Ti  2.016386274  -2.149504986  -8.066300086
Ti  -2.016327394  -2.149504986  -8.066300086
H  0.00003102003681  3.045099532  -8.872415115
Ba  0.00006889004105  3.968149914  -5.938970944
Ba  0.00002489555456  4.019489182  -1.839528275
Ba  4.032738564  -0.013224486  -1.839528275
Ba  -4.032688773  -0.013224486  -1.839528275
Ba  4.032782558  -0.06456375389  -5.938970944
Ba  -4.032644778  -0.06456375389  -5.938970944
Ba  0.00002489555456  -4.045938154  -1.839528275
Ba  0.00006889004105  -4.097277422  -5.938970944
H  4.032744688  -0.9876141357  -8.872415115
H  -4.032682648  -0.9876141357  -8.872415115
O  2.016443187  3.985045859  -4.05530378
O  -2.016270481  3.985045859  -4.05530378
O  4.03273175  -1.923733616  -8.568787936
O  -4.032695586  -1.923733616  -8.568787936
O  4.032798883  1.967025105  -4.075117201
O  -4.032628453  1.967025105  -4.075117201
O  2.01637054  4.02697241  -8.256223764
O  -2.016343128  4.02697241  -8.256223764
O  4.032713668  2.016356834  0.0000009908377482
O  2.016356834  4.032713668  0.0000009908377482
O  4.032713668  -2.016356834  0.0000009908377482
O  -2.016356834  4.032713668  0.0000009908377482
O  2.016356834  -4.032713668  0.0000009908377482
O  -4.032713668  2.016356834  0.0000009908377482
O  -2.016356834  -4.032713668  0.0000009908377482
O  -4.032713668  -2.016356834  0.0000009908377482
O  2.01637054  -4.038454926  -8.256223764
O  -2.016343128  -4.038454926  -8.256223764
O  4.032798883  -2.065688563  -4.075117201
O  -4.032628453  -2.065688563  -4.075117201
O  4.03273175  2.108980052  -8.568787936
O  -4.032695586  2.108980052  -8.568787936
O  2.016443187  -4.080381477  -4.05530378
O  -2.016270481  -4.080381477  -4.05530378
H  0.00003102003681  -5.020327804  -8.872415115
H  4.032744688  3.045099532  -8.872415115
H  -4.032682648  3.045099532  -8.872415115
Ba  4.032782558  3.968149914  -5.938970944
Ba  -4.032644778  3.968149914  -5.938970944
Ba  4.032738564  4.019489182  -1.839528275
Ba  -4.032688773  4.019489182  -1.839528275
Ba  4.032738564  -4.045938154  -1.839528275
Ba  -4.032688773  -4.045938154  -1.839528275
Ba  4.032782558  -4.097277422  -5.938970944
Ba  -4.032644778  -4.097277422  -5.938970944
O  0.00001808228482  -5.956447284  -8.568787936
O  0.00008521527252  5.999738774  -4.075117201
O  6.049070502  0  0.0000009908377482
O  6.049084208  -0.005741258307  -8.256223764
O  0  6.049070502  0.0000009908377482
O  6.049156855  -0.04766780915  -4.05530378
Ti  2.016386274  5.91592235  -8.066300086
Ti  -2.016327394  5.91592235  -8.066300086
O  2.016446341  5.994330786  -6.268939788
O  -2.016267327  5.994330786  -6.268939788
Ti  6.049099942  1.883208682  -8.066300086
Ti  2.016415565  6.009768178  -3.880244687
Ti  -2.016298103  6.009768178  -3.880244687
O  2.016396741  6.029008107  -1.979332506
O  -2.016316927  6.029008107  -1.979332506
O  6.049160009  1.961617118  -6.268939788
Ti  6.049129233  1.97705451  -3.880244687
O  6.049110409  1.996294439  -1.979332506
Ti  6.049070502  2.016356834  0
Ti  2.016356834  6.049070502  0
Ti  6.049070502  -2.016356834  0
Ti  -2.016356834  6.049070502  0
O  6.049110409  -2.036419229  -1.979332506
Ti  6.049129233  -2.055659159  -3.880244687
O  6.049160009  -2.07109655  -6.268939788
Ti  6.049099942  -2.149504986  -8.066300086
H  4.032744688  -5.020327804  -8.872415115
H  -4.032682648  -5.020327804  -8.872415115
O  4.03273175  -5.956447284  -8.568787936
O  -4.032695586  -5.956447284  -8.568787936
O  4.032798883  5.999738774  -4.075117201
O  -4.032628453  5.999738774  -4.075117201
O  6.049156855  3.985045859  -4.05530378
O  6.049084208  4.02697241  -8.256223764
O  6.049070502  4.032713668  0.0000009908377482
O  4.032713668  6.049070502  0.0000009908377482
O  6.049070502  -4.032713668  0.0000009908377482
O  -4.032713668  6.049070502  0.0000009908377482
O  6.049084208  -4.038454926  -8.256223764
O  6.049156855  -4.080381477  -4.05530378
Ti  6.049099942  5.91592235  -8.066300086
O  6.049160009  5.994330786  -6.268939788
Ti  6.049129233  6.009768178  -3.880244687
O  6.049110409  6.029008107  -1.979332506
Ti  6.049070502  6.049070502  0

