primitive lattice vectors  2  2  1
  8.00000000  0.00000000  0.00000000
  0.00000000  8.00000000  0.00000000
  0.00000000  0.00000000100.00000000
number of atoms in unit cell
904
atom, type, position vector
      1       Ba                0.0218906797    0.0218411252   -0.4742883436 
      2       Ba                0.0256418157    0.0253911362   -1.5243696991 
      3       O                 0.0375773715   -0.4669678916   -0.9982992810 
      4       O                -0.4692816826    0.0396793121   -0.9993195657 
      5       O                -0.4921989383   -0.0096314019   -2.0102199666 
      6       O                -0.0077945560   -0.4958820525    0.0126477278 
      7       O                -0.4958927796   -0.0078238720    0.0125774613 
      8       O                -0.0059712094   -0.4988689234   -2.0090808271 
      9       O                -0.0077648517    0.5040780148    0.0126164273 
     10       O                 0.5041492048   -0.0077978347    0.0125552850 
     11       O                 0.5097301601   -0.0124053385   -2.0097390142 
     12       O                -0.0059717941    0.5164707915   -2.0152897258 
     13       O                 0.5286163341    0.0374185612   -0.9929508611 
     14       O                 0.0328403402    0.5295596818   -0.9957397174 
     15       Ti               -0.4561897735   -0.4562058045   -0.0181705164 
     16       Ti               -0.4540056015   -0.4584459637   -1.9779199090 
     17       O                -0.4784585657   -0.4806836896   -1.5044254233 
     18       O                -0.4797125293   -0.4797934364   -0.4901492064 
     19       Ti                0.4960276592   -0.4972485352   -0.9987254755 
     20       Ti                0.4927479172    0.5026137506   -1.0031264874 
     21       Ti               -0.4998007909    0.4971384704   -0.9988196638 
     22       O                -0.4790674297    0.5203815898   -1.5058198320 
     23       O                -0.4796717767    0.5202154800   -0.4901873000 
     24       O                 0.5202730878   -0.4797434303   -0.4901955726 
     25       O                 0.5199390027   -0.4801757436   -1.5030671321 
     26       Ti               -0.5001484886   -0.5023246106   -0.9993410185 
     27       Ti               -0.4561394494    0.5437497504   -0.0180926708 
     28       Ti                0.5438122313   -0.4561846591   -0.0181245158 
     29       Ti               -0.4564739565    0.5457143580   -1.9779160385 
     30       Ti                0.5468757556   -0.4561841935   -1.9778696763 
     31       O                 0.5145302904    0.5133454819   -1.4970705564 
     32       O                 0.5203785138    0.5202556386   -0.4902156894 
     33       Ti                0.5438779555    0.5437143785   -0.0182310321 
     34       Ti                0.5507450727    0.5652821629   -1.9908141196 
     35       H                 0.6156047601    0.5983446380   -3.2049598786 
     36       H                 0.2880765076    0.8498737874   -2.5616460297 
     37       O                 0.5134133464    0.7610814203   -2.5828309323 
     38       Ba               -0.9765158186    0.0208709699   -1.5197999007 
     39       Ba               -0.9780955508    0.0218099210   -0.4742858097 
     40       Ba                0.0218822768   -0.9781417256   -0.4742421684 
     41       Ba                0.0245902647   -0.9801610659   -1.5190385490 
     42       Ba                1.0158212683    0.0258328531   -1.5143231353 
     43       Ba                0.0219023557    1.0218197410   -0.4742031468 
     44       Ba                1.0219135920    0.0218184145   -0.4742871470 
     45       Ba                0.0219171484    1.0283519883   -1.5165441106 
     46       O                -0.4673778259   -0.9587617777   -0.9976858760 
     47       O                -0.9584781787   -0.4687840341   -0.9975105773 
     48       O                 0.5293289483   -0.9572859354   -0.9968977490 
     49       O                -0.9595091891    0.5299650863   -0.9981358789 
     50       O                -0.4958918036    0.9921187873    0.0126296975 
     51       O                 0.9921693646   -0.4959019708    0.0126110341 
     52       O                -0.5026758999    0.9920597888   -2.0117774505 
     53       O                 0.5042017826    0.9921089299    0.0126226176 
     54       O                 0.9922601785    0.5040382600    0.0125907157 
     55       O                 0.9975108053   -0.5001246315   -2.0030511348 
     56       O                 0.9935658854    0.5134278750   -1.9874678013 
     57       C                 0.8195856295    0.7670622874   -3.2678488187 
     58       O                -1.0077752380   -0.4959548058    0.0126267195 
     59       O                -0.4958938461   -1.0079098840    0.0126497645 
     60       H                 0.2173315325    1.1029843135   -3.1938666155 
     61       O                -1.0092682434   -0.4962881773   -2.0078918541 
     62       O                -0.4935059766   -1.0120109257   -2.0094338216 
     63       O                -1.0085818952    0.5007699184   -2.0095913714 
     64       O                -1.0077772090    0.5040271261    0.0125991717 
     65       O                 0.5041105546   -1.0077960360    0.0126134930 
     66       O                 0.5082588508   -1.0146575905   -2.0098282484 
     67       O                 0.5157937125    1.0109463487   -1.9502507467 
     68       O                 1.0382887940   -0.4681388208   -0.9956806141 
     69       O                -0.4729994337    1.0381391051   -0.9979221269 
     70       H                 0.8400281827    0.7793955944   -3.5396416516 
     71       O                 0.5271298967    1.0282711694   -0.9859803943 
     72       O                 1.0410681778    0.5279321358   -0.9950509940 
     73       H                 1.0506774887    0.6619811263   -3.1698138541 
     74       C                 0.4296464355    1.2608274956   -3.2594412781 
     75       P                 0.7743660345    1.0859153887   -2.6729296636 
     76       H                 0.4391964884    1.2756234408   -3.5319650626 
     77       C                 0.7589406203    1.1190469456   -3.1306835954 
     78       Ba               -0.9751891096   -0.9785802354   -1.5177455691 
     79       Ba               -0.9780886854   -0.9781960504   -0.4742029931 
     80       Ba                1.0187132236   -0.9793513226   -1.5129327908 
     81       Ba               -0.9781014095    1.0218229210   -0.4742480671 
     82       Ba                1.0219415600   -0.9781446557   -0.4742883464 
     83       Ba               -0.9786451187    1.0226532525   -1.5186752654 
     84       Ba                1.0165163915    1.0265222000   -1.5013497923 
     85       Ba                1.0219213560    1.0218576020   -0.4742084602 
     86       O                -1.4659868484    0.0382540081   -0.9958602612 
     87       O                 0.0380608073   -1.4673988736   -0.9969684830 
     88       O                -1.4958823760   -0.0078543567    0.0126288852 
     89       O                -0.0077325011   -1.4959226870    0.0126196328 
     90       O                 1.1162793773    0.9979027259   -2.5568548882 
     91       O                -1.4984404619   -0.0095471465   -2.0080471284 
     92       O                -0.0029681808   -1.5000111364   -2.0041424642 
     93       O                 1.5013546207   -0.0091380292   -1.9940333526 
     94       O                -0.0211749349    1.5032922667   -2.0112616771 
     95       O                -0.0077681103    1.5040621640    0.0126302373 
     96       O                 1.5041044870   -0.0078027867    0.0125895471 
     97       O                 0.5894500405    1.4008101488   -2.5225294658 
     98       Ti               -1.4561510790   -0.4562105773   -0.0180737063 
     99       Ti               -0.4561185870   -1.4562631120   -0.0180923663 
    100       O                 0.0271761452    1.5278871802   -0.9863113761 
    101       Ti               -1.4578793034   -0.4582646575   -1.9741692878 
    102       Ti               -0.4516193177   -1.4619704798   -1.9744047330 
    103       O                 1.5327871741    0.0375141827   -0.9930339563 
    104       O                -1.4777094325   -0.4781557688   -1.4996190318 
    105       O                -0.4768407872   -1.4790748368   -1.5010392633 
    106       Ti               -1.4561445750    0.5437569199   -0.0181160046 
    107       Ti                0.5438534976   -1.4561678360   -0.0180902847 
    108       Ti               -1.4569361571    0.5423046570   -1.9767109356 
    109       O                -1.4796865810   -0.4797854163   -0.4901580709 
    110       O                -0.4796952545   -1.4797877280   -0.4901695890 
    111       H                 0.3838015186    1.5106294314   -3.1618031651 
    112       Ti                0.5485713973   -1.4617644158   -1.9767981729 
    113       O                -1.4779712341    0.5181868067   -1.5015611974 
    114       O                -1.4796800250    0.5201863355   -0.4901844121 
    115       O                 0.5203915313   -1.4796771970   -0.4901805010 
    116       O                 0.5212992303   -1.4829846579   -1.5019853233 
    117       Ti                0.4926964381    1.4947607095   -1.0079941839 
    118       Ti               -0.4969083868    1.4960220977   -0.9985865531 
    119       Ti                1.4954438272   -0.5000487050   -0.9980904930 
    120       Ti                1.4969591126    0.4974059329   -0.9985148395 
    121       Ti               -1.4991486184    0.4962554836   -0.9986153397 
    122       Ti               -1.5012365460   -0.5013636512   -0.9987497255 
    123       Ti                0.4963771677   -1.5039049788   -0.9982825941 
    124       Ti               -0.4983739326   -1.5046117557   -0.9995062397 
    125       O                 1.5195274569   -0.4798016435   -1.4941232568 
    126       O                -0.4796972966    1.5202551540   -0.4901703337 
    127       O                 1.5203668130   -0.4797009776   -0.4901684370 
    128       O                -0.4837760168    1.5200835999   -1.5022230284 
    129       Ti                1.5388991031   -0.4547152791   -1.9677867451 
    130       O                 0.5203403660    1.5202741550   -0.4901648431 
    131       O                 1.5203966930    0.5203015945   -0.4902173388 
    132       O                 1.5236292820    0.5171369472   -1.4938765340 
    133       Ti               -0.4561681135    1.5437680350   -0.0182044679 
    134       Ti                1.5438256820   -0.4561936819   -0.0181979960 
    135       O                 0.5183151366    1.5251515166   -1.4690183107 
    136       Ti               -0.4608952518    1.5454057111   -1.9782910496 
    137       Ti                0.5438367865    1.5437781810   -0.0181693634 
    138       Ti                1.5438454070    0.5437809162   -0.0181321814 
    139       Ti                1.5408787580    0.5578526903   -1.9687496509 
    140       Ti                0.5757387487    1.5365635511   -2.0546826342 
    141       C                 1.0476365251    1.3489113360   -3.2308043225 
    142       H                 1.0580783158    1.3650658598   -3.5031106575 
    143       O                -1.4668984338   -0.9597293388   -0.9954201815 
    144       O                -0.9579576844   -1.4681416539   -0.9967367085 
    145       O                -1.4944954542    0.9888886025   -2.0058885130 
    146       H                 1.2850918503    1.2519975333   -3.1401902552 
    147       O                -1.4958645090    0.9921089870    0.0125973078 
    148       O                 0.9922040082   -1.4958778220    0.0126864679 
    149       O                -1.4654410853    1.0391730465   -0.9965905981 
    150       O                 1.0372697030   -1.4690633615   -0.9944319207 
    151       O                 0.9984672713   -1.4997520922   -2.0017759664 
    152       O                 1.5040955000    0.9921456433    0.0126097908 
    153       O                 0.9922093624    1.5040887240    0.0126750900 
    154       O                -1.0124144156   -1.4923606069   -2.0037420406 
    155       O                -1.4958560830   -1.0078390220    0.0126413047 
    156       O                -1.0078011610   -1.4959951200    0.0125708124 
    157       O                -1.4994795833   -1.0033920767   -2.0024093884 
    158       O                 1.5295875183   -0.9597497063   -0.9935314818 
    159       O                -0.9606622096    1.5331413759   -0.9944553026 
    160       O                -1.0077734000    1.5040347660    0.0126230257 
    161       O                 1.5041436280   -1.0078526340    0.0126236765 
    162       O                 1.5042103700   -1.0110256314   -1.9945947470 
    163       O                -1.0142942805    1.5066783285   -2.0109775197 
    164       O                 1.5154822928    1.0031780764   -1.9669180438 
    165       O                 1.0142036280    1.5117124570   -1.9743258060 
    166       O                 1.0435180255    1.5277044565   -0.9908094825 
    167       O                 1.5351665329    1.0377445374   -0.9930660405 
    168       H                 1.0149758981    1.6008311156   -3.1323650516 
    169       Ba               -1.9780394220    0.0218421215   -0.4743139844 
    170       Ba                0.0219221786   -1.9781248560   -0.4743105227 
    171       Ba               -1.9799436691    0.0231172653   -1.5177171025 
    172       Ba                0.0317485492   -1.9914447926   -1.5270967277 
    173       Ba                0.0317485492    2.0085552074   -1.5270967277 
    174       O                -1.9582849767   -0.4692223646   -0.9962137833 
    175       O                -0.4681197967   -1.9599972440   -0.9983053985 
    176       Ba                2.0200563309    0.0231172653   -1.5177171025 
    177       Ba                0.0219221786    2.0218751440   -0.4743105227 
    178       Ba                2.0219605780    0.0218421215   -0.4743139844 
    179       O                -1.9561705684    0.5289882746   -0.9953480542 
    180       O                 0.5268425761   -1.9579315938   -0.9892067330 
    181       O                 1.9888066616   -0.4957705183   -2.0014195547 
    182       O                 0.5145109290    1.9850088492   -2.0152606352 
    183       O                 1.9877233301    0.5069754898   -2.0060312235 
    184       O                -0.4958820338    1.9921461840    0.0126353719 
    185       O                 1.9921861450   -0.4959245733    0.0126477167 
    186       O                 0.5041371125    1.9921555200    0.0126198498 
    187       O                 1.9922045320    0.5040580921    0.0126351910 
    188       Ti               -1.4561807150   -1.4562370830   -0.0181928108 
    189       Ti               -1.4593081431   -1.4540690528   -1.9691468525 
    190       O                -0.5001303651    1.9987943336   -2.0042579411 
    191       O                -0.5001303651   -2.0012056664   -2.0042579411 
    192       O                -2.0078138550   -0.4959245733    0.0126477167 
    193       O                -0.4958820338   -2.0078538160    0.0126353719 
    194       O                -2.0077954680    0.5040580921    0.0126351910 
    195       O                 0.5041371125   -2.0078444800    0.0126198498 
    196       O                -2.0111933384   -0.4957705183   -2.0014195547 
    197       O                -2.0122766699    0.5069754898   -2.0060312235 
    198       O                 0.5145109290   -2.0149911508   -2.0152606352 
    199       O                -1.4778575913   -1.4756216583   -1.4963606229 
    200       O                -1.4797810880   -1.4798187610   -0.4901619677 
    201       O                -0.4681197967    2.0400027560   -0.9983053985 
    202       O                 2.0417150233   -0.4692223646   -0.9962137833 
    203       O                 0.5268425761    2.0420684062   -0.9892067330 
    204       O                 2.0438294316    0.5289882746   -0.9953480542 
    205       Ti               -1.4966602168    1.4978443774   -0.9975147947 
    206       Ti                1.4995356250    1.4972637139   -0.9963419479 
    207       Ti                1.4947884499   -1.5024805406   -0.9973499531 
    208       O                -1.4772211570    1.5222549739   -1.4994223333 
    209       O                 1.5197710418   -1.4798298658   -1.4927308869 
    210       O                -1.4796655460    1.5202903220   -0.4901599062 
    211       O                 1.5203181070   -1.4797475230   -0.4901887506 
    212       Ti               -1.4561441630    1.5437917440   -0.0181056859 
    213       Ti               -1.5007142073   -1.5005616966   -0.9976683095 
    214       Ti                1.5438323750   -1.4562462830   -0.0182163069 
    215       Ti                1.5428243060   -1.4585889635   -1.9644694393 
    216       Ti               -1.4621224172    1.5488323623   -1.9737907658 
    217       O                 1.5203410310    1.5202996220   -0.4901983965 
    218       O                 1.5334609287    1.5255992738   -1.4893814655 
    219       Ti                1.5438334500    1.5437827500   -0.0182310306 
    220       Ti                1.5507990262    1.5421679272   -1.9622779538 
    221       Ba               -0.9771251453   -1.9781037135   -1.5150713542 
    222       Ba               -1.9780850800   -0.9781634340   -0.4742322809 
    223       Ba               -0.9781096155   -1.9781567190   -0.4742858983 
    224       Ba               -1.9798830065   -0.9761799040   -1.5124923914 
    225       Ba               -1.9727118596    1.0206191287   -1.5085547667 
    226       Ba               -1.9780514160    1.0218524330   -0.4742699287 
    227       Ba                1.0218739230   -1.9781370760   -0.4742744578 
    228       Ba                1.0135109216   -1.9876926516   -1.5153518686 
    229       Ba                2.0201169935   -0.9761799040   -1.5124923914 
    230       Ba               -0.9771251453    2.0218962865   -1.5150713542 
    231       Ba               -0.9781096155    2.0218432810   -0.4742858983 
    232       Ba                2.0219149200   -0.9781634340   -0.4742322809 
    233       Ba                1.0135109216    2.0123073484   -1.5153518686 
    234       Ba                1.0218739230    2.0218629240   -0.4742744578 
    235       Ba                2.0219485840    1.0218524330   -0.4742699287 
    236       Ba                2.0272881404    1.0206191287   -1.5085547667 
    237       O                -1.4673614861   -1.9585167438   -0.9958504074 
    238       O                -1.9588476376   -1.4680890318   -0.9948549616 
    239       O                -2.4672128259    0.0375141827   -0.9930339563 
    240       O                 0.0271761452   -2.4721128198   -0.9863113761 
    241       O                -1.9553433600    1.5315005803   -0.9921082507 
    242       O                 1.5308372677   -1.9596271011   -0.9916430068 
    243       O                 1.9928471401   -1.4940006672   -1.9944422543 
    244       O                -1.4958689010    1.9921364420    0.0126680713 
    245       O                 1.9921954640   -1.4959750250    0.0126350862 
    246       O                -2.4958955130   -0.0078027867    0.0125895471 
    247       O                -0.0077681103   -2.4959378360    0.0126302373 
    248       O                 1.5040563470    1.9921483980    0.0125945053 
    249       O                 1.9921966630    1.5040724430    0.0126215579 
    250       O                -0.0211749349   -2.4967077333   -2.0112616771 
    251       Ti               -0.4608952518   -2.4545942889   -1.9782910496 
    252       O                -1.4992828096    1.9982766612   -2.0012781962 
    253       Ti               -2.4561743180   -0.4561936819   -0.0181979960 
    254       Ti               -0.4561681135   -2.4562319650   -0.0182044679 
    255       O                -2.4986453793   -0.0091380292   -1.9940333526 
    256       O                -0.0029681808    2.4999888636   -2.0041424642 
    257       O                -1.9990236850    1.5016891718   -2.0012111940 
    258       O                -1.4992828096   -2.0017233388   -2.0012781962 
    259       O                 1.5130413282    1.9918182268   -1.9928103132 
    260       O                 2.5015595381   -0.0095471465   -2.0080471284 
    261       O                 2.0009763150    1.5016891718   -2.0012111940 
    262       O                -2.0071528599   -1.4940006672   -1.9944422543 
    263       Ti               -2.4611008969   -0.4547152791   -1.9677867451 
    264       O                -1.4958689010   -2.0078635580    0.0126680713 
    265       O                -2.0078045360   -1.4959750250    0.0126350862 
    266       O                -0.0077325011    2.5040773130    0.0126196328 
    267       O                 2.5041176240   -0.0078543567    0.0126288852 
    268       O                -2.0078033370    1.5040724430    0.0126215579 
    269       O                 1.5040563470   -2.0078516020    0.0125945053 
    270       O                -1.4673614861    2.0414832562   -0.9958504074 
    271       O                 2.0411523624   -1.4680890318   -0.9948549616 
    272       O                 1.5130413282   -2.0081817732   -1.9928103132 
    273       Ti               -2.4561545930    0.5437809162   -0.0181321814 
    274       Ti                0.5438367865   -2.4562218190   -0.0181693634 
    275       H                 0.3838015186   -2.4893705686   -3.1618031651 
    276       Ti               -2.4591212420    0.5578526903   -1.9687496509 
    277       O                -2.4796331870   -0.4797009776   -0.4901684370 
    278       O                -0.4796972966   -2.4797448460   -0.4901703337 
    279       O                -2.4804725431   -0.4798016435   -1.4941232568 
    280       O                -0.4837760168   -2.4799164001   -1.5022230284 
    281       O                 0.5183151366   -2.4748484834   -1.4690183107 
    282       O                -2.4763707180    0.5171369472   -1.4938765340 
    283       Ti                0.5757387487   -2.4634364489   -2.0546826342 
    284       O                 0.0380608073    2.5326011264   -0.9969684830 
    285       O                -2.4796033070    0.5203015945   -0.4902173388 
    286       O                 0.5203403660   -2.4797258450   -0.4901648431 
    287       O                 2.5340131516    0.0382540081   -0.9958602612 
    288       Ti               -0.4983739326    2.4953882443   -0.9995062397 
    289       Ti                0.4963771677    2.4960950212   -0.9982825941 
    290       Ti                2.4987634540   -0.5013636512   -0.9987497255 
    291       Ti                2.5008513816    0.4962554836   -0.9986153397 
    292       O                 1.5308372677    2.0403728989   -0.9916430068 
    293       Ti               -2.5030408874    0.4974059329   -0.9985148395 
    294       Ti               -0.4969083868   -2.5039779023   -0.9985865531 
    295       Ti                0.4926964381   -2.5052392905   -1.0079941839 
    296       Ti               -2.5045561728   -0.5000487050   -0.9980904930 
    297       O                 2.0446566400    1.5315005803   -0.9921082507 
    298       O                -0.4796952545    2.5202122720   -0.4901695890 
    299       O                 2.5203134190   -0.4797854163   -0.4901580709 
    300       O                -0.4768407872    2.5209251632   -1.5010392633 
    301       O                 2.5222905675   -0.4781557688   -1.4996190318 
    302       O                 0.5212992303    2.5170153421   -1.5019853233 
    303       O                 2.5203199750    0.5201863355   -0.4901844121 
    304       O                 0.5203915313    2.5203228030   -0.4901805010 
    305       O                 2.5220287659    0.5181868067   -1.5015611974 
    306       Ti               -0.4516193177    2.5380295202   -1.9744047330 
    307       Ti                2.5421206966   -0.4582646575   -1.9741692878 
    308       Ti               -0.4561185870    2.5437368880   -0.0180923663 
    309       Ti                2.5438489210   -0.4562105773   -0.0180737063 
    310       Ti                0.5485713973    2.5382355842   -1.9767981729 
    311       Ti                2.5430638429    0.5423046570   -1.9767109356 
    312       Ti                2.5438554250    0.5437569199   -0.0181160046 
    313       Ti                0.5438534976    2.5438321640   -0.0180902847 
    314       H                 1.0149758981   -2.3991688844   -3.1323650516 
    315       O                -0.9606622096   -2.4668586241   -0.9944553026 
    316       O                -2.4704124817   -0.9597497063   -0.9935314818 
    317       O                 0.5894500405   -2.5991898512   -2.5225294658 
    318       O                -2.4648334671    1.0377445374   -0.9930660405 
    319       O                -2.4845177072    1.0031780764   -1.9669180438 
    320       O                 1.0435180255   -2.4722955435   -0.9908094825 
    321       O                -2.4959045000    0.9921456433    0.0126097908 
    322       O                 0.9922093624   -2.4959112760    0.0126750900 
    323       O                 1.0142036280   -2.4882875430   -1.9743258060 
    324       O                -2.4958563720   -1.0078526340    0.0126236765 
    325       O                -1.0142942805   -2.4933216715   -2.0109775197 
    326       O                -1.0077734000   -2.4959652340    0.0126230257 
    327       O                 0.9984672713    2.5002479078   -2.0017759664 
    328       O                -2.4957896300   -1.0110256314   -1.9945947470 
    329       O                 2.5041354910    0.9921089870    0.0125973078 
    330       O                 0.9922040082    2.5041221780    0.0126864679 
    331       O                 2.5055045458    0.9888886025   -2.0058885130 
    332       O                 2.5005204167   -1.0033920767   -2.0024093884 
    333       O                -1.0078011610    2.5040048800    0.0125708124 
    334       O                 2.5041439170   -1.0078390220    0.0126413047 
    335       O                -1.0124144156    2.5076393931   -2.0037420406 
    336       O                -0.9579576844    2.5318583461   -0.9967367085 
    337       O                 2.5331015662   -0.9597293388   -0.9954201815 
    338       O                 1.0372697030    2.5309366385   -0.9944319207 
    339       O                 2.5345589147    1.0391730465   -0.9965905981 
    340       H                 0.4391964884   -2.7243765592   -3.5319650626 
    341       C                 0.4296464355   -2.7391725044   -3.2594412781 
    342       Ba               -1.9768907956   -1.9767286526   -1.5077258372 
    343       Ba               -1.9780665370   -1.9781559910   -0.4743044715 
    344       Ba                2.0231092044   -1.9767286526   -1.5077258372 
    345       Ba               -1.9780665370    2.0218440090   -0.4743044715 
    346       Ba                2.0219334630   -1.9781559910   -0.4743044715 
    347       Ba               -1.9768907956    2.0232713474   -1.5077258372 
    348       H                 1.0580783158   -2.6349341402   -3.5031106575 
    349       C                 1.0476365251   -2.6510886640   -3.2308043225 
    350       Ti               -1.4621224172   -2.4511676377   -1.9737907658 
    351       Ti               -1.4561441630   -2.4562082560   -0.0181056859 
    352       Ti               -2.4561676250   -1.4562462830   -0.0182163069 
    353       Ti               -2.4571756940   -1.4585889635   -1.9644694393 
    354       Ba                2.0219334630    2.0218440090   -0.4743044715 
    355       Ba                2.0231092044    2.0232713474   -1.5077258372 
    356       O                -1.4772211570   -2.4777450261   -1.4994223333 
    357       O                -1.4796655460   -2.4797096780   -0.4901599062 
    358       O                -2.4796818930   -1.4797475230   -0.4901887506 
    359       O                -2.4802289582   -1.4798298658   -1.4927308869 
    360       Ti               -2.4492009738    1.5421679272   -1.9622779538 
    361       O                -2.4665390713    1.5255992738   -1.4893814655 
    362       Ti               -2.4561665500    1.5437827500   -0.0182310306 
    363       Ti                1.5438334500   -2.4562172500   -0.0182310306 
    364       H                 0.2173315325   -2.8970156865   -3.1938666155 
    365       Ti                1.5507990262   -2.4578320728   -1.9622779538 
    366       O                -2.4796589690    1.5202996220   -0.4901983965 
    367       O                 1.5203410310   -2.4797003780   -0.4901983965 
    368       Ti                1.4947884499    2.4975194594   -0.9973499531 
    369       O                 1.5334609287   -2.4744007262   -1.4893814655 
    370       Ti               -2.5004643750    1.4972637139   -0.9963419479 
    371       Ti                2.4992857927   -1.5005616966   -0.9976683095 
    372       Ti               -1.5007142073    2.4994383034   -0.9976683095 
    373       Ti               -1.4966602168   -2.5021556226   -0.9975147947 
    374       Ti                2.5033397832    1.4978443774   -0.9975147947 
    375       Ti                1.4995356250   -2.5027362861   -0.9963419479 
    376       Ti               -2.5052115501   -1.5024805406   -0.9973499531 
    377       O                 2.5221424087   -1.4756216583   -1.4963606229 
    378       O                -1.4797810880    2.5201812390   -0.4901619677 
    379       O                 2.5202189120   -1.4798187610   -0.4901619677 
    380       O                -1.4778575913    2.5243783417   -1.4963606229 
    381       Ti                2.5406918569   -1.4540690528   -1.9691468525 
    382       Ti               -1.4561807150    2.5437629170   -0.0181928108 
    383       Ti                2.5438192850   -1.4562370830   -0.0181928108 
    384       Ti               -1.4593081431    2.5459309472   -1.9691468525 
    385       O                 1.5197710418    2.5201701342   -1.4927308869 
    386       O                 1.5203181070    2.5202524770   -0.4901887506 
    387       O                 2.5203344540    1.5202903220   -0.4901599062 
    388       O                 2.5227788430    1.5222549739   -1.4994223333 
    389       Ba                0.0219171484   -2.9716480117   -1.5165441106 
    390       Ti                1.5428243060    2.5414110365   -1.9644694393 
    391       Ti                2.5378775828    1.5488323623   -1.9737907658 
    392       Ti                1.5438323750    2.5437537170   -0.0182163069 
    393       Ti                2.5438558370    1.5437917440   -0.0181056859 
    394       Ba               -2.9780864080    0.0218184145   -0.4742871470 
    395       Ba                0.0219023557   -2.9781802590   -0.4742031468 
    396       C                 0.7589406203   -2.8809530544   -3.1306835954 
    397       Ba               -2.9841787317    0.0258328531   -1.5143231353 
    398       H                -2.7149081497    1.2519975333   -3.1401902552 
    399       O                -2.9617112060   -0.4681388208   -0.9956806141 
    400       O                -0.4729994337   -2.9618608949   -0.9979221269 
    401       O                -2.9589318222    0.5279321358   -0.9950509940 
    402       P                 0.7743660345   -2.9140846113   -2.6729296636 
    403       O                 0.5271298967   -2.9717288306   -0.9859803943 
    404       Ba                0.0245902647    3.0198389341   -1.5190385490 
    405       Ba                0.0218822768    3.0218582744   -0.4742421684 
    406       Ba                3.0219044492    0.0218099210   -0.4742858097 
    407       H                -2.9493225113    0.6619811263   -3.1698138541 
    408       Ba                3.0234841814    0.0208709699   -1.5197999007 
    409       O                 0.5082588508    2.9853424095   -2.0098282484 
    410       O                -0.4935059766    2.9879890743   -2.0094338216 
    411       O                 2.9907317566   -0.4962881773   -2.0078918541 
    412       O                -0.4958938461    2.9920901160    0.0126497645 
    413       O                 2.9914181048    0.5007699184   -2.0095913714 
    414       O                 2.9922247620   -0.4959548058    0.0126267195 
    415       O                 0.5157937125   -2.9890536513   -1.9502507467 
    416       H                 1.2850918503   -2.7480024667   -3.1401902552 
    417       O                 2.9922227910    0.5040271261    0.0125991717 
    418       O                 0.5041105546    2.9922039640    0.0126134930 
    419       O                -3.0024891947   -0.5001246315   -2.0030511348 
    420       O                -3.0078306354   -0.4959019708    0.0126110341 
    421       O                -0.4958918036   -3.0078812127    0.0126296975 
    422       O                -0.5026758999   -3.0079402112   -2.0117774505 
    423       O                -3.0077398215    0.5040382600    0.0125907157 
    424       O                 0.5042017826   -3.0078910701    0.0126226176 
    425       O                -3.0064341146    0.5134278750   -1.9874678013 
    426       O                -2.8837206227    0.9979027259   -2.5568548882 
    427       O                -0.4673778259    3.0412382223   -0.9976858760 
    428       O                 3.0415218213   -0.4687840341   -0.9975105773 
    429       O                 3.0404908109    0.5299650863   -0.9981358789 
    430       O                 0.5293289483    3.0427140646   -0.9968977490 
    431       Ba               -0.9786451187   -2.9773467475   -1.5186752654 
    432       Ba               -2.9780584400   -0.9781446557   -0.4742883464 
    433       Ba               -0.9781014095   -2.9781770790   -0.4742480671 
    434       Ba               -2.9812867764   -0.9793513226   -1.5129327908 
    435       Ba                1.0165163915   -2.9734778000   -1.5013497923 
    436       Ba               -2.9780786440    1.0218576020   -0.4742084602 
    437       Ba                1.0219213560   -2.9781423980   -0.4742084602 
    438       O                -1.9553433600   -2.4684994197   -0.9921082507 
    439       O                -2.4691627323   -1.9596271011   -0.9916430068 
    440       Ba               -2.9834836085    1.0265222000   -1.5013497923 
    441       H                 0.2880765076   -3.1501262126   -2.5616460297 
    442       Ba               -0.9751891096    3.0214197646   -1.5177455691 
    443       Ba               -0.9780886854    3.0218039496   -0.4742029931 
    444       Ba                3.0219113146   -0.9781960504   -0.4742029931 
    445       Ba                3.0248108904   -0.9785802354   -1.5177455691 
    446       O                -2.4869586718    1.9918182268   -1.9928103132 
    447       Ba                1.0187132236    3.0206486774   -1.5129327908 
    448       Ba                3.0213548813    1.0226532525   -1.5186752654 
    449       Ba                3.0218985905    1.0218229210   -0.4742480671 
    450       Ba                1.0219415600    3.0218553443   -0.4742883464 
    451       O                -2.4959436530    1.9921483980    0.0125945053 
    452       O                 1.9921966630   -2.4959275570    0.0126215579 
    453       O                -2.4869586718   -2.0081817732   -1.9928103132 
    454       O                -1.9990236850   -2.4983108282   -2.0012111940 
    455       O                 1.9921954640    2.5040249750    0.0126350862 
    456       O                 2.5041310990    1.9921364420    0.0126680713 
    457       O                 2.0009763150   -2.4983108282   -2.0012111940 
    458       O                 2.5007171904    1.9982766612   -2.0012781962 
    459       O                -1.9588476376    2.5319109682   -0.9948549616 
    460       O                 2.5326385139   -1.9585167438   -0.9958504074 
    461       O                 1.9928471401    2.5059993328   -1.9944422543 
    462       O                 1.1162793773   -3.0020972741   -2.5568548882 
    463       O                -2.4691627323    2.0403728989   -0.9916430068 
    464       O                 2.5007171904   -2.0017233388   -2.0012781962 
    465       O                -2.0078033370   -2.4959275570    0.0126215579 
    466       O                -2.4959436530   -2.0078516020    0.0125945053 
    467       O                 2.0446566400   -2.4684994197   -0.9921082507 
    468       O                -2.0078045360    2.5040249750    0.0126350862 
    469       O                 2.5041310990   -2.0078635580    0.0126680713 
    470       O                -2.0071528599    2.5059993328   -1.9944422543 
    471       H                -2.9419216842    1.3650658598   -3.5031106575 
    472       C                -2.9523634749    1.3489113360   -3.2308043225 
    473       O                 2.0411523624    2.5319109682   -0.9948549616 
    474       O                 2.5326385139    2.0414832562   -0.9958504074 
    475       H                -3.1599718173    0.7793955944   -3.5396416516 
    476       C                -3.1804143705    0.7670622874   -3.2678488187 
    477       O                 0.5134133464   -3.2389185797   -2.5828309323 
    478       O                -1.4654410853   -2.9608269535   -0.9965905981 
    479       O                -2.9627302970   -1.4690633615   -0.9944319207 
    480       O                -2.9564819745    1.5277044565   -0.9908094825 
    481       H                 0.8400281827   -3.2206044056   -3.5396416516 
    482       C                 0.8195856295   -3.2329377126   -3.2678488187 
    483       O                 1.5351665329   -2.9622554626   -0.9930660405 
    484       O                 2.9875855844   -1.4923606069   -2.0037420406 
    485       O                 2.9857057195    1.5066783285   -2.0109775197 
    486       O                -1.4958560830    2.9921609780    0.0126413047 
    487       O                 2.9921988390   -1.4959951200    0.0125708124 
    488       O                 1.5042103700    2.9889743686   -1.9945947470 
    489       O                -2.9857963720    1.5117124570   -1.9743258060 
    490       O                 1.5041436280    2.9921473660    0.0126236765 
    491       O                 2.9922266000    1.5040347660    0.0126230257 
    492       O                -1.4994795833    2.9966079233   -2.0024093884 
    493       O                -3.0015327287   -1.4997520922   -2.0017759664 
    494       O                 1.5154822928   -2.9968219236   -1.9669180438 
    495       O                -3.0077959918   -1.4958778220    0.0126864679 
    496       O                -1.4958645090   -3.0078910130    0.0125973078 
    497       O                -1.4944954542   -3.0111113975   -2.0058885130 
    498       O                -3.0077906376    1.5040887240    0.0126750900 
    499       O                 1.5040955000   -3.0078543567    0.0126097908 
    500       O                -1.4668984338    3.0402706612   -0.9954201815 
    501       O                 3.0420423156   -1.4681416539   -0.9967367085 
    502       H                -2.9850241019    1.6008311156   -3.1323650516 
    503       O                 1.5295875183    3.0402502937   -0.9935314818 
    504       P                -3.2256339655    1.0859153887   -2.6729296636 
    505       O                 3.0393377904    1.5331413759   -0.9944553026 
    506       C                -3.2410593797    1.1190469456   -3.1306835954 
    507       H                -3.3843952399    0.5983446380   -3.2049598786 
    508       H                 0.6156047601   -3.4016553620   -3.2049598786 
    509       Ti               -2.4492009738   -2.4578320728   -1.9622779538 
    510       O                 0.0328403402   -3.4704403182   -0.9957397174 
    511       O                -3.4713836659    0.0374185612   -0.9929508611 
    512       Ti               -2.4561665500   -2.4562172500   -0.0182310306 
    513       Ti                0.5507450727   -3.4347178371   -1.9908141196 
    514       Ti               -3.4531242444   -0.4561841935   -1.9778696763 
    515       O                -0.0059717941   -3.4835292085   -2.0152897258 
    516       Ti               -0.4564739565   -3.4542856420   -1.9779160385 
    517       Ti               -3.4561877687   -0.4561846591   -0.0181245158 
    518       Ti               -0.4561394494   -3.4562502496   -0.0180926708 
    519       O                -3.4902698399   -0.0124053385   -2.0097390142 
    520       O                -2.4665390713   -2.4744007262   -1.4893814655 
    521       Ti               -3.4492549273    0.5652821629   -1.9908141196 
    522       O                -3.4958507952   -0.0077978347    0.0125552850 
    523       O                -0.0077648517   -3.4959219852    0.0126164273 
    524       Ti               -3.4561220445    0.5437143785   -0.0182310321 
    525       Ti                0.5438779555   -3.4562856215   -0.0182310321 
    526       H                 1.0506774887   -3.3380188737   -3.1698138541 
    527       O                -0.0059712094    3.5011310766   -2.0090808271 
    528       O                 3.5041072204   -0.0078238720    0.0125774613 
    529       O                -0.0077945560    3.5041179475    0.0126477278 
    530       O                -2.4796589690   -2.4797003780   -0.4901983965 
    531       O                 3.5078010617   -0.0096314019   -2.0102199666 
    532       O                -0.4790674297   -3.4796184102   -1.5058198320 
    533       O                -3.4797269122   -0.4797434303   -0.4901955726 
    534       O                -0.4796717767   -3.4797845200   -0.4901873000 
    535       O                -3.4800609973   -0.4801757436   -1.5030671321 
    536       O                -3.4796214862    0.5202556386   -0.4902156894 
    537       O                 0.5203785138   -3.4797443614   -0.4902156894 
    538       O                -3.4854697096    0.5133454819   -1.4970705564 
    539       O                 0.5145302904   -3.4866545181   -1.4970705564 
    540       Ti                2.5378775828   -2.4511676377   -1.9737907658 
    541       O                 3.5307183174    0.0396793121   -0.9993195657 
    542       Ti                0.4927479172   -3.4973862494   -1.0031264874 
    543       O                 0.0375773715    3.5330321084   -0.9982992810 
    544       Ti               -0.5001484886    3.4976753894   -0.9993410185 
    545       Ti                2.4992857927    2.4994383034   -0.9976683095 
    546       Ti               -2.4571756940    2.5414110365   -1.9644694393 
    547       Ti                3.5001992091    0.4971384704   -0.9988196638 
    548       O                -2.4796818930    2.5202524770   -0.4901887506 
    549       O                 2.5203344540   -2.4797096780   -0.4901599062 
    550       Ti                3.4998515114   -0.5023246106   -0.9993410185 
    551       O                -2.4802289582    2.5201701342   -1.4927308869 
    552       Ti               -2.4561676250    2.5437537170   -0.0182163069 
    553       O                 2.5227788430   -2.4777450261   -1.4994223333 
    554       Ti                2.5438558370   -2.4562082560   -0.0181056859 
    555       Ti               -2.5052115501    2.4975194594   -0.9973499531 
    556       Ti                0.4960276592    3.5027514648   -0.9987254755 
    557       Ti               -2.5004643750   -2.5027362861   -0.9963419479 
    558       Ti               -0.4998007909   -3.5028615296   -0.9988196638 
    559       Ti               -3.5039723408   -0.4972485352   -0.9987254755 
    560       Ti                2.5033397832   -2.5021556226   -0.9975147947 
    561       Ti               -3.5072520828    0.5026137506   -1.0031264874 
    562       O                -0.4784585657    3.5193163104   -1.5044254233 
    563       O                -0.4797125293    3.5202065636   -0.4901492064 
    564       O                 3.5202874707   -0.4797934364   -0.4901492064 
    565       O                 3.5215414343   -0.4806836896   -1.5044254233 
    566       O                 0.5199390027    3.5198242564   -1.5030671321 
    567       O                 0.5202730878    3.5202565697   -0.4901955726 
    568       O                 3.5203282233    0.5202154800   -0.4901873000 
    569       O                 3.5209325703    0.5203815898   -1.5058198320 
    570       O                 2.5202189120    2.5201812390   -0.4901619677 
    571       O                 2.5221424087    2.5243783417   -1.4963606229 
    572       O                -3.4865866536    0.7610814203   -2.5828309323 
    573       Ti               -0.4540056015    3.5415540363   -1.9779199090 
    574       Ti               -0.4561897735    3.5437941955   -0.0181705164 
    575       Ti                3.5438102265   -0.4562058045   -0.0181705164 
    576       Ba               -1.9727118596   -2.9793808713   -1.5085547667 
    577       Ba               -1.9780514160   -2.9781475670   -0.4742699287 
    578       Ba               -2.9781260770   -1.9781370760   -0.4742744578 
    579       Ti                3.5459943985   -0.4584459637   -1.9779199090 
    580       Ti                3.5435260435    0.5457143580   -1.9779160385 
    581       Ti                0.5438122313    3.5438153409   -0.0181245158 
    582       Ti                3.5438605506    0.5437497504   -0.0180926708 
    583       Ti                0.5468757556    3.5438158065   -1.9778696763 
    584       Ba               -2.9864890784   -1.9876926516   -1.5153518686 
    585       Ti                2.5406918569    2.5459309472   -1.9691468525 
    586       Ti                2.5438192850    2.5437629170   -0.0181928108 
    587       Ba               -2.9781260770    2.0218629240   -0.4742744578 
    588       Ba                2.0219485840   -2.9781475670   -0.4742699287 
    589       O                -0.9595091891   -3.4700349137   -0.9981358789 
    590       O                -3.4706710517   -0.9572859354   -0.9968977490 
    591       Ba               -2.9864890784    2.0123073484   -1.5153518686 
    592       Ba                2.0272881404   -2.9793808713   -1.5085547667 
    593       Ba               -1.9780850800    3.0218365660   -0.4742322809 
    594       Ba                3.0218903845   -1.9781567190   -0.4742858983 
    595       Ba                3.0228748547   -1.9781037135   -1.5150713542 
    596       Ba               -1.9798830065    3.0238200960   -1.5124923914 
    597       O                -3.4728701033    1.0282711694   -0.9859803943 
    598       O                 1.0410681778   -3.4720678642   -0.9950509940 
    599       O                 0.9935658854   -3.4865721250   -1.9874678013 
    600       O                -3.4842062875    1.0109463487   -1.9502507467 
    601       O                -3.4957982174    0.9921089299    0.0126226176 
    602       O                 0.9922601785   -3.4959617400    0.0125907157 
    603       O                 3.4973241001    0.9920597888   -2.0117774505 
    604       Ba                2.0219149200    3.0218365660   -0.4742322809 
    605       Ba                3.0218903845    2.0218432810   -0.4742858983 
    606       O                -3.4917411492   -1.0146575905   -2.0098282484 
    607       Ba                2.0201169935    3.0238200960   -1.5124923914 
    608       Ba                3.0228748547    2.0218962865   -1.5150713542 
    609       O                -3.4958894454   -1.0077960360    0.0126134930 
    610       O                -1.0077772090   -3.4959728739    0.0125991717 
    611       O                 0.9975108053    3.4998753685   -2.0030511348 
    612       O                -1.0085818952   -3.4992300816   -2.0095913714 
    613       O                 3.5041081964    0.9921187873    0.0126296975 
    614       O                 0.9921693646    3.5040980292    0.0126110341 
    615       O                -1.0077752380    3.5040451942    0.0126267195 
    616       O                 3.5041061539   -1.0079098840    0.0126497645 
    617       O                -1.0092682434    3.5037118227   -2.0078918541 
    618       O                 3.5064940234   -1.0120109257   -2.0094338216 
    619       O                -0.9584781787    3.5312159659   -0.9975105773 
    620       O                 3.5326221741   -0.9587617777   -0.9976858760 
    621       O                 3.5270005663    1.0381391051   -0.9979221269 
    622       O                 1.0382887940    3.5318611792   -0.9956806141 
    623       O                -3.4105499595    1.4008101488   -2.5225294658 
    624       Ti               -3.4514286027   -1.4617644158   -1.9767981729 
    625       Ti               -3.4561465024   -1.4561678360   -0.0180902847 
    626       Ti               -1.4561445750   -3.4562430801   -0.0181160046 
    627       Ti               -1.4569361571   -3.4576953430   -1.9767109356 
    628       Ti               -3.4242612513    1.5365635511   -2.0546826342 
    629       Ti                1.5408787580   -3.4421473097   -1.9687496509 
    630       O                -3.4796084687   -1.4796771970   -0.4901805010 
    631       O                -1.4796800250   -3.4798136645   -0.4901844121 
    632       O                -3.4787007697   -1.4829846579   -1.5019853233 
    633       H                -3.5608035116    1.2756234408   -3.5319650626 
    634       O                -1.4779712341   -3.4818131933   -1.5015611974 
    635       Ti               -3.4561632135    1.5437781810   -0.0181693634 
    636       Ti                1.5438454070   -3.4562190838   -0.0181321814 
    637       C                -3.5703535645    1.2608274956   -3.2594412781 
    638       O                -3.4796596340    1.5202741550   -0.4901648431 
    639       O                 1.5203966930   -3.4796984055   -0.4902173388 
    640       O                -3.4816848634    1.5251515166   -1.4690183107 
    641       O                 1.5236292820   -3.4828630528   -1.4938765340 
    642       Ti                1.4954438272    3.4999512950   -0.9980904930 
    643       Ti               -1.5012365460    3.4986363488   -0.9987497255 
    644       H                -3.7119234924    0.8498737874   -2.5616460297 
    645       Ti                1.4969591126   -3.5025940671   -0.9985148395 
    646       Ti                3.5030916132    1.4960220977   -0.9985865531 
    647       Ti               -1.4991486184   -3.5037445164   -0.9986153397 
    648       Ti                3.5016260674   -1.5046117557   -0.9995062397 
    649       Ti               -3.5073035619    1.4947607095   -1.0079941839 
    650       Ti               -3.5036228323   -1.5039049788   -0.9982825941 
    651       O                -1.4796865810    3.5202145837   -0.4901580709 
    652       O                 3.5203047455   -1.4797877280   -0.4901695890 
    653       O                -1.4777094325    3.5218442312   -1.4996190318 
    654       O                 3.5231592128   -1.4790748368   -1.5010392633 
    655       H                -2.9850241019   -2.3991688844   -3.1323650516 
    656       Ti               -1.4578793034    3.5417353425   -1.9741692878 
    657       O                 3.5162239832    1.5200835999   -1.5022230284 
    658       Ti               -1.4561510790    3.5437894227   -0.0180737063 
    659       Ti                3.5438814130   -1.4562631120   -0.0180923663 
    660       O                 1.5195274569    3.5201983565   -1.4941232568 
    661       O                 3.5203027034    1.5202551540   -0.4901703337 
    662       O                 1.5203668130    3.5202990224   -0.4901684370 
    663       Ti                3.5483806823   -1.4619704798   -1.9744047330 
    664       O                -2.4648334671   -2.9622554626   -0.9930660405 
    665       O                -2.9564819745   -2.4722955435   -0.9908094825 
    666       Ti                3.5391047482    1.5454057111   -1.9782910496 
    667       H                -2.7149081497   -2.7480024667   -3.1401902552 
    668       Ti                1.5388991031    3.5452847209   -1.9677867451 
    669       Ti                3.5438318865    1.5437680350   -0.0182044679 
    670       Ti                1.5438256820    3.5438063181   -0.0181979960 
    671       O                -2.9857963720   -2.4882875430   -1.9743258060 
    672       O                 2.9857057195   -2.4933216715   -2.0109775197 
    673       O                -2.4845177072   -2.9968219236   -1.9669180438 
    674       O                -2.4957896300    2.9889743686   -1.9945947470 
    675       O                -2.4958563720    2.9921473660    0.0126236765 
    676       O                 2.9922266000   -2.4959652340    0.0126230257 
    677       O                -2.9627302970    2.5309366385   -0.9944319207 
    678       O                 2.5345589147   -2.9608269535   -0.9965905981 
    679       O                 2.9875855844    2.5076393931   -2.0037420406 
    680       O                 2.9921988390    2.5040048800    0.0125708124 
    681       O                 2.5041439170    2.9921609780    0.0126413047 
    682       O                 2.5005204167    2.9966079233   -2.0024093884 
    683       O                -3.0015327287    2.5002479078   -2.0017759664 
    684       O                -3.0077906376   -2.4959112760    0.0126750900 
    685       O                -2.4959045000   -3.0078543567    0.0126097908 
    686       O                -3.0077959918    2.5041221780    0.0126864679 
    687       O                 2.5041354910   -3.0078910130    0.0125973078 
    688       O                 3.0393377904   -2.4668586241   -0.9944553026 
    689       O                 2.5055045458   -3.0111113975   -2.0058885130 
    690       O                -2.4704124817    3.0402502937   -0.9935314818 
    691       H                -3.6161984814    1.5106294314   -3.1618031651 
    692       H                -3.7826684675    1.1029843135   -3.1938666155 
    693       H                -2.9419216842   -2.6349341402   -3.5031106575 
    694       O                 2.5331015662    3.0402706612   -0.9954201815 
    695       O                 3.0420423156    2.5318583461   -0.9967367085 
    696       C                -2.9523634749   -2.6510886640   -3.2308043225 
    697       Ba               -3.9743581843    0.0253911362   -1.5243696991 
    698       Ba                0.0256418157   -3.9746088638   -1.5243696991 
    699       Ba               -3.9781093203    0.0218411252   -0.4742883436 
    700       Ba                0.0218906797   -3.9781588748   -0.4742883436 
    701       O                -1.9561705684   -3.4710117254   -0.9953480542 
    702       O                -3.4731574239   -1.9579315938   -0.9892067330 
    703       O                -0.4692816826   -3.9603206879   -0.9993195657 
    704       O                -3.9624226285   -0.4669678916   -0.9982992810 
    705       O                 0.5286163341   -3.9625814388   -0.9929508611 
    706       O                -3.9671596598    0.5295596818   -0.9957397174 
    707       O                -3.4854890710    1.9850088492   -2.0152606352 
    708       O                 1.9877233301   -3.4930245102   -2.0060312235 
    709       O                 0.5097301601    3.9875946615   -2.0097390142 
    710       O                -0.4921989383    3.9903685981   -2.0102199666 
    711       O                -0.4958927796    3.9921761280    0.0125774613 
    712       O                 3.9922054440   -0.4958820525    0.0126477278 
    713       O                -3.4958628875    1.9921555200    0.0126198498 
    714       O                 1.9922045320   -3.4959419079    0.0126351910 
    715       O                 0.5041492048    3.9922021653    0.0125552850 
    716       O                 3.9922351483    0.5040780148    0.0126164273 
    717       O                 3.9940287906   -0.4988689234   -2.0090808271 
    718       O                -3.4854890710   -2.0149911508   -2.0152606352 
    719       O                 3.9940282059    0.5164707915   -2.0152897258 
    720       O                 2.0438294316   -3.4710117254   -0.9953480542 
    721       O                -3.4731574239    2.0420684062   -0.9892067330 
    722       O                 1.9888066616    3.5042294817   -2.0014195547 
    723       O                 3.4998696349    1.9987943336   -2.0042579411 
    724       O                 1.9921861450    3.5040754267    0.0126477167 
    725       O                 3.5041179662    1.9921461840    0.0126353719 
    726       O                -2.0122766699   -3.4930245102   -2.0060312235 
    727       O                -3.4958628875   -2.0078444800    0.0126198498 
    728       O                -2.0077954680   -3.4959419079    0.0126351910 
    729       O                 3.4998696349   -2.0012056664   -2.0042579411 
    730       O                -1.9582849767    3.5307776354   -0.9962137833 
    731       O                -2.0078138550    3.5040754267    0.0126477167 
    732       O                 3.5041179662   -2.0078538160    0.0126353719 
    733       O                 3.5318802033   -1.9599972440   -0.9983053985 
    734       O                -2.0111933384    3.5042294817   -2.0014195547 
    735       O                 2.0417150233    3.5307776354   -0.9962137833 
    736       O                 3.5318802033    2.0400027560   -0.9983053985 
    737       Ba               -3.9754097353   -0.9801610659   -1.5190385490 
    738       Ba               -3.9781177232   -0.9781417256   -0.4742421684 
    739       Ba               -0.9780955508   -3.9781900790   -0.4742858097 
    740       Ba               -0.9765158186   -3.9791290301   -1.5197999007 
    741       Ba                1.0158212683   -3.9741671469   -1.5143231353 
    742       Ba               -3.9780976443    1.0218197410   -0.4742031468 
    743       Ba                1.0219135920   -3.9781815855   -0.4742871470 
    744       Ba               -3.9780828516    1.0283519883   -1.5165441106 
    745       O                -2.8837206227   -3.0020972741   -2.5568548882 
    746       Ba               -2.9780786440   -2.9781423980   -0.4742084602 
    747       Ba               -2.9834836085   -2.9734778000   -1.5013497923 
    748       Ti               -3.4242612513   -2.4634364489   -2.0546826342 
    749       O                -1.4659868484   -3.9617459919   -0.9958602612 
    750       O                -3.9619391927   -1.4673988736   -0.9969684830 
    751       Ti               -2.4591212420   -3.4421473097   -1.9687496509 
    752       Ti               -3.4561632135   -2.4562218190   -0.0181693634 
    753       Ti               -2.4561545930   -3.4562190838   -0.0181321814 
    754       Ba                3.0213548813   -2.9773467475   -1.5186752654 
    755       Ba               -2.9780584400    3.0218553443   -0.4742883464 
    756       Ba                3.0218985905   -2.9781770790   -0.4742480671 
    757       Ba               -2.9812867764    3.0206486774   -1.5129327908 
    758       O                 1.5327871741   -3.9624858173   -0.9930339563 
    759       O                 3.9788250651    1.5032922667   -2.0112616771 
    760       O                -3.9728238548    1.5278871802   -0.9863113761 
    761       O                -1.4984404619    3.9904528535   -2.0080471284 
    762       O                -1.4958823760    3.9921456433    0.0126288852 
    763       O                 3.9922674989   -1.4959226870    0.0126196328 
    764       O                 1.5013546207    3.9908619708   -1.9940333526 
    765       O                 1.5041044870    3.9921972133    0.0125895471 
    766       O                 3.9922318897    1.5040621640    0.0126302373 
    767       O                 3.9970318192   -1.5000111364   -2.0041424642 
    768       O                -3.4816848634   -2.4748484834   -1.4690183107 
    769       O                -2.4796033070   -3.4796984055   -0.4902173388 
    770       O                -3.4796596340   -2.4797258450   -0.4901648431 
    771       Ba                3.0219113146    3.0218039496   -0.4742029931 
    772       O                -2.4763707180   -3.4828630528   -1.4938765340 
    773       Ba                3.0248108904    3.0214197646   -1.5177455691 
    774       Ti               -3.4514286027    2.5382355842   -1.9767981729 
    775       O                -3.4105499595   -2.5991898512   -2.5225294658 
    776       Ti               -3.4561465024    2.5438321640   -0.0180902847 
    777       Ti                2.5438554250   -3.4562430801   -0.0181160046 
    778       Ti                2.5430638429   -3.4576953430   -1.9767109356 
    779       O                -3.4787007697    2.5170153421   -1.5019853233 
    780       O                -3.4796084687    2.5203228030   -0.4901805010 
    781       O                 2.5203199750   -3.4798136645   -0.4901844121 
    782       O                 2.5220287659   -3.4818131933   -1.5015611974 
    783       Ti                2.4987634540    3.4986363488   -0.9987497255 
    784       Ti                3.5016260674    2.4953882443   -0.9995062397 
    785       Ti               -3.5036228323    2.4960950212   -0.9982825941 
    786       O                 3.5162239832   -2.4799164001   -1.5022230284 
    787       Ti               -2.5045561728    3.4999512950   -0.9980904930 
    788       Ti                2.5008513816   -3.5037445164   -0.9986153397 
    789       Ti               -2.5030408874   -3.5025940671   -0.9985148395 
    790       O                -2.4796331870    3.5202990224   -0.4901684370 
    791       Ti                3.5030916132   -2.5039779023   -0.9985865531 
    792       O                 3.5203027034   -2.4797448460   -0.4901703337 
    793       O                -2.4804725431    3.5201983565   -1.4941232568 
    794       Ti                3.5391047482   -2.4545942889   -1.9782910496 
    795       Ti               -3.5073035619   -2.5052392905   -1.0079941839 
    796       Ti               -2.4561743180    3.5438063181   -0.0181979960 
    797       Ti                3.5438318865   -2.4562319650   -0.0182044679 
    798       Ti               -2.4611008969    3.5452847209   -1.9677867451 
    799       O                 2.5203134190    3.5202145837   -0.4901580709 
    800       O                 3.5203047455    2.5202122720   -0.4901695890 
    801       O                 2.5222905675    3.5218442312   -1.4996190318 
    802       O                 3.5231592128    2.5209251632   -1.5010392633 
    803       C                -3.2410593797   -2.8809530544   -3.1306835954 
    804       P                -3.2256339655   -2.9140846113   -2.6729296636 
    805       Ti                2.5421206966    3.5417353425   -1.9741692878 
    806       Ti                2.5438489210    3.5437894227   -0.0180737063 
    807       Ti                3.5438814130    2.5437368880   -0.0180923663 
    808       Ti                3.5483806823    2.5380295202   -1.9744047330 
    809       H                -3.6161984814   -2.4893705686   -3.1618031651 
    810       Ba               -3.9682514508   -1.9914447926   -1.5270967277 
    811       Ba               -1.9799436691   -3.9768827347   -1.5177171025 
    812       Ba               -3.9780778214   -1.9781248560   -0.4743105227 
    813       Ba               -1.9780394220   -3.9781578785   -0.4743139844 
    814       Ba               -3.9682514508    2.0085552074   -1.5270967277 
    815       H                -2.9493225113   -3.3380188737   -3.1698138541 
    816       Ba                2.0200563309   -3.9768827347   -1.5177171025 
    817       Ba               -3.9780778214    2.0218751440   -0.4743105227 
    818       Ba                2.0219605780   -3.9781578785   -0.4743139844 
    819       H                -3.5608035116   -2.7243765592   -3.5319650626 
    820       C                -3.5703535645   -2.7391725044   -3.2594412781 
    821       H                -3.1599718173   -3.2206044056   -3.5396416516 
    822       C                -3.1804143705   -3.2329377126   -3.2678488187 
    823       O                -2.9589318222   -3.4720678642   -0.9950509940 
    824       O                -3.4728701033   -2.9717288306   -0.9859803943 
    825       O                -3.4842062875   -2.9890536513   -1.9502507467 
    826       O                -3.4917411492    2.9853424095   -2.0098282484 
    827       O                -3.4958894454    2.9922039640    0.0126134930 
    828       O                 2.9922227910   -3.4959728739    0.0125991717 
    829       O                 2.9914181048   -3.4992300816   -2.0095913714 
    830       O                -3.0064341146   -3.4865721250   -1.9874678013 
    831       O                 3.5270005663   -2.9618608949   -0.9979221269 
    832       O                 2.9907317566    3.5037118227   -2.0078918541 
    833       O                 3.5064940234    2.9879890743   -2.0094338216 
    834       O                 3.5041061539    2.9920901160    0.0126497645 
    835       O                 2.9922247620    3.5040451942    0.0126267195 
    836       O                -2.9617112060    3.5318611792   -0.9956806141 
    837       O                -3.0024891947    3.4998753685   -2.0030511348 
    838       O                -3.4957982174   -3.0078910701    0.0126226176 
    839       O                -3.0077398215   -3.4959617400    0.0125907157 
    840       O                 3.4973241001   -3.0079402112   -2.0117774505 
    841       O                 3.0404908109   -3.4700349137   -0.9981358789 
    842       O                -3.4706710517    3.0427140646   -0.9968977490 
    843       O                -3.0078306354    3.5040980292    0.0126110341 
    844       O                 3.5041081964   -3.0078812127    0.0126296975 
    845       O                 3.0415218213    3.5312159659   -0.9975105773 
    846       O                 3.5326221741    3.0412382223   -0.9976858760 
    847       O                -2.4672128259   -3.9624858173   -0.9930339563 
    848       O                -3.9728238548   -2.4721128198   -0.9863113761 
    849       O                 3.9788250651   -2.4967077333   -2.0112616771 
    850       O                -3.9619391927    2.5326011264   -0.9969684830 
    851       O                 2.5340131516   -3.9617459919   -0.9958602612 
    852       O                -2.4958955130    3.9921972133    0.0125895471 
    853       O                 3.9922318897   -2.4959378360    0.0126302373 
    854       O                -2.4986453793    3.9908619708   -1.9940333526 
    855       O                 2.5015595381    3.9904528535   -2.0080471284 
    856       O                 2.5041176240    3.9921456433    0.0126288852 
    857       O                 3.9922674989    2.5040773130    0.0126196328 
    858       O                 3.9970318192    2.4999888636   -2.0041424642 
    859       O                -3.4865866536   -3.2389185797   -2.5828309323 
    860       H                -3.7826684675   -2.8970156865   -3.1938666155 
    861       H                -3.3843952399   -3.4016553620   -3.2049598786 
    862       Ti               -3.4492549273   -3.4347178371   -1.9908141196 
    863       H                -3.7119234924   -3.1501262126   -2.5616460297 
    864       Ti               -3.4561220445   -3.4562856215   -0.0182310321 
    865       O                -3.4796214862   -3.4797443614   -0.4902156894 
    866       O                -3.4854697096   -3.4866545181   -1.4970705564 
    867       Ti                3.4998515114    3.4976753894   -0.9993410185 
    868       Ti               -3.4531242444    3.5438158065   -1.9778696763 
    869       Ti                3.5435260435   -3.4542856420   -1.9779160385 
    870       O                -3.4800609973    3.5198242564   -1.5030671321 
    871       O                -3.4797269122    3.5202565697   -0.4901955726 
    872       O                 3.5203282233   -3.4797845200   -0.4901873000 
    873       Ti               -3.4561877687    3.5438153409   -0.0181245158 
    874       Ti                3.5438605506   -3.4562502496   -0.0180926708 
    875       O                 3.5209325703   -3.4796184102   -1.5058198320 
    876       Ti                3.5001992091   -3.5028615296   -0.9988196638 
    877       Ti               -3.5072520828   -3.4973862494   -1.0031264874 
    878       Ti               -3.5039723408    3.5027514648   -0.9987254755 
    879       Ba               -3.9780828516   -2.9716480117   -1.5165441106 
    880       Ba               -3.9780976443   -2.9781802590   -0.4742031468 
    881       Ba               -2.9780864080   -3.9781815855   -0.4742871470 
    882       Ba               -2.9841787317   -3.9741671469   -1.5143231353 
    883       O                 3.5202874707    3.5202065636   -0.4901492064 
    884       O                 3.5215414343    3.5193163104   -1.5044254233 
    885       Ba               -3.9754097353    3.0198389341   -1.5190385490 
    886       Ba               -3.9781177232    3.0218582744   -0.4742421684 
    887       Ba                3.0219044492   -3.9781900790   -0.4742858097 
    888       Ba                3.0234841814   -3.9791290301   -1.5197999007 
    889       Ti                3.5459943985    3.5415540363   -1.9779199090 
    890       Ti                3.5438102265    3.5437941955   -0.0181705164 
    891       O                -3.4713836659   -3.9625814388   -0.9929508611 
    892       O                -3.9671596598   -3.4704403182   -0.9957397174 
    893       O                -3.4902698399    3.9875946615   -2.0097390142 
    894       O                 3.9940282059   -3.4835292085   -2.0152897258 
    895       O                 3.5307183174   -3.9603206879   -0.9993195657 
    896       O                -3.4958507952    3.9922021653    0.0125552850 
    897       O                 3.9922351483   -3.4959219852    0.0126164273 
    898       O                -3.9624226285    3.5330321084   -0.9982992810 
    899       O                 3.9940287906    3.5011310766   -2.0090808271 
    900       O                 3.5041072204    3.9921761280    0.0125774613 
    901       O                 3.9922054440    3.5041179475    0.0126477278 
    902       O                 3.5078010617    3.9903685981   -2.0102199666 
    903       Ba               -3.9743581843   -3.9746088638   -1.5243696991 
    904       Ba               -3.9781093203   -3.9781588748   -0.4742883436 
