primitive lattice vectors  3  3  1
  3.00000000  0.00000000  0.00000000
  0.00000000  3.00000000  0.00000000
  0.00000000  0.00000000 80.00000000
number of atoms in unit cell
126
atom, type, position vector
      1       Ba                0.0000000000    0.0000000000   -0.5037462655 
      2       Ba                0.0000298788   -0.0076077536   -1.4867776442 
      3       H                 0.0000249160   -0.4866905210   -2.3130431233 
      4       O                 0.0000179304   -0.4975296063   -2.0708912399 
      5       O                 0.0000199801    0.4987212243   -1.0212544576 
      6       O                 0.5000000000    0.0000000000    0.0000002457 
      7       O                 0.0000000000    0.5000000000    0.0000002457 
      8       O                 0.5000264553   -0.0019150648   -1.0155952534 
      9       O                -0.4999735447   -0.0019150648   -1.0155952534 
     10       O                 0.0000000000   -0.5000000000    0.0000002457 
     11       O                -0.5000000000    0.0000000000    0.0000002457 
     12       O                 0.5000193513    0.0093385916   -2.0457003790 
     13       O                -0.4999806487    0.0093385916   -2.0457003790 
     14       O                 0.0000199801   -0.5012787757   -1.0212544576 
     15       O                 0.0000179304    0.5024703937   -2.0708912399 
     16       H                 0.0000249160    0.5133094790   -2.3130431233 
     17       Ti                0.5000231403    0.4704436613   -1.9820972982 
     18       Ti               -0.4999768597    0.4704436613   -1.9820972982 
     19       O                -0.4999486267    0.4957351748   -1.5348961537 
     20       O                 0.5000513733    0.4957351748   -1.5348961537 
     21       Ti                0.5000183674    0.4969952205   -0.9793815258 
     22       Ti               -0.4999816326    0.4969952205   -0.9793815258 
     23       Ti                0.5000000000    0.5000000000    0.0000000000 
     24       O                 0.5000000000    0.5000000000   -0.5005608276 
     25       Ti                0.5000000000   -0.5000000000    0.0000000000 
     26       O                 0.5000000000   -0.5000000000   -0.5005608276 
     27       Ti               -0.5000000000    0.5000000000    0.0000000000 
     28       O                -0.5000000000    0.5000000000   -0.5005608276 
     29       Ti               -0.5000000000   -0.5000000000    0.0000000000 
     30       O                -0.5000000000   -0.5000000000   -0.5005608276 
     31       Ti                0.5000183674   -0.5030047795   -0.9793815258 
     32       Ti               -0.4999816326   -0.5030047795   -0.9793815258 
     33       O                -0.4999486267   -0.5042648252   -1.5348961537 
     34       O                 0.5000513733   -0.5042648252   -1.5348961537 
     35       Ti                0.5000231403   -0.5295563387   -1.9820972982 
     36       Ti               -0.4999768597   -0.5295563387   -1.9820972982 
     37       Ba                0.0000298788    0.9923922464   -1.4867776442 
     38       Ba                1.0000000000    0.0000000000   -0.5037462655 
     39       Ba                0.0000000000    1.0000000000   -0.5037462655 
     40       Ba                1.0000298788   -0.0076077536   -1.4867776442 
     41       Ba                0.0000000000   -1.0000000000   -0.5037462655 
     42       Ba               -0.9999701212   -0.0076077536   -1.4867776442 
     43       Ba               -1.0000000000    0.0000000000   -0.5037462655 
     44       Ba                0.0000298788   -1.0076077536   -1.4867776442 
     45       O                 0.5000193513   -0.9906614084   -2.0457003790 
     46       O                -0.4999806487   -0.9906614084   -2.0457003790 
     47       H                 1.0000249160   -0.4866905210   -2.3130431233 
     48       H                -0.9999750840   -0.4866905210   -2.3130431233 
     49       O                 0.5000264553    0.9980849352   -1.0155952534 
     50       O                -0.4999735447    0.9980849352   -1.0155952534 
     51       O                 1.0000179304   -0.4975296063   -2.0708912399 
     52       O                -0.9999820696   -0.4975296063   -2.0708912399 
     53       O                 1.0000199801    0.4987212243   -1.0212544576 
     54       O                -0.9999800199    0.4987212243   -1.0212544576 
     55       O                 1.0000000000    0.5000000000    0.0000002457 
     56       O                 0.5000000000    1.0000000000    0.0000002457 
     57       O                 1.0000000000   -0.5000000000    0.0000002457 
     58       O                -0.5000000000    1.0000000000    0.0000002457 
     59       O                 0.5000000000   -1.0000000000    0.0000002457 
     60       O                -1.0000000000    0.5000000000    0.0000002457 
     61       O                -0.5000000000   -1.0000000000    0.0000002457 
     62       O                -1.0000000000   -0.5000000000    0.0000002457 
     63       O                 1.0000199801   -0.5012787757   -1.0212544576 
     64       O                -0.9999800199   -0.5012787757   -1.0212544576 
     65       O                 1.0000179304    0.5024703937   -2.0708912399 
     66       O                -0.9999820696    0.5024703937   -2.0708912399 
     67       O                 0.5000264553   -1.0019150648   -1.0155952534 
     68       O                -0.4999735447   -1.0019150648   -1.0155952534 
     69       H                 1.0000249160    0.5133094790   -2.3130431233 
     70       H                -0.9999750840    0.5133094790   -2.3130431233 
     71       O                 0.5000193513    1.0093385916   -2.0457003790 
     72       O                -0.4999806487    1.0093385916   -2.0457003790 
     73       Ba                1.0000298788    0.9923922464   -1.4867776442 
     74       Ba               -0.9999701212    0.9923922464   -1.4867776442 
     75       Ba                1.0000000000    1.0000000000   -0.5037462655 
     76       Ba                1.0000000000   -1.0000000000   -0.5037462655 
     77       Ba               -1.0000000000    1.0000000000   -0.5037462655 
     78       Ba               -1.0000000000   -1.0000000000   -0.5037462655 
     79       Ba                1.0000298788   -1.0076077536   -1.4867776442 
     80       Ba               -0.9999701212   -1.0076077536   -1.4867776442 
     81       H                 0.0000249160   -1.4866905210   -2.3130431233 
     82       O                 0.0000179304   -1.4975296063   -2.0708912399 
     83       O                 0.0000199801    1.4987212243   -1.0212544576 
     84       O                 1.5000000000    0.0000000000    0.0000002457 
     85       O                 0.0000000000    1.5000000000    0.0000002457 
     86       O                 1.5000264553   -0.0019150648   -1.0155952534 
     87       O                 1.5000193513    0.0093385916   -2.0457003790 
     88       Ti                0.5000231403    1.4704436613   -1.9820972982 
     89       Ti               -0.4999768597    1.4704436613   -1.9820972982 
     90       Ti                1.5000231403    0.4704436613   -1.9820972982 
     91       O                -0.4999486267    1.4957351748   -1.5348961537 
     92       O                 0.5000513733    1.4957351748   -1.5348961537 
     93       Ti                0.5000183674    1.4969952205   -0.9793815258 
     94       Ti               -0.4999816326    1.4969952205   -0.9793815258 
     95       O                -1.4999486267    0.4957351748   -1.5348961537 
     96       Ti                1.5000183674    0.4969952205   -0.9793815258 
     97       Ti                1.5000000000    0.5000000000    0.0000000000 
     98       O                 1.5000000000    0.5000000000   -0.5005608276 
     99       Ti                0.5000000000    1.5000000000    0.0000000000 
    100       O                 0.5000000000    1.5000000000   -0.5005608276 
    101       Ti                1.5000000000   -0.5000000000    0.0000000000 
    102       O                 1.5000000000   -0.5000000000   -0.5005608276 
    103       Ti               -0.5000000000    1.5000000000    0.0000000000 
    104       O                -0.5000000000    1.5000000000   -0.5005608276 
    105       Ti                1.5000183674   -0.5030047795   -0.9793815258 
    106       O                -1.4999486267   -0.5042648252   -1.5348961537 
    107       Ti                1.5000231403   -0.5295563387   -1.9820972982 
    108       H                 1.0000249160   -1.4866905210   -2.3130431233 
    109       H                -0.9999750840   -1.4866905210   -2.3130431233 
    110       O                 1.5000193513   -0.9906614084   -2.0457003790 
    111       O                 1.0000179304   -1.4975296063   -2.0708912399 
    112       O                -0.9999820696   -1.4975296063   -2.0708912399 
    113       O                 1.0000199801    1.4987212243   -1.0212544576 
    114       O                 1.5000264553    0.9980849352   -1.0155952534 
    115       O                -0.9999800199    1.4987212243   -1.0212544576 
    116       O                 1.5000000000    1.0000000000    0.0000002457 
    117       O                 1.0000000000    1.5000000000    0.0000002457 
    118       O                 1.5000000000   -1.0000000000    0.0000002457 
    119       O                -1.0000000000    1.5000000000    0.0000002457 
    120       O                 1.5000264553   -1.0019150648   -1.0155952534 
    121       O                 1.5000193513    1.0093385916   -2.0457003790 
    122       Ti                1.5000231403    1.4704436613   -1.9820972982 
    123       O                -1.4999486267    1.4957351748   -1.5348961537 
    124       Ti                1.5000183674    1.4969952205   -0.9793815258 
    125       Ti                1.5000000000    1.5000000000    0.0000000000 
    126       O                 1.5000000000    1.5000000000   -0.5005608276 
