126
5x1x1 with H; all BTO fixed; slab for visualization
Ba   0   0   -6.154481078
Ba   0   0   -2.03146445
O   2.016356834   0   -8.053885523
O   2.016356834   0   -4.027872779
O   2.016356834   0   0.0000009908377482
H   0.000002246624784   2.016356834   -9.039236948
O   0   2.016356834   -8.053885523
O   0   2.016356834   -4.027872779
O   0   2.016356834   0.0000009908377482
H   0.000002246624784   -2.016356834   -9.039236948
O   0   -2.016356834   -8.053885523
O   0   -2.016356834   -4.027872779
O   0   -2.016356834   0.0000009908377482
O   -2.016356834   0   -8.053885523
O   -2.016356834   0   -4.027872779
O   -2.016356834   0   0.0000009908377482
Ti   2.016356834   2.016356834   -7.946451174
Ti   2.016356834   2.016356834   -4.010838933
O   2.016356834   2.016356834   -6.065606755
Ti   2.016356834   2.016356834   0
O   2.016356834   2.016356834   -2.018618491
Ti   2.016356834   -2.016356834   -7.946451174
Ti   2.016356834   -2.016356834   -4.010838933
O   2.016356834   -2.016356834   -6.065606755
Ti   2.016356834   -2.016356834   0
O   2.016356834   -2.016356834   -2.018618491
Ti   -2.016356834   2.016356834   -7.946451174
Ti   -2.016356834   2.016356834   -4.010838933
O   -2.016356834   2.016356834   -6.065606755
Ti   -2.016356834   2.016356834   0
O   -2.016356834   2.016356834   -2.018618491
Ti   -2.016356834   -2.016356834   -7.946451174
Ti   -2.016356834   -2.016356834   -4.010838933
O   -2.016356834   -2.016356834   -6.065606755
Ti   -2.016356834   -2.016356834   0
O   -2.016356834   -2.016356834   -2.018618491
Ba   4.032713668   0   -6.154481078
Ba   4.032713668   0   -2.03146445
Ba   0   4.032713668   -6.154481078
Ba   0   4.032713668   -2.03146445
Ba   0   -4.032713668   -6.154481078
Ba   0   -4.032713668   -2.03146445
Ba   -4.032713668   0   -6.154481078
Ba   -4.032713668   0   -2.03146445
O   4.032713668   2.016356834   -8.053885523
O   4.032713668   2.016356834   -4.027872779
O   4.032713668   2.016356834   0.0000009908377482
H   4.032715915   2.016356834   -9.039236948
O   2.016356834   4.032713668   -8.053885523
O   2.016356834   4.032713668   -4.027872779
O   2.016356834   4.032713668   0.0000009908377482
O   4.032713668   -2.016356834   -8.053885523
O   4.032713668   -2.016356834   -4.027872779
O   4.032713668   -2.016356834   0.0000009908377482
H   4.032715915   -2.016356834   -9.039236948
O   -2.016356834   4.032713668   -8.053885523
O   -2.016356834   4.032713668   -4.027872779
O   -2.016356834   4.032713668   0.0000009908377482
O   2.016356834   -4.032713668   -8.053885523
O   2.016356834   -4.032713668   -4.027872779
O   2.016356834   -4.032713668   0.0000009908377482
H   -4.032711421   2.016356834   -9.039236948
O   -4.032713668   2.016356834   -8.053885523
O   -4.032713668   2.016356834   -4.027872779
O   -4.032713668   2.016356834   0.0000009908377482
O   -2.016356834   -4.032713668   -8.053885523
O   -2.016356834   -4.032713668   -4.027872779
O   -2.016356834   -4.032713668   0.0000009908377482
H   -4.032711421   -2.016356834   -9.039236948
O   -4.032713668   -2.016356834   -8.053885523
O   -4.032713668   -2.016356834   -4.027872779
O   -4.032713668   -2.016356834   0.0000009908377482
Ba   4.032713668   4.032713668   -6.154481078
Ba   4.032713668   4.032713668   -2.03146445
Ba   4.032713668   -4.032713668   -6.154481078
Ba   4.032713668   -4.032713668   -2.03146445
Ba   -4.032713668   4.032713668   -6.154481078
Ba   -4.032713668   4.032713668   -2.03146445
Ba   -4.032713668   -4.032713668   -6.154481078
Ba   -4.032713668   -4.032713668   -2.03146445
O   6.049070502   0   -8.053885523
O   6.049070502   0   -4.027872779
O   6.049070502   0   0.0000009908377482
H   0.000002246624784   6.049070502   -9.039236948
O   0   6.049070502   -8.053885523
O   0   6.049070502   -4.027872779
O   0   6.049070502   0.0000009908377482
Ti   6.049070502   2.016356834   -7.946451174
Ti   6.049070502   2.016356834   -4.010838933
O   6.049070502   2.016356834   -6.065606755
Ti   6.049070502   2.016356834   0
O   6.049070502   2.016356834   -2.018618491
Ti   2.016356834   6.049070502   -7.946451174
Ti   2.016356834   6.049070502   -4.010838933
O   2.016356834   6.049070502   -6.065606755
Ti   2.016356834   6.049070502   0
O   2.016356834   6.049070502   -2.018618491
Ti   6.049070502   -2.016356834   -7.946451174
Ti   6.049070502   -2.016356834   -4.010838933
O   6.049070502   -2.016356834   -6.065606755
Ti   6.049070502   -2.016356834   0
O   6.049070502   -2.016356834   -2.018618491
Ti   -2.016356834   6.049070502   -7.946451174
Ti   -2.016356834   6.049070502   -4.010838933
O   -2.016356834   6.049070502   -6.065606755
Ti   -2.016356834   6.049070502   0
O   -2.016356834   6.049070502   -2.018618491
O   6.049070502   4.032713668   -8.053885523
O   6.049070502   4.032713668   -4.027872779
O   6.049070502   4.032713668   0.0000009908377482
O   4.032713668   6.049070502   -8.053885523
O   4.032713668   6.049070502   -4.027872779
O   4.032713668   6.049070502   0.0000009908377482
H   4.032715915   6.049070502   -9.039236948
O   6.049070502   -4.032713668   -8.053885523
O   6.049070502   -4.032713668   -4.027872779
O   6.049070502   -4.032713668   0.0000009908377482
H   -4.032711421   6.049070502   -9.039236948
O   -4.032713668   6.049070502   -8.053885523
O   -4.032713668   6.049070502   -4.027872779
O   -4.032713668   6.049070502   0.0000009908377482
Ti   6.049070502   6.049070502   -7.946451174
Ti   6.049070502   6.049070502   -4.010838933
O   6.049070502   6.049070502   -6.065606755
Ti   6.049070502   6.049070502   0
O   6.049070502   6.049070502   -2.018618491