primitive lattice vectors  3  3  1
  3.00000000  0.00000000  0.00000000
  0.00000000  3.00000000  0.00000000
  0.00000000  0.00000000 80.00000000
number of atoms in unit cell
126
atom, type, position vector
      1       Ba                0.0000000000    0.0000000000   -1.5261388694 
      2       Ba                0.0000000000    0.0000000000   -0.5037462655 
      3       O                 0.5000000000    0.0000000000   -1.9971379537 
      4       O                 0.5000000000    0.0000000000   -0.9987995952 
      5       O                 0.5000000000    0.0000000000    0.0000002457 
      6       H                 0.0000005571    0.5000000000   -2.2414774992 
      7       O                 0.0000000000    0.5000000000   -1.9971379537 
      8       O                 0.0000000000    0.5000000000   -0.9987995952 
      9       O                 0.0000000000    0.5000000000    0.0000002457 
     10       H                 0.0000005571   -0.5000000000   -2.2414774992 
     11       O                 0.0000000000   -0.5000000000   -1.9971379537 
     12       O                 0.0000000000   -0.5000000000   -0.9987995952 
     13       O                 0.0000000000   -0.5000000000    0.0000002457 
     14       O                -0.5000000000    0.0000000000   -1.9971379537 
     15       O                -0.5000000000    0.0000000000   -0.9987995952 
     16       O                -0.5000000000    0.0000000000    0.0000002457 
     17       Ti                0.5000000000    0.5000000000   -1.9704972452 
     18       Ti                0.5000000000    0.5000000000   -0.9945756786 
     19       O                 0.5000000000    0.5000000000   -1.5041005275 
     20       Ti                0.5000000000    0.5000000000    0.0000000000 
     21       O                 0.5000000000    0.5000000000   -0.5005608276 
     22       Ti                0.5000000000   -0.5000000000   -1.9704972452 
     23       Ti                0.5000000000   -0.5000000000   -0.9945756786 
     24       O                 0.5000000000   -0.5000000000   -1.5041005275 
     25       Ti                0.5000000000   -0.5000000000    0.0000000000 
     26       O                 0.5000000000   -0.5000000000   -0.5005608276 
     27       Ti               -0.5000000000    0.5000000000   -1.9704972452 
     28       Ti               -0.5000000000    0.5000000000   -0.9945756786 
     29       O                -0.5000000000    0.5000000000   -1.5041005275 
     30       Ti               -0.5000000000    0.5000000000    0.0000000000 
     31       O                -0.5000000000    0.5000000000   -0.5005608276 
     32       Ti               -0.5000000000   -0.5000000000   -1.9704972452 
     33       Ti               -0.5000000000   -0.5000000000   -0.9945756786 
     34       O                -0.5000000000   -0.5000000000   -1.5041005275 
     35       Ti               -0.5000000000   -0.5000000000    0.0000000000 
     36       O                -0.5000000000   -0.5000000000   -0.5005608276 
     37       Ba                1.0000000000    0.0000000000   -1.5261388694 
     38       Ba                1.0000000000    0.0000000000   -0.5037462655 
     39       Ba                0.0000000000    1.0000000000   -1.5261388694 
     40       Ba                0.0000000000    1.0000000000   -0.5037462655 
     41       Ba                0.0000000000   -1.0000000000   -1.5261388694 
     42       Ba                0.0000000000   -1.0000000000   -0.5037462655 
     43       Ba               -1.0000000000    0.0000000000   -1.5261388694 
     44       Ba               -1.0000000000    0.0000000000   -0.5037462655 
     45       O                 1.0000000000    0.5000000000   -1.9971379537 
     46       O                 1.0000000000    0.5000000000   -0.9987995952 
     47       O                 1.0000000000    0.5000000000    0.0000002457 
     48       H                 1.0000005571    0.5000000000   -2.2414774992 
     49       O                 0.5000000000    1.0000000000   -1.9971379537 
     50       O                 0.5000000000    1.0000000000   -0.9987995952 
     51       O                 0.5000000000    1.0000000000    0.0000002457 
     52       O                 1.0000000000   -0.5000000000   -1.9971379537 
     53       O                 1.0000000000   -0.5000000000   -0.9987995952 
     54       O                 1.0000000000   -0.5000000000    0.0000002457 
     55       H                 1.0000005571   -0.5000000000   -2.2414774992 
     56       O                -0.5000000000    1.0000000000   -1.9971379537 
     57       O                -0.5000000000    1.0000000000   -0.9987995952 
     58       O                -0.5000000000    1.0000000000    0.0000002457 
     59       O                 0.5000000000   -1.0000000000   -1.9971379537 
     60       O                 0.5000000000   -1.0000000000   -0.9987995952 
     61       O                 0.5000000000   -1.0000000000    0.0000002457 
     62       H                -0.9999994429    0.5000000000   -2.2414774992 
     63       O                -1.0000000000    0.5000000000   -1.9971379537 
     64       O                -1.0000000000    0.5000000000   -0.9987995952 
     65       O                -1.0000000000    0.5000000000    0.0000002457 
     66       O                -0.5000000000   -1.0000000000   -1.9971379537 
     67       O                -0.5000000000   -1.0000000000   -0.9987995952 
     68       O                -0.5000000000   -1.0000000000    0.0000002457 
     69       H                -0.9999994429   -0.5000000000   -2.2414774992 
     70       O                -1.0000000000   -0.5000000000   -1.9971379537 
     71       O                -1.0000000000   -0.5000000000   -0.9987995952 
     72       O                -1.0000000000   -0.5000000000    0.0000002457 
     73       Ba                1.0000000000    1.0000000000   -1.5261388694 
     74       Ba                1.0000000000    1.0000000000   -0.5037462655 
     75       Ba                1.0000000000   -1.0000000000   -1.5261388694 
     76       Ba                1.0000000000   -1.0000000000   -0.5037462655 
     77       Ba               -1.0000000000    1.0000000000   -1.5261388694 
     78       Ba               -1.0000000000    1.0000000000   -0.5037462655 
     79       Ba               -1.0000000000   -1.0000000000   -1.5261388694 
     80       Ba               -1.0000000000   -1.0000000000   -0.5037462655 
     81       O                 1.5000000000    0.0000000000   -1.9971379537 
     82       O                 1.5000000000    0.0000000000   -0.9987995952 
     83       O                 1.5000000000    0.0000000000    0.0000002457 
     84       H                 0.0000005571    1.5000000000   -2.2414774992 
     85       O                 0.0000000000    1.5000000000   -1.9971379537 
     86       O                 0.0000000000    1.5000000000   -0.9987995952 
     87       O                 0.0000000000    1.5000000000    0.0000002457 
     88       Ti                1.5000000000    0.5000000000   -1.9704972452 
     89       Ti                1.5000000000    0.5000000000   -0.9945756786 
     90       O                 1.5000000000    0.5000000000   -1.5041005275 
     91       Ti                1.5000000000    0.5000000000    0.0000000000 
     92       O                 1.5000000000    0.5000000000   -0.5005608276 
     93       Ti                0.5000000000    1.5000000000   -1.9704972452 
     94       Ti                0.5000000000    1.5000000000   -0.9945756786 
     95       O                 0.5000000000    1.5000000000   -1.5041005275 
     96       Ti                0.5000000000    1.5000000000    0.0000000000 
     97       O                 0.5000000000    1.5000000000   -0.5005608276 
     98       Ti                1.5000000000   -0.5000000000   -1.9704972452 
     99       Ti                1.5000000000   -0.5000000000   -0.9945756786 
    100       O                 1.5000000000   -0.5000000000   -1.5041005275 
    101       Ti                1.5000000000   -0.5000000000    0.0000000000 
    102       O                 1.5000000000   -0.5000000000   -0.5005608276 
    103       Ti               -0.5000000000    1.5000000000   -1.9704972452 
    104       Ti               -0.5000000000    1.5000000000   -0.9945756786 
    105       O                -0.5000000000    1.5000000000   -1.5041005275 
    106       Ti               -0.5000000000    1.5000000000    0.0000000000 
    107       O                -0.5000000000    1.5000000000   -0.5005608276 
    108       O                 1.5000000000    1.0000000000   -1.9971379537 
    109       O                 1.5000000000    1.0000000000   -0.9987995952 
    110       O                 1.5000000000    1.0000000000    0.0000002457 
    111       O                 1.0000000000    1.5000000000   -1.9971379537 
    112       O                 1.0000000000    1.5000000000   -0.9987995952 
    113       O                 1.0000000000    1.5000000000    0.0000002457 
    114       H                 1.0000005571    1.5000000000   -2.2414774992 
    115       O                 1.5000000000   -1.0000000000   -1.9971379537 
    116       O                 1.5000000000   -1.0000000000   -0.9987995952 
    117       O                 1.5000000000   -1.0000000000    0.0000002457 
    118       H                -0.9999994429    1.5000000000   -2.2414774992 
    119       O                -1.0000000000    1.5000000000   -1.9971379537 
    120       O                -1.0000000000    1.5000000000   -0.9987995952 
    121       O                -1.0000000000    1.5000000000    0.0000002457 
    122       Ti                1.5000000000    1.5000000000   -1.9704972452 
    123       Ti                1.5000000000    1.5000000000   -0.9945756786 
    124       O                 1.5000000000    1.5000000000   -1.5041005275 
    125       Ti                1.5000000000    1.5000000000    0.0000000000 
    126       O                 1.5000000000    1.5000000000   -0.5005608276 
