primitive lattice vectors  3  3  1
  6.00000000  0.00000000  0.00000000
  0.00000000  6.00000000  0.00000000
  0.00000000  0.00000000 80.00000000
number of atoms in unit cell
477
atom, type, position vector
      1       Ba                0.0219000177    0.0217636793   -1.5158661571 
      2       Ba                0.0220797536    0.0219967790   -0.4733152747 
      3       H                 0.0204844446    0.2975061666   -2.1351517437 
      4       O                 0.0408942876   -0.4673700364   -0.9941462870 
      5       O                -0.4673881111    0.0408709504   -0.9942614994 
      6       O                -0.0084939862   -0.4965160436    0.0120192112 
      7       O                -0.4967013070   -0.0089057014   -2.0015944944 
      8       O                -0.4968078754   -0.0086097304    0.0120308055 
      9       O                -0.0087523344   -0.4968649827   -2.0015866499 
     10       O                -0.0087210226    0.5029727619   -2.0016328432 
     11       O                 0.5033304202   -0.0088955112   -2.0015048881 
     12       O                 0.5033685019   -0.0085643463    0.0120119714 
     13       O                -0.0084168387    0.5034651071    0.0119439069 
     14       O                 0.0409565403    0.5325524287   -0.9941433935 
     15       O                 0.5327047162    0.0408934675   -0.9942341538 
     16       Ti               -0.4563328637   -0.4564349722   -0.0181825213 
     17       Ti               -0.4566571687   -0.4568210046   -1.9709002566 
     18       O                -0.4793370850   -0.4794293158   -0.4908216576 
     19       O                -0.4797518444   -0.4799046505   -1.4982827805 
     20       Ti                0.5000000000    0.5000000000   -0.9945756786 
     21       Ti                0.5000000000   -0.5000000000   -0.9945756786 
     22       Ti               -0.5000000000    0.5000000000   -0.9945756786 
     23       Ti               -0.5000000000   -0.5000000000   -0.9945756786 
     24       O                -0.4797032807    0.5201948180   -1.4982764049 
     25       O                -0.4792817451    0.5206175802   -0.4907668340 
     26       O                 0.5207680561   -0.4793255913   -0.4908129602 
     27       O                 0.5204032277   -0.4797849026   -1.4981804665 
     28       Ti               -0.4565929627    0.5432381345   -1.9709362404 
     29       Ti               -0.4562191662    0.5436127624   -0.0181840960 
     30       Ti                0.5434676508   -0.4565838458   -1.9708354459 
     31       Ti                0.5437336585   -0.4563418461   -0.0181760029 
     32       O                 0.5202442630    0.5202210823   -1.4983061554 
     33       O                 0.5206675118    0.5205579414   -0.4909183468 
     34       Ti                0.5433930647    0.5433546484   -1.9708698049 
     35       Ti                0.5436988611    0.5435006823   -0.0182565826 
     36       Ba               -0.9778988166    0.0220054514   -0.4732912267 
     37       Ba                0.0221364411   -0.9779721398   -0.4732410315 
     38       Ba               -0.9780296275    0.0219255972   -1.5159156748 
     39       Ba                0.0218553178   -0.9782027814   -1.5158551460 
     40       Ba                0.0218553178    1.0217972186   -1.5158551460 
     41       Ba                1.0219703725    0.0219255972   -1.5159156748 
     42       Ba                0.0221364411    1.0220278602   -0.4732410315 
     43       Ba                1.0221011834    0.0220054514   -0.4732912267 
     44       O                -0.9590473945   -0.4674264418   -0.9941914732 
     45       O                -0.4673721690   -0.9591201477   -0.9941706320 
     46       O                -0.9590530452    0.5326571653   -0.9942162007 
     47       O                 0.5325942999   -0.9591369617   -0.9941420686 
     48       O                -0.4967742416    0.9910728766   -2.0016930461 
     49       O                 0.9913547401   -0.4967566822   -2.0015688405 
     50       O                -0.4963943634    0.9915650057    0.0120402094 
     51       O                 0.9915076402   -0.4967286519    0.0120312590 
     52       O                 0.5032136684    0.9911838543   -2.0015898176 
     53       O                 0.9912234993    0.5033346332   -2.0016033257 
     54       O                 0.9914408564    0.5031592223    0.0120214425 
     55       O                 0.5033676054    0.9914059055    0.0120210138 
     56       O                -0.4963943634   -1.0084349943    0.0120402094 
     57       O                -1.0084923598   -0.4967286519    0.0120312590 
     58       O                -1.0086452599   -0.4967566822   -2.0015688405 
     59       O                -0.4967742416   -1.0089271234   -2.0016930461 
     60       O                -1.0085591436    0.5031592223    0.0120214425 
     61       O                 0.5033676054   -1.0085940945    0.0120210138 
     62       O                 0.5032136684   -1.0088161457   -2.0015898176 
     63       O                -1.0087765007    0.5033346332   -2.0016033257 
     64       O                -0.4673721690    1.0408798523   -0.9941706320 
     65       O                 1.0409526055   -0.4674264418   -0.9941914732 
     66       O                 0.5325942999    1.0408630383   -0.9941420686 
     67       O                 1.0409469548    0.5326571653   -0.9942162007 
     68       Ba               -0.9778429564   -0.9780043839   -0.4732291918 
     69       Ba               -0.9780768486   -0.9781914184   -1.5158116597 
     70       Ba               -0.9778429564    1.0219956161   -0.4732291918 
     71       Ba               -0.9780768486    1.0218085816   -1.5158116597 
     72       Ba                1.0219231514   -0.9781914184   -1.5158116597 
     73       Ba                1.0221570436   -0.9780043839   -0.4732291918 
     74       Ba                1.0219231514    1.0218085816   -1.5158116597 
     75       Ba                1.0221570436    1.0219956161   -0.4732291918 
     76       O                -1.4672952838    0.0408934675   -0.9942341538 
     77       O                 0.0409565403   -1.4674475713   -0.9941433935 
     78       O                -0.0084168387   -1.4965348929    0.0119439069 
     79       O                -1.4966314981   -0.0085643463    0.0120119714 
     80       O                -1.4966695798   -0.0088955112   -2.0015048881 
     81       O                -0.0087210226   -1.4970272381   -2.0016328432 
     82       O                -0.0087523344    1.5031350173   -2.0015866499 
     83       O                 1.5031921246   -0.0086097304    0.0120308055 
     84       O                 1.5032986930   -0.0089057014   -2.0015944944 
     85       O                -0.0084939862    1.5034839564    0.0120192112 
     86       Ti               -1.4562663415   -0.4563418461   -0.0181760029 
     87       Ti               -0.4562191662   -1.4563872376   -0.0181840960 
     88       Ti               -1.4565323492   -0.4565838458   -1.9708354459 
     89       Ti               -0.4565929627   -1.4567618655   -1.9709362404 
     90       O                 1.5326118889    0.0408709504   -0.9942614994 
     91       O                 0.0408942876    1.5326299636   -0.9941462870 
     92       Ti               -1.4563011389    0.5435006823   -0.0182565826 
     93       Ti               -1.4566069353    0.5433546484   -1.9708698049 
     94       Ti                0.5436988611   -1.4564993177   -0.0182565826 
     95       Ti                0.5433930647   -1.4566453516   -1.9708698049 
     96       O                -1.4792319439   -0.4793255913   -0.4908129602 
     97       O                -0.4792817451   -1.4793824198   -0.4907668340 
     98       O                -1.4795967723   -0.4797849026   -1.4981804665 
     99       O                -0.4797032807   -1.4798051820   -1.4982764049 
    100       O                -1.4793324882    0.5205579414   -0.4909183468 
    101       O                 0.5206675118   -1.4794420586   -0.4909183468 
    102       O                -1.4797557370    0.5202210823   -1.4983061554 
    103       O                 0.5202442630   -1.4797789177   -1.4983061554 
    104       Ti                1.5000000000    0.5000000000   -0.9945756786 
    105       Ti                0.5000000000    1.5000000000   -0.9945756786 
    106       Ti                1.5000000000   -0.5000000000   -0.9945756786 
    107       Ti               -0.5000000000    1.5000000000   -0.9945756786 
    108       Ti                0.5000000000   -1.5000000000   -0.9945756786 
    109       Ti               -1.5000000000    0.5000000000   -0.9945756786 
    110       Ti               -0.5000000000   -1.5000000000   -0.9945756786 
    111       Ti               -1.5000000000   -0.5000000000   -0.9945756786 
    112       O                -0.4797518444    1.5200953495   -1.4982827805 
    113       O                 1.5202481556   -0.4799046505   -1.4982827805 
    114       O                -0.4793370850    1.5205706842   -0.4908216576 
    115       O                 1.5206629150   -0.4794293158   -0.4908216576 
    116       O                 0.5204032277    1.5202150974   -1.4981804665 
    117       O                 1.5202967193    0.5201948180   -1.4982764049 
    118       O                 1.5207182549    0.5206175802   -0.4907668340 
    119       O                 0.5207680561    1.5206744087   -0.4908129602 
    120       Ti               -0.4566571687    1.5431789954   -1.9709002566 
    121       Ti                1.5433428313   -0.4568210046   -1.9709002566 
    122       Ti               -0.4563328637    1.5435650278   -0.0181825213 
    123       Ti                1.5436671363   -0.4564349722   -0.0181825213 
    124       Ti                1.5434070373    0.5432381345   -1.9709362404 
    125       Ti                0.5434676508    1.5434161542   -1.9708354459 
    126       Ti                0.5437336585    1.5436581539   -0.0181760029 
    127       Ti                1.5437808338    0.5436127624   -0.0181840960 
    128       H                 0.0204844446   -1.7024938334   -2.1351517437 
    129       O                -0.9590530452   -1.4673428347   -0.9942162007 
    130       O                -1.4674057001   -0.9591369617   -0.9941420686 
    131       O                 0.9912234993   -1.4966653668   -2.0016033257 
    132       O                -1.4966323946    0.9914059055    0.0120210138 
    133       O                -1.4967863316    0.9911838543   -2.0015898176 
    134       O                 0.9914408564   -1.4968407777    0.0120214425 
    135       O                 1.0409469548   -1.4673428347   -0.9942162007 
    136       O                -1.4674057001    1.0408630383   -0.9941420686 
    137       O                 1.5032257584    0.9910728766   -2.0016930461 
    138       O                 0.9913547401    1.5032433178   -2.0015688405 
    139       O                 0.9915076402    1.5032713481    0.0120312590 
    140       O                 1.5036056366    0.9915650057    0.0120402094 
    141       O                -1.4966323946   -1.0085940945    0.0120210138 
    142       O                -1.0087765007   -1.4966653668   -2.0016033257 
    143       O                -1.0085591436   -1.4968407777    0.0120214425 
    144       O                -1.4967863316   -1.0088161457   -2.0015898176 
    145       O                -0.9590473945    1.5325735582   -0.9941914732 
    146       O                 1.5326278310   -0.9591201477   -0.9941706320 
    147       O                -1.0084923598    1.5032713481    0.0120312590 
    148       O                -1.0086452599    1.5032433178   -2.0015688405 
    149       O                 1.5032257584   -1.0089271234   -2.0016930461 
    150       O                 1.5036056366   -1.0084349943    0.0120402094 
    151       O                 1.0409526055    1.5325735582   -0.9941914732 
    152       O                 1.5326278310    1.0408798523   -0.9941706320 
    153       Ba               -1.9779202464    0.0219967790   -0.4733152747 
    154       Ba                0.0220797536   -1.9780032210   -0.4733152747 
    155       Ba               -1.9780999823    0.0217636793   -1.5158661571 
    156       Ba                0.0219000177   -1.9782363207   -1.5158661571 
    157       H                -1.9795155554    0.2975061666   -2.1351517437 
    158       O                -1.9591057124   -0.4673700364   -0.9941462870 
    159       O                -0.4673881111   -1.9591290496   -0.9942614994 
    160       Ba                0.0219000177    2.0217636793   -1.5158661571 
    161       Ba                2.0219000177    0.0217636793   -1.5158661571 
    162       Ba                0.0220797536    2.0219967790   -0.4733152747 
    163       Ba                2.0220797536    0.0219967790   -0.4733152747 
    164       O                -1.9590434597    0.5325524287   -0.9941433935 
    165       O                 0.5327047162   -1.9591065325   -0.9942341538 
    166       H                 2.0204844446    0.2975061666   -2.1351517437 
    167       O                -0.4967013070    1.9910942986   -2.0015944944 
    168       O                 1.9912476656   -0.4968649827   -2.0015866499 
    169       O                -0.4968078754    1.9913902696    0.0120308055 
    170       O                 1.9915060138   -0.4965160436    0.0120192112 
    171       O                 0.5033304202    1.9911044888   -2.0015048881 
    172       O                 1.9912789774    0.5029727619   -2.0016328432 
    173       O                 0.5033685019    1.9914356537    0.0120119714 
    174       O                 1.9915831613    0.5034651071    0.0119439069 
    175       Ti               -1.4563011389   -1.4564993177   -0.0182565826 
    176       Ti               -1.4566069353   -1.4566453516   -1.9708698049 
    177       O                -2.0084939862   -0.4965160436    0.0120192112 
    178       O                -0.4968078754   -2.0086097304    0.0120308055 
    179       O                -2.0087523344   -0.4968649827   -2.0015866499 
    180       O                -0.4967013070   -2.0089057014   -2.0015944944 
    181       O                -2.0084168387    0.5034651071    0.0119439069 
    182       O                 0.5033685019   -2.0085643463    0.0120119714 
    183       O                -2.0087210226    0.5029727619   -2.0016328432 
    184       O                 0.5033304202   -2.0088955112   -2.0015048881 
    185       O                -1.4793324882   -1.4794420586   -0.4909183468 
    186       O                -1.4797557370   -1.4797789177   -1.4983061554 
    187       O                -0.4673881111    2.0408709504   -0.9942614994 
    188       O                 2.0408942876   -0.4673700364   -0.9941462870 
    189       O                 0.5327047162    2.0408934675   -0.9942341538 
    190       O                 2.0409565403    0.5325524287   -0.9941433935 
    191       Ti                1.5000000000    1.5000000000   -0.9945756786 
    192       Ti                1.5000000000   -1.5000000000   -0.9945756786 
    193       Ti               -1.5000000000    1.5000000000   -0.9945756786 
    194       Ti               -1.5000000000   -1.5000000000   -0.9945756786 
    195       O                -1.4795967723    1.5202150974   -1.4981804665 
    196       O                -1.4792319439    1.5206744087   -0.4908129602 
    197       O                 1.5202967193   -1.4798051820   -1.4982764049 
    198       O                 1.5207182549   -1.4793824198   -0.4907668340 
    199       Ti               -1.4562663415    1.5436581539   -0.0181760029 
    200       Ti               -1.4565323492    1.5434161542   -1.9708354459 
    201       Ti                1.5434070373   -1.4567618655   -1.9709362404 
    202       Ti                1.5437808338   -1.4563872376   -0.0181840960 
    203       O                 1.5202481556    1.5200953495   -1.4982827805 
    204       O                 1.5206629150    1.5205706842   -0.4908216576 
    205       Ti                1.5433428313    1.5431789954   -1.9709002566 
    206       Ti                1.5436671363    1.5435650278   -0.0181825213 
    207       Ba               -1.9778635589   -0.9779721398   -0.4732410315 
    208       Ba               -0.9778988166   -1.9779945486   -0.4732912267 
    209       Ba               -0.9780296275   -1.9780744028   -1.5159156748 
    210       Ba               -1.9781446822   -0.9782027814   -1.5158551460 
    211       Ba               -1.9778635589    1.0220278602   -0.4732410315 
    212       Ba                1.0221011834   -1.9779945486   -0.4732912267 
    213       Ba               -1.9781446822    1.0217972186   -1.5158551460 
    214       Ba                1.0219703725   -1.9780744028   -1.5159156748 
    215       Ba               -0.9780296275    2.0219255972   -1.5159156748 
    216       Ba                2.0218553178   -0.9782027814   -1.5158551460 
    217       Ba               -0.9778988166    2.0220054514   -0.4732912267 
    218       Ba                2.0221364411   -0.9779721398   -0.4732410315 
    219       Ba                2.0218553178    1.0217972186   -1.5158551460 
    220       Ba                1.0219703725    2.0219255972   -1.5159156748 
    221       Ba                1.0221011834    2.0220054514   -0.4732912267 
    222       Ba                2.0221364411    1.0220278602   -0.4732410315 
    223       H                 0.0204844446    2.2975061666   -2.1351517437 
    224       O                -1.4672952838   -1.9591065325   -0.9942341538 
    225       O                -1.9590434597   -1.4674475713   -0.9941433935 
    226       O                 0.0408942876   -2.4673700364   -0.9941462870 
    227       O                -2.4673881111    0.0408709504   -0.9942614994 
    228       O                 1.5326118889   -1.9591290496   -0.9942614994 
    229       O                -1.9591057124    1.5326299636   -0.9941462870 
    230       O                -1.4966695798    1.9911044888   -2.0015048881 
    231       O                -1.4966314981    1.9914356537    0.0120119714 
    232       O                 1.9915831613   -1.4965348929    0.0119439069 
    233       O                 1.9912789774   -1.4970272381   -2.0016328432 
    234       O                 1.5032986930    1.9910942986   -2.0015944944 
    235       O                 1.9912476656    1.5031350173   -2.0015866499 
    236       O                 1.5031921246    1.9913902696    0.0120308055 
    237       O                 1.9915060138    1.5034839564    0.0120192112 
    238       O                -0.0084939862   -2.4965160436    0.0120192112 
    239       O                -2.4967013070   -0.0089057014   -2.0015944944 
    240       O                -2.4968078754   -0.0086097304    0.0120308055 
    241       O                -0.0087523344   -2.4968649827   -2.0015866499 
    242       Ti               -2.4563328637   -0.4564349722   -0.0181825213 
    243       Ti               -0.4563328637   -2.4564349722   -0.0181825213 
    244       Ti               -2.4566571687   -0.4568210046   -1.9709002566 
    245       Ti               -0.4566571687   -2.4568210046   -1.9709002566 
    246       O                -0.0087210226    2.5029727619   -2.0016328432 
    247       O                 2.5033304202   -0.0088955112   -2.0015048881 
    248       O                 2.5033685019   -0.0085643463    0.0120119714 
    249       O                -0.0084168387    2.5034651071    0.0119439069 
    250       O                -2.0084168387   -1.4965348929    0.0119439069 
    251       O                -1.4966314981   -2.0085643463    0.0120119714 
    252       O                -1.4966695798   -2.0088955112   -2.0015048881 
    253       O                -2.0087210226   -1.4970272381   -2.0016328432 
    254       O                 1.5031921246   -2.0086097304    0.0120308055 
    255       O                -2.0087523344    1.5031350173   -2.0015866499 
    256       O                -2.0084939862    1.5034839564    0.0120192112 
    257       O                 1.5032986930   -2.0089057014   -2.0015944944 
    258       O                -1.4672952838    2.0408934675   -0.9942341538 
    259       O                 2.0409565403   -1.4674475713   -0.9941433935 
    260       Ti               -2.4562191662    0.5436127624   -0.0181840960 
    261       Ti                0.5437336585   -2.4563418461   -0.0181760029 
    262       Ti               -2.4565929627    0.5432381345   -1.9709362404 
    263       Ti                0.5434676508   -2.4565838458   -1.9708354459 
    264       O                -2.4793370850   -0.4794293158   -0.4908216576 
    265       O                -0.4793370850   -2.4794293158   -0.4908216576 
    266       O                -2.4797518444   -0.4799046505   -1.4982827805 
    267       O                -0.4797518444   -2.4799046505   -1.4982827805 
    268       O                 0.0409565403    2.5325524287   -0.9941433935 
    269       O                 2.5327047162    0.0408934675   -0.9942341538 
    270       O                -2.4792817451    0.5206175802   -0.4907668340 
    271       O                 0.5207680561   -2.4793255913   -0.4908129602 
    272       O                -2.4797032807    0.5201948180   -1.4982764049 
    273       O                 0.5204032277   -2.4797849026   -1.4981804665 
    274       Ti                2.5000000000    0.5000000000   -0.9945756786 
    275       Ti                0.5000000000    2.5000000000   -0.9945756786 
    276       Ti                2.5000000000   -0.5000000000   -0.9945756786 
    277       Ti               -0.5000000000    2.5000000000   -0.9945756786 
    278       Ti                0.5000000000   -2.5000000000   -0.9945756786 
    279       Ti               -2.5000000000    0.5000000000   -0.9945756786 
    280       Ti               -0.5000000000   -2.5000000000   -0.9945756786 
    281       Ti               -2.5000000000   -0.5000000000   -0.9945756786 
    282       O                 1.5326118889    2.0408709504   -0.9942614994 
    283       O                 2.0408942876    1.5326299636   -0.9941462870 
    284       O                -0.4797032807    2.5201948180   -1.4982764049 
    285       O                 2.5204032277   -0.4797849026   -1.4981804665 
    286       O                -0.4792817451    2.5206175802   -0.4907668340 
    287       O                 2.5207680561   -0.4793255913   -0.4908129602 
    288       O                 0.5202442630    2.5202210823   -1.4983061554 
    289       O                 2.5202442630    0.5202210823   -1.4983061554 
    290       O                 0.5206675118    2.5205579414   -0.4909183468 
    291       O                 2.5206675118    0.5205579414   -0.4909183468 
    292       Ti               -0.4565929627    2.5432381345   -1.9709362404 
    293       Ti                2.5434676508   -0.4565838458   -1.9708354459 
    294       Ti               -0.4562191662    2.5436127624   -0.0181840960 
    295       Ti                2.5437336585   -0.4563418461   -0.0181760029 
    296       Ti                0.5433930647    2.5433546484   -1.9708698049 
    297       Ti                2.5433930647    0.5433546484   -1.9708698049 
    298       Ti                0.5436988611    2.5435006823   -0.0182565826 
    299       Ti                2.5436988611    0.5435006823   -0.0182565826 
    300       H                -1.9795155554   -1.7024938334   -2.1351517437 
    301       H                 2.0204844446   -1.7024938334   -2.1351517437 
    302       O                -2.4673721690   -0.9591201477   -0.9941706320 
    303       O                -0.9590473945   -2.4674264418   -0.9941914732 
    304       O                -2.4673721690    1.0408798523   -0.9941706320 
    305       O                 1.0409526055   -2.4674264418   -0.9941914732 
    306       O                -2.4963943634    0.9915650057    0.0120402094 
    307       O                -2.4967742416    0.9910728766   -2.0016930461 
    308       O                 0.9913547401   -2.4967566822   -2.0015688405 
    309       O                 0.9915076402   -2.4967286519    0.0120312590 
    310       O                 2.5032136684    0.9911838543   -2.0015898176 
    311       O                 0.9914408564    2.5031592223    0.0120214425 
    312       O                 0.9912234993    2.5033346332   -2.0016033257 
    313       O                -2.4963943634   -1.0084349943    0.0120402094 
    314       O                 2.5033676054    0.9914059055    0.0120210138 
    315       O                -1.0084923598   -2.4967286519    0.0120312590 
    316       O                -1.0086452599   -2.4967566822   -2.0015688405 
    317       O                -2.4967742416   -1.0089271234   -2.0016930461 
    318       O                -1.0085591436    2.5031592223    0.0120214425 
    319       O                 2.5032136684   -1.0088161457   -2.0015898176 
    320       O                 2.5033676054   -1.0085940945    0.0120210138 
    321       O                -1.0087765007    2.5033346332   -2.0016033257 
    322       O                 2.5325942999   -0.9591369617   -0.9941420686 
    323       O                -0.9590530452    2.5326571653   -0.9942162007 
    324       O                 2.5325942999    1.0408630383   -0.9941420686 
    325       O                 1.0409469548    2.5326571653   -0.9942162007 
    326       Ba               -1.9779202464   -1.9780032210   -0.4733152747 
    327       Ba               -1.9780999823   -1.9782363207   -1.5158661571 
    328       Ba               -1.9780999823    2.0217636793   -1.5158661571 
    329       Ba               -1.9779202464    2.0219967790   -0.4733152747 
    330       Ba                2.0220797536   -1.9780032210   -0.4733152747 
    331       Ba                2.0219000177   -1.9782363207   -1.5158661571 
    332       Ti               -2.4562191662   -1.4563872376   -0.0181840960 
    333       Ti               -1.4562663415   -2.4563418461   -0.0181760029 
    334       Ti               -1.4565323492   -2.4565838458   -1.9708354459 
    335       Ti               -2.4565929627   -1.4567618655   -1.9709362404 
    336       Ba                2.0219000177    2.0217636793   -1.5158661571 
    337       Ba                2.0220797536    2.0219967790   -0.4733152747 
    338       O                -1.4792319439   -2.4793255913   -0.4908129602 
    339       O                -2.4792817451   -1.4793824198   -0.4907668340 
    340       O                -1.4795967723   -2.4797849026   -1.4981804665 
    341       O                -2.4797032807   -1.4798051820   -1.4982764049 
    342       Ti               -2.4563328637    1.5435650278   -0.0181825213 
    343       Ti               -2.4566571687    1.5431789954   -1.9709002566 
    344       Ti                1.5436671363   -2.4564349722   -0.0181825213 
    345       Ti                1.5433428313   -2.4568210046   -1.9709002566 
    346       O                -2.4793370850    1.5205706842   -0.4908216576 
    347       O                -2.4797518444    1.5200953495   -1.4982827805 
    348       O                 1.5206629150   -2.4794293158   -0.4908216576 
    349       O                 1.5202481556   -2.4799046505   -1.4982827805 
    350       Ti                2.5000000000    1.5000000000   -0.9945756786 
    351       Ti                1.5000000000    2.5000000000   -0.9945756786 
    352       Ti                2.5000000000   -1.5000000000   -0.9945756786 
    353       Ti               -1.5000000000    2.5000000000   -0.9945756786 
    354       Ti                1.5000000000   -2.5000000000   -0.9945756786 
    355       Ti               -2.5000000000    1.5000000000   -0.9945756786 
    356       Ti               -1.5000000000   -2.5000000000   -0.9945756786 
    357       Ti               -2.5000000000   -1.5000000000   -0.9945756786 
    358       O                -1.4797557370    2.5202210823   -1.4983061554 
    359       O                 2.5202442630   -1.4797789177   -1.4983061554 
    360       O                -1.4793324882    2.5205579414   -0.4909183468 
    361       O                 2.5206675118   -1.4794420586   -0.4909183468 
    362       Ti               -1.4563011389    2.5435006823   -0.0182565826 
    363       Ti               -1.4566069353    2.5433546484   -1.9708698049 
    364       Ti                2.5433930647   -1.4566453516   -1.9708698049 
    365       Ti                2.5436988611   -1.4564993177   -0.0182565826 
    366       O                 1.5202967193    2.5201948180   -1.4982764049 
    367       O                 2.5204032277    1.5202150974   -1.4981804665 
    368       O                 1.5207182549    2.5206175802   -0.4907668340 
    369       O                 2.5207680561    1.5206744087   -0.4908129602 
    370       Ti                1.5434070373    2.5432381345   -1.9709362404 
    371       Ti                2.5434676508    1.5434161542   -1.9708354459 
    372       Ti                1.5437808338    2.5436127624   -0.0181840960 
    373       Ti                2.5437336585    1.5436581539   -0.0181760029 
    374       Ba               -2.9778988166    0.0220054514   -0.4732912267 
    375       Ba                0.0221364411   -2.9779721398   -0.4732410315 
    376       Ba               -2.9780296275    0.0219255972   -1.5159156748 
    377       Ba                0.0218553178   -2.9782027814   -1.5158551460 
    378       O                -2.9590473945   -0.4674264418   -0.9941914732 
    379       O                -0.4673721690   -2.9591201477   -0.9941706320 
    380       O                -2.9590530452    0.5326571653   -0.9942162007 
    381       O                 0.5325942999   -2.9591369617   -0.9941420686 
    382       O                -0.4967742416    2.9910728766   -2.0016930461 
    383       O                 2.9913547401   -0.4967566822   -2.0015688405 
    384       O                 2.9915076402   -0.4967286519    0.0120312590 
    385       O                -0.4963943634    2.9915650057    0.0120402094 
    386       H                -1.9795155554    2.2975061666   -2.1351517437 
    387       O                 0.5032136684    2.9911838543   -2.0015898176 
    388       O                 2.9912234993    0.5033346332   -2.0016033257 
    389       O                 2.9914408564    0.5031592223    0.0120214425 
    390       O                 0.5033676054    2.9914059055    0.0120210138 
    391       H                 2.0204844446    2.2975061666   -2.1351517437 
    392       Ba               -2.9778429564   -0.9780043839   -0.4732291918 
    393       Ba               -0.9778429564   -2.9780043839   -0.4732291918 
    394       Ba               -2.9780768486   -0.9781914184   -1.5158116597 
    395       Ba               -0.9780768486   -2.9781914184   -1.5158116597 
    396       Ba               -2.9778429564    1.0219956161   -0.4732291918 
    397       Ba               -2.9780768486    1.0218085816   -1.5158116597 
    398       Ba                1.0221570436   -2.9780043839   -0.4732291918 
    399       Ba                1.0219231514   -2.9781914184   -1.5158116597 
    400       O                -1.9591057124   -2.4673700364   -0.9941462870 
    401       O                -2.4673881111   -1.9591290496   -0.9942614994 
    402       O                -2.4967013070    1.9910942986   -2.0015944944 
    403       O                 1.9915060138   -2.4965160436    0.0120192112 
    404       O                 1.9912476656   -2.4968649827   -2.0015866499 
    405       O                -2.4968078754    1.9913902696    0.0120308055 
    406       O                 1.9912789774    2.5029727619   -2.0016328432 
    407       O                 2.5033304202    1.9911044888   -2.0015048881 
    408       O                 2.5033685019    1.9914356537    0.0120119714 
    409       O                 1.9915831613    2.5034651071    0.0119439069 
    410       O                -1.9590434597    2.5325524287   -0.9941433935 
    411       O                 2.5327047162   -1.9591065325   -0.9942341538 
    412       O                 2.0408942876   -2.4673700364   -0.9941462870 
    413       O                -2.4673881111    2.0408709504   -0.9942614994 
    414       O                -2.0084939862   -2.4965160436    0.0120192112 
    415       O                -2.4968078754   -2.0086097304    0.0120308055 
    416       O                -2.4967013070   -2.0089057014   -2.0015944944 
    417       O                -2.0087523344   -2.4968649827   -2.0015866499 
    418       O                -2.0087210226    2.5029727619   -2.0016328432 
    419       O                -2.0084168387    2.5034651071    0.0119439069 
    420       O                 2.5033685019   -2.0085643463    0.0120119714 
    421       O                 2.5033304202   -2.0088955112   -2.0015048881 
    422       O                 2.0409565403    2.5325524287   -0.9941433935 
    423       O                 2.5327047162    2.0408934675   -0.9942341538 
    424       O                -2.9590530452   -1.4673428347   -0.9942162007 
    425       O                -1.4674057001   -2.9591369617   -0.9941420686 
    426       O                -2.9590473945    1.5325735582   -0.9941914732 
    427       O                 1.5326278310   -2.9591201477   -0.9941706320 
    428       O                 2.9912234993   -1.4966653668   -2.0016033257 
    429       O                -1.4967863316    2.9911838543   -2.0015898176 
    430       O                -1.4966323946    2.9914059055    0.0120210138 
    431       O                 2.9914408564   -1.4968407777    0.0120214425 
    432       O                 1.5032257584    2.9910728766   -2.0016930461 
    433       O                 2.9913547401    1.5032433178   -2.0015688405 
    434       O                 2.9915076402    1.5032713481    0.0120312590 
    435       O                 1.5036056366    2.9915650057    0.0120402094 
    436       Ti               -2.4563328637   -2.4564349722   -0.0181825213 
    437       Ti               -2.4566571687   -2.4568210046   -1.9709002566 
    438       O                -2.4793370850   -2.4794293158   -0.4908216576 
    439       O                -2.4797518444   -2.4799046505   -1.4982827805 
    440       Ti                2.5000000000    2.5000000000   -0.9945756786 
    441       Ti                2.5000000000   -2.5000000000   -0.9945756786 
    442       Ti               -2.5000000000    2.5000000000   -0.9945756786 
    443       Ti               -2.5000000000   -2.5000000000   -0.9945756786 
    444       O                -2.4797032807    2.5201948180   -1.4982764049 
    445       O                -2.4792817451    2.5206175802   -0.4907668340 
    446       O                 2.5207680561   -2.4793255913   -0.4908129602 
    447       O                 2.5204032277   -2.4797849026   -1.4981804665 
    448       Ti               -2.4565929627    2.5432381345   -1.9709362404 
    449       Ti               -2.4562191662    2.5436127624   -0.0181840960 
    450       Ti                2.5434676508   -2.4565838458   -1.9708354459 
    451       Ti                2.5437336585   -2.4563418461   -0.0181760029 
    452       O                 2.5202442630    2.5202210823   -1.4983061554 
    453       O                 2.5206675118    2.5205579414   -0.4909183468 
    454       Ba               -1.9778635589   -2.9779721398   -0.4732410315 
    455       Ba               -2.9778988166   -1.9779945486   -0.4732912267 
    456       Ba               -2.9780296275   -1.9780744028   -1.5159156748 
    457       Ba               -1.9781446822   -2.9782027814   -1.5158551460 
    458       Ti                2.5433930647    2.5433546484   -1.9708698049 
    459       Ti                2.5436988611    2.5435006823   -0.0182565826 
    460       Ba               -2.9778988166    2.0220054514   -0.4732912267 
    461       Ba               -2.9780296275    2.0219255972   -1.5159156748 
    462       Ba                2.0221364411   -2.9779721398   -0.4732410315 
    463       Ba                2.0218553178   -2.9782027814   -1.5158551460 
    464       O                -2.9590473945   -2.4674264418   -0.9941914732 
    465       O                -2.4673721690   -2.9591201477   -0.9941706320 
    466       O                -2.9590530452    2.5326571653   -0.9942162007 
    467       O                 2.5325942999   -2.9591369617   -0.9941420686 
    468       O                -2.4967742416    2.9910728766   -2.0016930461 
    469       O                -2.4963943634    2.9915650057    0.0120402094 
    470       O                 2.9913547401   -2.4967566822   -2.0015688405 
    471       O                 2.9915076402   -2.4967286519    0.0120312590 
    472       O                 2.5032136684    2.9911838543   -2.0015898176 
    473       O                 2.9912234993    2.5033346332   -2.0016033257 
    474       O                 2.9914408564    2.5031592223    0.0120214425 
    475       O                 2.5033676054    2.9914059055    0.0120210138 
    476       Ba               -2.9778429564   -2.9780043839   -0.4732291918 
    477       Ba               -2.9780768486   -2.9781914184   -1.5158116597 
