primitive lattice vectors  5  5  1
  5.00000000  0.00000000  0.00000000
  0.00000000  5.00000000  0.00000000
  0.00000000  0.00000000 80.00000000
number of atoms in unit cell
600
atom, type, position vector
      1       Ba                0.0000000000    0.0000000000   -0.5037462655 
      2       Ba                0.0000000000    0.0000000000    0.5037469551 
      3       Ba                0.0000000000    0.0000000000    1.5261391117 
      4       Ba                0.0000099857   -0.0141676234   -1.4878711428 
      5       H                 0.0000048807   -0.2455738611   -2.2017232322 
      6       O                 0.0000021724   -0.4772007052   -2.1250236934 
      7       O                 0.0000101042    0.4903734683   -1.0197367089 
      8       O                 0.5000000000    0.0000000000    0.0000002457 
      9       O                 0.5000000000    0.0000000000    0.9987995269 
     10       O                 0.5000000000    0.0000000000    1.9971387538 
     11       O                 0.4999999852   -0.0024084667   -2.0486499991 
     12       O                 0.0000000000    0.5000000000    0.0000002457 
     13       O                 0.0000000000    0.5000000000    0.9987995269 
     14       O                 0.0000000000    0.5000000000    1.9971387538 
     15       O                 0.0000000000   -0.5000000000    0.0000002457 
     16       O                 0.0000000000   -0.5000000000    0.9987995269 
     17       O                 0.0000000000   -0.5000000000    1.9971387538 
     18       O                -0.5000000000    0.0000000000    0.0000002457 
     19       O                -0.5000000000    0.0000000000    0.9987995269 
     20       O                -0.5000000000    0.0000000000    1.9971387538 
     21       O                -0.5000000148   -0.0024084667   -2.0486499991 
     22       O                 0.5000090533   -0.0089172933   -1.0141502182 
     23       O                -0.4999909467   -0.0089172933   -1.0141502182 
     24       O                 0.0000101042   -0.5096265317   -1.0197367089 
     25       O                 0.0000021724    0.5227992948   -2.1250236934 
     26       Ti                0.5000033773    0.4685494870   -2.0041866853 
     27       Ti               -0.4999966227    0.4685494870   -2.0041866853 
     28       O                 0.5000132716    0.4874993151   -1.5563753416 
     29       O                -0.4999867284    0.4874993151   -1.5563753416 
     30       Ti                0.5000059815    0.4933430121   -0.9762327363 
     31       Ti               -0.4999940185    0.4933430121   -0.9762327363 
     32       O                 0.5000000000    0.5000000000   -0.5005608276 
     33       Ti                0.5000000000    0.5000000000    0.0000000000 
     34       O                 0.5000000000    0.5000000000    0.5005611904 
     35       Ti                0.5000000000    0.5000000000    0.9945756879 
     36       O                 0.5000000000    0.5000000000    1.5041008908 
     37       Ti                0.5000000000    0.5000000000    1.9704983581 
     38       O                 0.5000000000   -0.5000000000   -0.5005608276 
     39       Ti                0.5000000000   -0.5000000000    0.0000000000 
     40       O                 0.5000000000   -0.5000000000    0.5005611904 
     41       Ti                0.5000000000   -0.5000000000    0.9945756879 
     42       O                 0.5000000000   -0.5000000000    1.5041008908 
     43       Ti                0.5000000000   -0.5000000000    1.9704983581 
     44       O                -0.5000000000    0.5000000000   -0.5005608276 
     45       Ti               -0.5000000000    0.5000000000    0.0000000000 
     46       O                -0.5000000000    0.5000000000    0.5005611904 
     47       Ti               -0.5000000000    0.5000000000    0.9945756879 
     48       O                -0.5000000000    0.5000000000    1.5041008908 
     49       Ti               -0.5000000000    0.5000000000    1.9704983581 
     50       O                -0.5000000000   -0.5000000000   -0.5005608276 
     51       Ti               -0.5000000000   -0.5000000000    0.0000000000 
     52       O                -0.5000000000   -0.5000000000    0.5005611904 
     53       Ti               -0.5000000000   -0.5000000000    0.9945756879 
     54       O                -0.5000000000   -0.5000000000    1.5041008908 
     55       Ti               -0.5000000000   -0.5000000000    1.9704983581 
     56       Ti                0.5000059815   -0.5066569879   -0.9762327363 
     57       Ti               -0.4999940185   -0.5066569879   -0.9762327363 
     58       O                 0.5000132716   -0.5125006849   -1.5563753416 
     59       O                -0.4999867284   -0.5125006849   -1.5563753416 
     60       Ti                0.5000033773   -0.5314505130   -2.0041866853 
     61       Ti               -0.4999966227   -0.5314505130   -2.0041866853 
     62       H                 0.0000048807    0.7544261389   -2.2017232322 
     63       Ba                0.0000099857    0.9858323766   -1.4878711428 
     64       Ba                1.0000000000    0.0000000000   -0.5037462655 
     65       Ba                1.0000000000    0.0000000000    0.5037469551 
     66       Ba                1.0000000000    0.0000000000    1.5261391117 
     67       Ba                0.0000000000    1.0000000000   -0.5037462655 
     68       Ba                0.0000000000    1.0000000000    0.5037469551 
     69       Ba                0.0000000000    1.0000000000    1.5261391117 
     70       Ba                0.0000000000   -1.0000000000   -0.5037462655 
     71       Ba                0.0000000000   -1.0000000000    0.5037469551 
     72       Ba                0.0000000000   -1.0000000000    1.5261391117 
     73       Ba               -1.0000000000    0.0000000000   -0.5037462655 
     74       Ba               -1.0000000000    0.0000000000    0.5037469551 
     75       Ba               -1.0000000000    0.0000000000    1.5261391117 
     76       Ba                1.0000099857   -0.0141676234   -1.4878711428 
     77       Ba               -0.9999900143   -0.0141676234   -1.4878711428 
     78       Ba                0.0000099857   -1.0141676234   -1.4878711428 
     79       H                 1.0000048807   -0.2455738611   -2.2017232322 
     80       H                -0.9999951193   -0.2455738611   -2.2017232322 
     81       O                 1.0000021724   -0.4772007052   -2.1250236934 
     82       O                -0.9999978276   -0.4772007052   -2.1250236934 
     83       O                 0.5000090533    0.9910827067   -1.0141502182 
     84       O                -0.4999909467    0.9910827067   -1.0141502182 
     85       O                 1.0000101042    0.4903734683   -1.0197367089 
     86       O                -0.9999898958    0.4903734683   -1.0197367089 
     87       O                 0.4999999852    0.9975915333   -2.0486499991 
     88       O                -0.5000000148    0.9975915333   -2.0486499991 
     89       O                 1.0000000000    0.5000000000    0.0000002457 
     90       O                 1.0000000000    0.5000000000    0.9987995269 
     91       O                 1.0000000000    0.5000000000    1.9971387538 
     92       O                 0.5000000000    1.0000000000    0.0000002457 
     93       O                 0.5000000000    1.0000000000    0.9987995269 
     94       O                 0.5000000000    1.0000000000    1.9971387538 
     95       O                 1.0000000000   -0.5000000000    0.0000002457 
     96       O                 1.0000000000   -0.5000000000    0.9987995269 
     97       O                 1.0000000000   -0.5000000000    1.9971387538 
     98       O                -0.5000000000    1.0000000000    0.0000002457 
     99       O                -0.5000000000    1.0000000000    0.9987995269 
    100       O                -0.5000000000    1.0000000000    1.9971387538 
    101       O                 0.5000000000   -1.0000000000    0.0000002457 
    102       O                 0.5000000000   -1.0000000000    0.9987995269 
    103       O                 0.5000000000   -1.0000000000    1.9971387538 
    104       O                -1.0000000000    0.5000000000    0.0000002457 
    105       O                -1.0000000000    0.5000000000    0.9987995269 
    106       O                -1.0000000000    0.5000000000    1.9971387538 
    107       O                -0.5000000000   -1.0000000000    0.0000002457 
    108       O                -0.5000000000   -1.0000000000    0.9987995269 
    109       O                -0.5000000000   -1.0000000000    1.9971387538 
    110       O                -1.0000000000   -0.5000000000    0.0000002457 
    111       O                -1.0000000000   -0.5000000000    0.9987995269 
    112       O                -1.0000000000   -0.5000000000    1.9971387538 
    113       O                 0.4999999852   -1.0024084667   -2.0486499991 
    114       O                -0.5000000148   -1.0024084667   -2.0486499991 
    115       O                 1.0000101042   -0.5096265317   -1.0197367089 
    116       O                -0.9999898958   -0.5096265317   -1.0197367089 
    117       O                 0.5000090533   -1.0089172933   -1.0141502182 
    118       O                -0.4999909467   -1.0089172933   -1.0141502182 
    119       O                 1.0000021724    0.5227992948   -2.1250236934 
    120       O                -0.9999978276    0.5227992948   -2.1250236934 
    121       H                 0.0000048807   -1.2455738611   -2.2017232322 
    122       H                 1.0000048807    0.7544261389   -2.2017232322 
    123       H                -0.9999951193    0.7544261389   -2.2017232322 
    124       Ba                1.0000099857    0.9858323766   -1.4878711428 
    125       Ba               -0.9999900143    0.9858323766   -1.4878711428 
    126       Ba                1.0000000000    1.0000000000   -0.5037462655 
    127       Ba                1.0000000000    1.0000000000    0.5037469551 
    128       Ba                1.0000000000    1.0000000000    1.5261391117 
    129       Ba                1.0000000000   -1.0000000000   -0.5037462655 
    130       Ba                1.0000000000   -1.0000000000    0.5037469551 
    131       Ba                1.0000000000   -1.0000000000    1.5261391117 
    132       Ba               -1.0000000000    1.0000000000   -0.5037462655 
    133       Ba               -1.0000000000    1.0000000000    0.5037469551 
    134       Ba               -1.0000000000    1.0000000000    1.5261391117 
    135       Ba               -1.0000000000   -1.0000000000   -0.5037462655 
    136       Ba               -1.0000000000   -1.0000000000    0.5037469551 
    137       Ba               -1.0000000000   -1.0000000000    1.5261391117 
    138       Ba                1.0000099857   -1.0141676234   -1.4878711428 
    139       Ba               -0.9999900143   -1.0141676234   -1.4878711428 
    140       O                 0.0000021724   -1.4772007052   -2.1250236934 
    141       O                 0.0000101042    1.4903734683   -1.0197367089 
    142       O                 1.5000000000    0.0000000000    0.0000002457 
    143       O                 1.5000000000    0.0000000000    0.9987995269 
    144       O                 1.5000000000    0.0000000000    1.9971387538 
    145       O                 1.4999999852   -0.0024084667   -2.0486499991 
    146       O                 0.0000000000    1.5000000000    0.0000002457 
    147       O                 0.0000000000    1.5000000000    0.9987995269 
    148       O                 0.0000000000    1.5000000000    1.9971387538 
    149       O                 1.5000090533   -0.0089172933   -1.0141502182 
    150       O                 0.0000000000   -1.5000000000    0.0000002457 
    151       O                 0.0000000000   -1.5000000000    0.9987995269 
    152       O                 0.0000000000   -1.5000000000    1.9971387538 
    153       O                -1.5000000000    0.0000000000    0.0000002457 
    154       O                -1.5000000000    0.0000000000    0.9987995269 
    155       O                -1.5000000000    0.0000000000    1.9971387538 
    156       O                -1.5000000148   -0.0024084667   -2.0486499991 
    157       O                -1.4999909467   -0.0089172933   -1.0141502182 
    158       O                 0.0000101042   -1.5096265317   -1.0197367089 
    159       O                 0.0000021724    1.5227992948   -2.1250236934 
    160       Ti                0.5000033773    1.4685494870   -2.0041866853 
    161       Ti               -0.4999966227    1.4685494870   -2.0041866853 
    162       O                 0.5000132716    1.4874993151   -1.5563753416 
    163       O                -0.4999867284    1.4874993151   -1.5563753416 
    164       Ti                1.5000033773    0.4685494870   -2.0041866853 
    165       Ti               -1.4999966227    0.4685494870   -2.0041866853 
    166       Ti                0.5000059815    1.4933430121   -0.9762327363 
    167       Ti               -0.4999940185    1.4933430121   -0.9762327363 
    168       O                 1.5000132716    0.4874993151   -1.5563753416 
    169       O                -1.4999867284    0.4874993151   -1.5563753416 
    170       Ti                1.5000059815    0.4933430121   -0.9762327363 
    171       Ti               -1.4999940185    0.4933430121   -0.9762327363 
    172       O                 1.5000000000    0.5000000000   -0.5005608276 
    173       Ti                1.5000000000    0.5000000000    0.0000000000 
    174       O                 1.5000000000    0.5000000000    0.5005611904 
    175       Ti                1.5000000000    0.5000000000    0.9945756879 
    176       O                 1.5000000000    0.5000000000    1.5041008908 
    177       Ti                1.5000000000    0.5000000000    1.9704983581 
    178       O                 0.5000000000    1.5000000000   -0.5005608276 
    179       Ti                0.5000000000    1.5000000000    0.0000000000 
    180       O                 0.5000000000    1.5000000000    0.5005611904 
    181       Ti                0.5000000000    1.5000000000    0.9945756879 
    182       O                 0.5000000000    1.5000000000    1.5041008908 
    183       Ti                0.5000000000    1.5000000000    1.9704983581 
    184       O                 1.5000000000   -0.5000000000   -0.5005608276 
    185       Ti                1.5000000000   -0.5000000000    0.0000000000 
    186       O                 1.5000000000   -0.5000000000    0.5005611904 
    187       Ti                1.5000000000   -0.5000000000    0.9945756879 
    188       O                 1.5000000000   -0.5000000000    1.5041008908 
    189       Ti                1.5000000000   -0.5000000000    1.9704983581 
    190       O                -0.5000000000    1.5000000000   -0.5005608276 
    191       Ti               -0.5000000000    1.5000000000    0.0000000000 
    192       O                -0.5000000000    1.5000000000    0.5005611904 
    193       Ti               -0.5000000000    1.5000000000    0.9945756879 
    194       O                -0.5000000000    1.5000000000    1.5041008908 
    195       Ti               -0.5000000000    1.5000000000    1.9704983581 
    196       O                 0.5000000000   -1.5000000000   -0.5005608276 
    197       Ti                0.5000000000   -1.5000000000    0.0000000000 
    198       O                 0.5000000000   -1.5000000000    0.5005611904 
    199       Ti                0.5000000000   -1.5000000000    0.9945756879 
    200       O                 0.5000000000   -1.5000000000    1.5041008908 
    201       Ti                0.5000000000   -1.5000000000    1.9704983581 
    202       O                -1.5000000000    0.5000000000   -0.5005608276 
    203       Ti               -1.5000000000    0.5000000000    0.0000000000 
    204       O                -1.5000000000    0.5000000000    0.5005611904 
    205       Ti               -1.5000000000    0.5000000000    0.9945756879 
    206       O                -1.5000000000    0.5000000000    1.5041008908 
    207       Ti               -1.5000000000    0.5000000000    1.9704983581 
    208       O                -0.5000000000   -1.5000000000   -0.5005608276 
    209       Ti               -0.5000000000   -1.5000000000    0.0000000000 
    210       O                -0.5000000000   -1.5000000000    0.5005611904 
    211       Ti               -0.5000000000   -1.5000000000    0.9945756879 
    212       O                -0.5000000000   -1.5000000000    1.5041008908 
    213       Ti               -0.5000000000   -1.5000000000    1.9704983581 
    214       O                -1.5000000000   -0.5000000000   -0.5005608276 
    215       Ti               -1.5000000000   -0.5000000000    0.0000000000 
    216       O                -1.5000000000   -0.5000000000    0.5005611904 
    217       Ti               -1.5000000000   -0.5000000000    0.9945756879 
    218       O                -1.5000000000   -0.5000000000    1.5041008908 
    219       Ti               -1.5000000000   -0.5000000000    1.9704983581 
    220       Ti                1.5000059815   -0.5066569879   -0.9762327363 
    221       Ti               -1.4999940185   -0.5066569879   -0.9762327363 
    222       O                 1.5000132716   -0.5125006849   -1.5563753416 
    223       O                -1.4999867284   -0.5125006849   -1.5563753416 
    224       Ti                0.5000059815   -1.5066569879   -0.9762327363 
    225       Ti               -0.4999940185   -1.5066569879   -0.9762327363 
    226       Ti                1.5000033773   -0.5314505130   -2.0041866853 
    227       Ti               -1.4999966227   -0.5314505130   -2.0041866853 
    228       O                 0.5000132716   -1.5125006849   -1.5563753416 
    229       O                -0.4999867284   -1.5125006849   -1.5563753416 
    230       H                 1.0000048807   -1.2455738611   -2.2017232322 
    231       H                -0.9999951193   -1.2455738611   -2.2017232322 
    232       Ti                0.5000033773   -1.5314505130   -2.0041866853 
    233       Ti               -0.4999966227   -1.5314505130   -2.0041866853 
    234       H                 0.0000048807    1.7544261389   -2.2017232322 
    235       O                 1.0000021724   -1.4772007052   -2.1250236934 
    236       O                -0.9999978276   -1.4772007052   -2.1250236934 
    237       O                 1.0000101042    1.4903734683   -1.0197367089 
    238       O                -0.9999898958    1.4903734683   -1.0197367089 
    239       O                 1.5000090533    0.9910827067   -1.0141502182 
    240       O                -1.4999909467    0.9910827067   -1.0141502182 
    241       O                 1.4999999852    0.9975915333   -2.0486499991 
    242       O                -1.5000000148    0.9975915333   -2.0486499991 
    243       O                 1.5000000000    1.0000000000    0.0000002457 
    244       O                 1.5000000000    1.0000000000    0.9987995269 
    245       O                 1.5000000000    1.0000000000    1.9971387538 
    246       O                 1.0000000000    1.5000000000    0.0000002457 
    247       O                 1.0000000000    1.5000000000    0.9987995269 
    248       O                 1.0000000000    1.5000000000    1.9971387538 
    249       O                 1.5000000000   -1.0000000000    0.0000002457 
    250       O                 1.5000000000   -1.0000000000    0.9987995269 
    251       O                 1.5000000000   -1.0000000000    1.9971387538 
    252       O                -1.0000000000    1.5000000000    0.0000002457 
    253       O                -1.0000000000    1.5000000000    0.9987995269 
    254       O                -1.0000000000    1.5000000000    1.9971387538 
    255       O                 1.0000000000   -1.5000000000    0.0000002457 
    256       O                 1.0000000000   -1.5000000000    0.9987995269 
    257       O                 1.0000000000   -1.5000000000    1.9971387538 
    258       O                -1.5000000000    1.0000000000    0.0000002457 
    259       O                -1.5000000000    1.0000000000    0.9987995269 
    260       O                -1.5000000000    1.0000000000    1.9971387538 
    261       O                -1.0000000000   -1.5000000000    0.0000002457 
    262       O                -1.0000000000   -1.5000000000    0.9987995269 
    263       O                -1.0000000000   -1.5000000000    1.9971387538 
    264       O                -1.5000000000   -1.0000000000    0.0000002457 
    265       O                -1.5000000000   -1.0000000000    0.9987995269 
    266       O                -1.5000000000   -1.0000000000    1.9971387538 
    267       O                 1.4999999852   -1.0024084667   -2.0486499991 
    268       O                -1.5000000148   -1.0024084667   -2.0486499991 
    269       O                 1.5000090533   -1.0089172933   -1.0141502182 
    270       O                -1.4999909467   -1.0089172933   -1.0141502182 
    271       O                 1.0000101042   -1.5096265317   -1.0197367089 
    272       O                -0.9999898958   -1.5096265317   -1.0197367089 
    273       O                 1.0000021724    1.5227992948   -2.1250236934 
    274       O                -0.9999978276    1.5227992948   -2.1250236934 
    275       Ba                0.0000099857    1.9858323766   -1.4878711428 
    276       Ba                2.0000000000    0.0000000000   -0.5037462655 
    277       Ba                2.0000000000    0.0000000000    0.5037469551 
    278       Ba                2.0000000000    0.0000000000    1.5261391117 
    279       Ba                0.0000000000    2.0000000000   -0.5037462655 
    280       Ba                0.0000000000    2.0000000000    0.5037469551 
    281       Ba                0.0000000000    2.0000000000    1.5261391117 
    282       Ba                2.0000099857   -0.0141676234   -1.4878711428 
    283       Ba                0.0000000000   -2.0000000000   -0.5037462655 
    284       Ba                0.0000000000   -2.0000000000    0.5037469551 
    285       Ba                0.0000000000   -2.0000000000    1.5261391117 
    286       Ba               -2.0000000000    0.0000000000   -0.5037462655 
    287       Ba               -2.0000000000    0.0000000000    0.5037469551 
    288       Ba               -2.0000000000    0.0000000000    1.5261391117 
    289       Ba               -1.9999900143   -0.0141676234   -1.4878711428 
    290       Ba                0.0000099857   -2.0141676234   -1.4878711428 
    291       H                 2.0000048807   -0.2455738611   -2.2017232322 
    292       H                -1.9999951193   -0.2455738611   -2.2017232322 
    293       H                 1.0000048807    1.7544261389   -2.2017232322 
    294       H                -0.9999951193    1.7544261389   -2.2017232322 
    295       O                 0.5000090533    1.9910827067   -1.0141502182 
    296       O                -0.4999909467    1.9910827067   -1.0141502182 
    297       O                 2.0000021724   -0.4772007052   -2.1250236934 
    298       O                -1.9999978276   -0.4772007052   -2.1250236934 
    299       O                 0.4999999852    1.9975915333   -2.0486499991 
    300       O                -0.5000000148    1.9975915333   -2.0486499991 
    301       O                 2.0000101042    0.4903734683   -1.0197367089 
    302       O                -1.9999898958    0.4903734683   -1.0197367089 
    303       O                 2.0000000000    0.5000000000    0.0000002457 
    304       O                 2.0000000000    0.5000000000    0.9987995269 
    305       O                 2.0000000000    0.5000000000    1.9971387538 
    306       O                 0.5000000000    2.0000000000    0.0000002457 
    307       O                 0.5000000000    2.0000000000    0.9987995269 
    308       O                 0.5000000000    2.0000000000    1.9971387538 
    309       O                 2.0000000000   -0.5000000000    0.0000002457 
    310       O                 2.0000000000   -0.5000000000    0.9987995269 
    311       O                 2.0000000000   -0.5000000000    1.9971387538 
    312       O                -0.5000000000    2.0000000000    0.0000002457 
    313       O                -0.5000000000    2.0000000000    0.9987995269 
    314       O                -0.5000000000    2.0000000000    1.9971387538 
    315       O                 0.5000000000   -2.0000000000    0.0000002457 
    316       O                 0.5000000000   -2.0000000000    0.9987995269 
    317       O                 0.5000000000   -2.0000000000    1.9971387538 
    318       O                -2.0000000000    0.5000000000    0.0000002457 
    319       O                -2.0000000000    0.5000000000    0.9987995269 
    320       O                -2.0000000000    0.5000000000    1.9971387538 
    321       O                -0.5000000000   -2.0000000000    0.0000002457 
    322       O                -0.5000000000   -2.0000000000    0.9987995269 
    323       O                -0.5000000000   -2.0000000000    1.9971387538 
    324       O                -2.0000000000   -0.5000000000    0.0000002457 
    325       O                -2.0000000000   -0.5000000000    0.9987995269 
    326       O                -2.0000000000   -0.5000000000    1.9971387538 
    327       O                 2.0000101042   -0.5096265317   -1.0197367089 
    328       O                 0.4999999852   -2.0024084667   -2.0486499991 
    329       O                -0.5000000148   -2.0024084667   -2.0486499991 
    330       O                -1.9999898958   -0.5096265317   -1.0197367089 
    331       O                 2.0000021724    0.5227992948   -2.1250236934 
    332       O                -1.9999978276    0.5227992948   -2.1250236934 
    333       O                 0.5000090533   -2.0089172933   -1.0141502182 
    334       O                -0.4999909467   -2.0089172933   -1.0141502182 
    335       Ti                1.5000033773    1.4685494870   -2.0041866853 
    336       Ti               -1.4999966227    1.4685494870   -2.0041866853 
    337       O                 1.5000132716    1.4874993151   -1.5563753416 
    338       O                -1.4999867284    1.4874993151   -1.5563753416 
    339       Ti                1.5000059815    1.4933430121   -0.9762327363 
    340       Ti               -1.4999940185    1.4933430121   -0.9762327363 
    341       O                 1.5000000000    1.5000000000   -0.5005608276 
    342       Ti                1.5000000000    1.5000000000    0.0000000000 
    343       O                 1.5000000000    1.5000000000    0.5005611904 
    344       Ti                1.5000000000    1.5000000000    0.9945756879 
    345       O                 1.5000000000    1.5000000000    1.5041008908 
    346       Ti                1.5000000000    1.5000000000    1.9704983581 
    347       O                 1.5000000000   -1.5000000000   -0.5005608276 
    348       Ti                1.5000000000   -1.5000000000    0.0000000000 
    349       O                 1.5000000000   -1.5000000000    0.5005611904 
    350       Ti                1.5000000000   -1.5000000000    0.9945756879 
    351       O                 1.5000000000   -1.5000000000    1.5041008908 
    352       Ti                1.5000000000   -1.5000000000    1.9704983581 
    353       O                -1.5000000000    1.5000000000   -0.5005608276 
    354       Ti               -1.5000000000    1.5000000000    0.0000000000 
    355       O                -1.5000000000    1.5000000000    0.5005611904 
    356       Ti               -1.5000000000    1.5000000000    0.9945756879 
    357       O                -1.5000000000    1.5000000000    1.5041008908 
    358       Ti               -1.5000000000    1.5000000000    1.9704983581 
    359       O                -1.5000000000   -1.5000000000   -0.5005608276 
    360       Ti               -1.5000000000   -1.5000000000    0.0000000000 
    361       O                -1.5000000000   -1.5000000000    0.5005611904 
    362       Ti               -1.5000000000   -1.5000000000    0.9945756879 
    363       O                -1.5000000000   -1.5000000000    1.5041008908 
    364       Ti               -1.5000000000   -1.5000000000    1.9704983581 
    365       Ti                1.5000059815   -1.5066569879   -0.9762327363 
    366       Ti               -1.4999940185   -1.5066569879   -0.9762327363 
    367       O                 1.5000132716   -1.5125006849   -1.5563753416 
    368       O                -1.4999867284   -1.5125006849   -1.5563753416 
    369       H                 2.0000048807    0.7544261389   -2.2017232322 
    370       H                -1.9999951193    0.7544261389   -2.2017232322 
    371       Ti                1.5000033773   -1.5314505130   -2.0041866853 
    372       Ti               -1.4999966227   -1.5314505130   -2.0041866853 
    373       Ba                1.0000099857    1.9858323766   -1.4878711428 
    374       Ba               -0.9999900143    1.9858323766   -1.4878711428 
    375       Ba                2.0000099857    0.9858323766   -1.4878711428 
    376       Ba               -1.9999900143    0.9858323766   -1.4878711428 
    377       Ba                2.0000000000    1.0000000000   -0.5037462655 
    378       Ba                2.0000000000    1.0000000000    0.5037469551 
    379       Ba                2.0000000000    1.0000000000    1.5261391117 
    380       Ba                1.0000000000    2.0000000000   -0.5037462655 
    381       Ba                1.0000000000    2.0000000000    0.5037469551 
    382       Ba                1.0000000000    2.0000000000    1.5261391117 
    383       Ba                2.0000000000   -1.0000000000   -0.5037462655 
    384       Ba                2.0000000000   -1.0000000000    0.5037469551 
    385       Ba                2.0000000000   -1.0000000000    1.5261391117 
    386       Ba               -1.0000000000    2.0000000000   -0.5037462655 
    387       Ba               -1.0000000000    2.0000000000    0.5037469551 
    388       Ba               -1.0000000000    2.0000000000    1.5261391117 
    389       Ba                1.0000000000   -2.0000000000   -0.5037462655 
    390       Ba                1.0000000000   -2.0000000000    0.5037469551 
    391       Ba                1.0000000000   -2.0000000000    1.5261391117 
    392       Ba               -2.0000000000    1.0000000000   -0.5037462655 
    393       Ba               -2.0000000000    1.0000000000    0.5037469551 
    394       Ba               -2.0000000000    1.0000000000    1.5261391117 
    395       Ba               -1.0000000000   -2.0000000000   -0.5037462655 
    396       Ba               -1.0000000000   -2.0000000000    0.5037469551 
    397       Ba               -1.0000000000   -2.0000000000    1.5261391117 
    398       Ba               -2.0000000000   -1.0000000000   -0.5037462655 
    399       Ba               -2.0000000000   -1.0000000000    0.5037469551 
    400       Ba               -2.0000000000   -1.0000000000    1.5261391117 
    401       Ba                2.0000099857   -1.0141676234   -1.4878711428 
    402       Ba               -1.9999900143   -1.0141676234   -1.4878711428 
    403       H                 0.0000048807   -2.2455738611   -2.2017232322 
    404       Ba                1.0000099857   -2.0141676234   -1.4878711428 
    405       Ba               -0.9999900143   -2.0141676234   -1.4878711428 
    406       H                 2.0000048807   -1.2455738611   -2.2017232322 
    407       H                -1.9999951193   -1.2455738611   -2.2017232322 
    408       H                 1.0000048807   -2.2455738611   -2.2017232322 
    409       H                -0.9999951193   -2.2455738611   -2.2017232322 
    410       O                 0.0000021724   -2.4772007052   -2.1250236934 
    411       O                 2.0000021724   -1.4772007052   -2.1250236934 
    412       O                -1.9999978276   -1.4772007052   -2.1250236934 
    413       O                 0.0000101042    2.4903734683   -1.0197367089 
    414       O                 1.5000090533    1.9910827067   -1.0141502182 
    415       O                -1.4999909467    1.9910827067   -1.0141502182 
    416       O                 2.0000101042    1.4903734683   -1.0197367089 
    417       O                -1.9999898958    1.4903734683   -1.0197367089 
    418       O                 1.4999999852    1.9975915333   -2.0486499991 
    419       O                -1.5000000148    1.9975915333   -2.0486499991 
    420       O                 2.0000000000    1.5000000000    0.0000002457 
    421       O                 2.0000000000    1.5000000000    0.9987995269 
    422       O                 2.0000000000    1.5000000000    1.9971387538 
    423       O                 1.5000000000    2.0000000000    0.0000002457 
    424       O                 1.5000000000    2.0000000000    0.9987995269 
    425       O                 1.5000000000    2.0000000000    1.9971387538 
    426       O                 2.5000000000    0.0000000000    0.0000002457 
    427       O                 2.5000000000    0.0000000000    0.9987995269 
    428       O                 2.5000000000    0.0000000000    1.9971387538 
    429       O                 2.4999999852   -0.0024084667   -2.0486499991 
    430       O                 0.0000000000    2.5000000000    0.0000002457 
    431       O                 0.0000000000    2.5000000000    0.9987995269 
    432       O                 0.0000000000    2.5000000000    1.9971387538 
    433       O                 2.0000000000   -1.5000000000    0.0000002457 
    434       O                 2.0000000000   -1.5000000000    0.9987995269 
    435       O                 2.0000000000   -1.5000000000    1.9971387538 
    436       O                 2.5000090533   -0.0089172933   -1.0141502182 
    437       O                -1.5000000000    2.0000000000    0.0000002457 
    438       O                -1.5000000000    2.0000000000    0.9987995269 
    439       O                -1.5000000000    2.0000000000    1.9971387538 
    440       O                 1.5000000000   -2.0000000000    0.0000002457 
    441       O                 1.5000000000   -2.0000000000    0.9987995269 
    442       O                 1.5000000000   -2.0000000000    1.9971387538 
    443       O                -2.0000000000    1.5000000000    0.0000002457 
    444       O                -2.0000000000    1.5000000000    0.9987995269 
    445       O                -2.0000000000    1.5000000000    1.9971387538 
    446       O                -1.5000000000   -2.0000000000    0.0000002457 
    447       O                -1.5000000000   -2.0000000000    0.9987995269 
    448       O                -1.5000000000   -2.0000000000    1.9971387538 
    449       O                -2.0000000000   -1.5000000000    0.0000002457 
    450       O                -2.0000000000   -1.5000000000    0.9987995269 
    451       O                -2.0000000000   -1.5000000000    1.9971387538 
    452       O                 1.4999999852   -2.0024084667   -2.0486499991 
    453       O                -1.5000000148   -2.0024084667   -2.0486499991 
    454       O                 2.0000101042   -1.5096265317   -1.0197367089 
    455       O                -1.9999898958   -1.5096265317   -1.0197367089 
    456       O                 1.5000090533   -2.0089172933   -1.0141502182 
    457       O                -1.4999909467   -2.0089172933   -1.0141502182 
    458       O                 2.0000021724    1.5227992948   -2.1250236934 
    459       O                -1.9999978276    1.5227992948   -2.1250236934 
    460       Ti                0.5000033773    2.4685494870   -2.0041866853 
    461       Ti               -0.4999966227    2.4685494870   -2.0041866853 
    462       O                 0.5000132716    2.4874993151   -1.5563753416 
    463       O                -0.4999867284    2.4874993151   -1.5563753416 
    464       Ti                0.5000059815    2.4933430121   -0.9762327363 
    465       Ti               -0.4999940185    2.4933430121   -0.9762327363 
    466       Ti                2.5000033773    0.4685494870   -2.0041866853 
    467       O                 2.5000132716    0.4874993151   -1.5563753416 
    468       Ti                2.5000059815    0.4933430121   -0.9762327363 
    469       O                 2.5000000000    0.5000000000   -0.5005608276 
    470       Ti                2.5000000000    0.5000000000    0.0000000000 
    471       O                 2.5000000000    0.5000000000    0.5005611904 
    472       Ti                2.5000000000    0.5000000000    0.9945756879 
    473       O                 2.5000000000    0.5000000000    1.5041008908 
    474       Ti                2.5000000000    0.5000000000    1.9704983581 
    475       O                 0.5000000000    2.5000000000   -0.5005608276 
    476       Ti                0.5000000000    2.5000000000    0.0000000000 
    477       O                 0.5000000000    2.5000000000    0.5005611904 
    478       Ti                0.5000000000    2.5000000000    0.9945756879 
    479       O                 0.5000000000    2.5000000000    1.5041008908 
    480       Ti                0.5000000000    2.5000000000    1.9704983581 
    481       O                 2.5000000000   -0.5000000000   -0.5005608276 
    482       Ti                2.5000000000   -0.5000000000    0.0000000000 
    483       O                 2.5000000000   -0.5000000000    0.5005611904 
    484       Ti                2.5000000000   -0.5000000000    0.9945756879 
    485       O                 2.5000000000   -0.5000000000    1.5041008908 
    486       Ti                2.5000000000   -0.5000000000    1.9704983581 
    487       O                -0.5000000000    2.5000000000   -0.5005608276 
    488       Ti               -0.5000000000    2.5000000000    0.0000000000 
    489       O                -0.5000000000    2.5000000000    0.5005611904 
    490       Ti               -0.5000000000    2.5000000000    0.9945756879 
    491       O                -0.5000000000    2.5000000000    1.5041008908 
    492       Ti               -0.5000000000    2.5000000000    1.9704983581 
    493       Ti                2.5000059815   -0.5066569879   -0.9762327363 
    494       O                 2.5000132716   -0.5125006849   -1.5563753416 
    495       Ti                2.5000033773   -0.5314505130   -2.0041866853 
    496       H                 2.0000048807    1.7544261389   -2.2017232322 
    497       H                -1.9999951193    1.7544261389   -2.2017232322 
    498       O                 1.0000021724   -2.4772007052   -2.1250236934 
    499       O                -0.9999978276   -2.4772007052   -2.1250236934 
    500       O                 1.0000101042    2.4903734683   -1.0197367089 
    501       O                -0.9999898958    2.4903734683   -1.0197367089 
    502       O                 2.5000090533    0.9910827067   -1.0141502182 
    503       O                 2.4999999852    0.9975915333   -2.0486499991 
    504       O                 2.5000000000    1.0000000000    0.0000002457 
    505       O                 2.5000000000    1.0000000000    0.9987995269 
    506       O                 2.5000000000    1.0000000000    1.9971387538 
    507       O                 1.0000000000    2.5000000000    0.0000002457 
    508       O                 1.0000000000    2.5000000000    0.9987995269 
    509       O                 1.0000000000    2.5000000000    1.9971387538 
    510       O                 2.5000000000   -1.0000000000    0.0000002457 
    511       O                 2.5000000000   -1.0000000000    0.9987995269 
    512       O                 2.5000000000   -1.0000000000    1.9971387538 
    513       O                -1.0000000000    2.5000000000    0.0000002457 
    514       O                -1.0000000000    2.5000000000    0.9987995269 
    515       O                -1.0000000000    2.5000000000    1.9971387538 
    516       O                 2.4999999852   -1.0024084667   -2.0486499991 
    517       O                 2.5000090533   -1.0089172933   -1.0141502182 
    518       Ba                2.0000099857    1.9858323766   -1.4878711428 
    519       Ba               -1.9999900143    1.9858323766   -1.4878711428 
    520       Ba                2.0000000000    2.0000000000   -0.5037462655 
    521       Ba                2.0000000000    2.0000000000    0.5037469551 
    522       Ba                2.0000000000    2.0000000000    1.5261391117 
    523       Ba                2.0000000000   -2.0000000000   -0.5037462655 
    524       Ba                2.0000000000   -2.0000000000    0.5037469551 
    525       Ba                2.0000000000   -2.0000000000    1.5261391117 
    526       Ba               -2.0000000000    2.0000000000   -0.5037462655 
    527       Ba               -2.0000000000    2.0000000000    0.5037469551 
    528       Ba               -2.0000000000    2.0000000000    1.5261391117 
    529       Ba               -2.0000000000   -2.0000000000   -0.5037462655 
    530       Ba               -2.0000000000   -2.0000000000    0.5037469551 
    531       Ba               -2.0000000000   -2.0000000000    1.5261391117 
    532       Ba                2.0000099857   -2.0141676234   -1.4878711428 
    533       Ba               -1.9999900143   -2.0141676234   -1.4878711428 
    534       Ti                1.5000033773    2.4685494870   -2.0041866853 
    535       Ti               -1.4999966227    2.4685494870   -2.0041866853 
    536       Ti                2.5000033773    1.4685494870   -2.0041866853 
    537       O                 1.5000132716    2.4874993151   -1.5563753416 
    538       O                -1.4999867284    2.4874993151   -1.5563753416 
    539       O                 2.5000132716    1.4874993151   -1.5563753416 
    540       Ti                1.5000059815    2.4933430121   -0.9762327363 
    541       Ti               -1.4999940185    2.4933430121   -0.9762327363 
    542       Ti                2.5000059815    1.4933430121   -0.9762327363 
    543       O                 2.5000000000    1.5000000000   -0.5005608276 
    544       Ti                2.5000000000    1.5000000000    0.0000000000 
    545       O                 2.5000000000    1.5000000000    0.5005611904 
    546       Ti                2.5000000000    1.5000000000    0.9945756879 
    547       O                 2.5000000000    1.5000000000    1.5041008908 
    548       Ti                2.5000000000    1.5000000000    1.9704983581 
    549       O                 1.5000000000    2.5000000000   -0.5005608276 
    550       Ti                1.5000000000    2.5000000000    0.0000000000 
    551       O                 1.5000000000    2.5000000000    0.5005611904 
    552       Ti                1.5000000000    2.5000000000    0.9945756879 
    553       O                 1.5000000000    2.5000000000    1.5041008908 
    554       Ti                1.5000000000    2.5000000000    1.9704983581 
    555       O                 2.5000000000   -1.5000000000   -0.5005608276 
    556       Ti                2.5000000000   -1.5000000000    0.0000000000 
    557       O                 2.5000000000   -1.5000000000    0.5005611904 
    558       Ti                2.5000000000   -1.5000000000    0.9945756879 
    559       O                 2.5000000000   -1.5000000000    1.5041008908 
    560       Ti                2.5000000000   -1.5000000000    1.9704983581 
    561       O                -1.5000000000    2.5000000000   -0.5005608276 
    562       Ti               -1.5000000000    2.5000000000    0.0000000000 
    563       O                -1.5000000000    2.5000000000    0.5005611904 
    564       Ti               -1.5000000000    2.5000000000    0.9945756879 
    565       O                -1.5000000000    2.5000000000    1.5041008908 
    566       Ti               -1.5000000000    2.5000000000    1.9704983581 
    567       Ti                2.5000059815   -1.5066569879   -0.9762327363 
    568       O                 2.5000132716   -1.5125006849   -1.5563753416 
    569       Ti                2.5000033773   -1.5314505130   -2.0041866853 
    570       H                 2.0000048807   -2.2455738611   -2.2017232322 
    571       H                -1.9999951193   -2.2455738611   -2.2017232322 
    572       O                 2.0000021724   -2.4772007052   -2.1250236934 
    573       O                -1.9999978276   -2.4772007052   -2.1250236934 
    574       O                 2.0000101042    2.4903734683   -1.0197367089 
    575       O                -1.9999898958    2.4903734683   -1.0197367089 
    576       O                 2.5000090533    1.9910827067   -1.0141502182 
    577       O                 2.4999999852    1.9975915333   -2.0486499991 
    578       O                 2.5000000000    2.0000000000    0.0000002457 
    579       O                 2.5000000000    2.0000000000    0.9987995269 
    580       O                 2.5000000000    2.0000000000    1.9971387538 
    581       O                 2.0000000000    2.5000000000    0.0000002457 
    582       O                 2.0000000000    2.5000000000    0.9987995269 
    583       O                 2.0000000000    2.5000000000    1.9971387538 
    584       O                 2.5000000000   -2.0000000000    0.0000002457 
    585       O                 2.5000000000   -2.0000000000    0.9987995269 
    586       O                 2.5000000000   -2.0000000000    1.9971387538 
    587       O                -2.0000000000    2.5000000000    0.0000002457 
    588       O                -2.0000000000    2.5000000000    0.9987995269 
    589       O                -2.0000000000    2.5000000000    1.9971387538 
    590       O                 2.4999999852   -2.0024084667   -2.0486499991 
    591       O                 2.5000090533   -2.0089172933   -1.0141502182 
    592       Ti                2.5000033773    2.4685494870   -2.0041866853 
    593       O                 2.5000132716    2.4874993151   -1.5563753416 
    594       Ti                2.5000059815    2.4933430121   -0.9762327363 
    595       O                 2.5000000000    2.5000000000   -0.5005608276 
    596       Ti                2.5000000000    2.5000000000    0.0000000000 
    597       O                 2.5000000000    2.5000000000    0.5005611904 
    598       Ti                2.5000000000    2.5000000000    0.9945756879 
    599       O                 2.5000000000    2.5000000000    1.5041008908 
    600       Ti                2.5000000000    2.5000000000    1.9704983581 
