primitive lattice vectors  2  2  1
  2.00000000  0.00000000  0.00000000
  0.00000000  2.00000000  0.00000000
  0.00000000  0.00000000  1.00000000
number of atoms in unit cell
 20
atom, type, position vector
      1       Ba                0.0000000000    0.0000000000    0.0000000000 
      2       O                 0.5000000000    0.0000000000    0.4730404576 
      3       O                -0.0000000000    0.5000000000    0.4730404576 
      4       O                 0.0000000000   -0.5000000000    0.4730404576 
      5       O                -0.5000000000    0.0000000000    0.4730404576 
      6       Ti                0.5000000000    0.5000000000    0.5175932164 
      7       O                 0.5000000000    0.5000000000   -0.0445466243 
      8       Ti                0.5000000000   -0.5000000000    0.5175932164 
      9       O                 0.5000000000   -0.5000000000   -0.0445466243 
     10       Ti               -0.5000000000    0.5000000000    0.5175932164 
     11       O                -0.5000000000    0.5000000000   -0.0445466243 
     12       Ti               -0.5000000000   -0.5000000000    0.5175932164 
     13       O                -0.5000000000   -0.5000000000   -0.0445466243 
     14       Ba                1.0000000000    0.0000000000    0.0000000000 
     15       Ba                0.0000000000    1.0000000000    0.0000000000 
     16       O                 1.0000000000    0.5000000000    0.4730404576 
     17       O                 0.5000000000    1.0000000000    0.4730404576 
     18       O                 1.0000000000   -0.5000000000    0.4730404576 
     19       O                -0.5000000000    1.0000000000    0.4730404576 
     20       Ba                1.0000000000    1.0000000000    0.0000000000 
