primitive lattice vectors  2  2  1
  4.00000000  0.00000000  0.00000000
  0.00000000  4.00000000  0.00000000
  0.00000000  0.00000000  2.00000000
number of atoms in unit cell
 20
atom, type, position vector
      1       Ba                0.0000000000    0.0000000000    0.0000000000 
      2       O                 0.5000000000    0.0000000000    0.4730404576 
      3       O                -0.0000000000    0.5000000000    0.4730404576 
      4       Ti                0.5000000000    0.5000000000    0.5175932164 
      5       O                 0.5000000000    0.5000000000   -0.0445466243 
      6       O                 0.0000000000   -1.5000000000    0.4730404576 
      7       O                -1.5000000000    0.0000000000    0.4730404576 
      8       Ti                0.5000000000   -1.5000000000    0.5175932164 
      9       O                 0.5000000000   -1.5000000000   -0.0445466243 
     10       Ti               -1.5000000000    0.5000000000    0.5175932164 
     11       O                -1.5000000000    0.5000000000   -0.0445466243 
     12       Ba                2.0000000000    0.0000000000    0.0000000000 
     13       Ba                0.0000000000    2.0000000000    0.0000000000 
     14       O                 2.0000000000    0.5000000000    0.4730404576 
     15       O                 0.5000000000    2.0000000000    0.4730404576 
     16       Ti               -1.5000000000   -1.5000000000    0.5175932164 
     17       O                -1.5000000000   -1.5000000000   -0.0445466243 
     18       O                 2.0000000000   -1.5000000000    0.4730404576 
     19       O                -1.5000000000    2.0000000000    0.4730404576 
     20       Ba                2.0000000000    2.0000000000    0.0000000000 
