primitive lattice vectors  2  2  1
  1.00000000  0.00000000  0.00000000
  0.00000000  1.00000000  0.00000000
  0.00000000  0.00000000  0.51759322
number of atoms in unit cell
 20
atom, type, position vector
      1       Ba                0.0000000000    0.0000000000    0.0000000000 
      2       O                 0.0000000000    0.0000000000    0.4730404576 
      3       O                 0.0000000000    0.0000000000    0.4730404576 
      4       Ti                0.0000000000    0.0000000000    0.5175932164 
      5       O                 0.0000000000    0.0000000000   -0.0445466243 
      6       O                 0.5000000000    0.0000000000    0.4730404576 
      7       Ba                0.5000000000    0.0000000000    0.0000000000 
      8       Ti                0.5000000000    0.0000000000    0.5175932164 
      9       O                 0.5000000000    0.0000000000   -0.0445466243 
     10       O                 0.5000000000    0.0000000000    0.4730404576 
     11       O                -0.0000000000    0.5000000000    0.4730404576 
     12       Ti                0.0000000000    0.5000000000    0.5175932164 
     13       O                 0.0000000000    0.5000000000   -0.0445466243 
     14       Ba                0.0000000000    0.5000000000    0.0000000000 
     15       O                 0.0000000000    0.5000000000    0.4730404576 
     16       Ti                0.5000000000    0.5000000000    0.5175932164 
     17       O                 0.5000000000    0.5000000000   -0.0445466243 
     18       O                 0.5000000000    0.5000000000    0.4730404576 
     19       O                 0.5000000000    0.5000000000    0.4730404576 
     20       Ba                0.5000000000    0.5000000000    0.0000000000 
