primitive lattice vectors  2  2  1
 15.15477041  0.00000000  0.00000000
  0.00000000 15.15477041  0.00000000
  0.00000000  0.00000000  7.88772381
number of atoms in unit cell
 20
atom, type, position vector
      1       Ba                0.0000000000    0.0000000000    0.0000000000 
      2       Ti                0.5000000000    0.5000000000    0.5175932164 
      3       O                -0.0000000000    0.5000000000    0.4730404576 
      4       O                 0.5000000000    0.0000000000    0.4730404576 
      5       O                 0.5000000000    0.5000000000   -0.0445466243 
      6       Ba                7.5773852070    0.0000000000    0.0000000000 
      7       Ti                8.0773852070    0.5000000000    0.5175932164 
      8       O                 7.5773852070    0.5000000000    0.4730404576 
      9       O                 8.0773852070    0.0000000000    0.4730404576 
     10       O                 8.0773852070    0.5000000000   -0.0445466243 
     11       Ba                0.0000000000    7.5773852070    0.0000000000 
     12       Ti                0.5000000000    8.0773852070    0.5175932164 
     13       O                 0.0000000000    8.0773852070    0.4730404576 
     14       O                 0.5000000000    7.5773852070    0.4730404576 
     15       O                 0.5000000000    8.0773852070   -0.0445466243 
     16       Ba                7.5773852070    7.5773852070    0.0000000000 
     17       Ti                8.0773852070    8.0773852070    0.5175932164 
     18       O                 7.5773852070    8.0773852070    0.4730404576 
     19       O                 8.0773852070    7.5773852070    0.4730404576 
     20       O                 8.0773852070    8.0773852070   -0.0445466243 
