126
5x1x1 layer relax top 2 free slab view (updated)
Ba   0   0   -2.03146445
Ba   0.000007887181392   -0.03978748337   -5.950938725
H   0.00002136330066   -0.9913389355   -8.786852358
O   0.000002849112207   -1.922948992   -8.470438965
O   2.016356834   0   -4.027872779
O   2.016356834   0   0.0000009908377482
O   0   2.016356834   -4.027872779
O   0   2.016356834   0.0000009908377482
O   2.016350742   -0.01969259981   -8.188111187
O   0   -2.016356834   -4.027872779
O   0   -2.016356834   0.0000009908377482
O   -2.016356834   0   -4.027872779
O   -2.016356834   0   0.0000009908377482
O   -2.016362926   -0.01969259981   -8.188111187
O   0.000002849112207   2.109764676   -8.470438965
Ti   2.016363241   1.882863191   -8.019529808
Ti   -2.016350427   1.882863191   -8.019529808
O   2.016395322   1.975255424   -6.184301626
O   -2.016318346   1.975255424   -6.184301626
Ti   2.016356834   2.016356834   -4.010838933
Ti   2.016356834   2.016356834   0
O   2.016356834   2.016356834   -2.018618491
Ti   2.016356834   -2.016356834   -4.010838933
Ti   2.016356834   -2.016356834   0
O   2.016356834   -2.016356834   -2.018618491
Ti   -2.016356834   2.016356834   -4.010838933
Ti   -2.016356834   2.016356834   0
O   -2.016356834   2.016356834   -2.018618491
Ti   -2.016356834   -2.016356834   -4.010838933
Ti   -2.016356834   -2.016356834   0
O   -2.016356834   -2.016356834   -2.018618491
O   2.016395322   -2.057458244   -6.184301626
O   -2.016318346   -2.057458244   -6.184301626
Ti   2.016363241   -2.149850477   -8.019529808
Ti   -2.016350427   -2.149850477   -8.019529808
H   0.00002136330066   3.041374733   -8.786852358
Ba   0.000007887181392   3.992926185   -5.950938725
Ba   4.032713668   0   -2.03146445
Ba   0   4.032713668   -2.03146445
Ba   4.032721555   -0.03978748337   -5.950938725
Ba   0   -4.032713668   -2.03146445
Ba   -4.032713668   0   -2.03146445
Ba   -4.032705781   -0.03978748337   -5.950938725
Ba   0.000007887181392   -4.072501151   -5.950938725
H   4.032735031   -0.9913389355   -8.786852358
H   -4.032692305   -0.9913389355   -8.786852358
O   4.032716517   -1.922948992   -8.470438965
O   -4.032710819   -1.922948992   -8.470438965
O   2.016350742   4.013021068   -8.188111187
O   -2.016362926   4.013021068   -8.188111187
O   4.032713668   2.016356834   -4.027872779
O   4.032713668   2.016356834   0.0000009908377482
O   2.016356834   4.032713668   -4.027872779
O   2.016356834   4.032713668   0.0000009908377482
O   4.032713668   -2.016356834   -4.027872779
O   4.032713668   -2.016356834   0.0000009908377482
O   -2.016356834   4.032713668   -4.027872779
O   -2.016356834   4.032713668   0.0000009908377482
O   2.016356834   -4.032713668   -4.027872779
O   2.016356834   -4.032713668   0.0000009908377482
O   -4.032713668   2.016356834   -4.027872779
O   -4.032713668   2.016356834   0.0000009908377482
O   -2.016356834   -4.032713668   -4.027872779
O   -2.016356834   -4.032713668   0.0000009908377482
O   -4.032713668   -2.016356834   -4.027872779
O   -4.032713668   -2.016356834   0.0000009908377482
O   2.016350742   -4.052406268   -8.188111187
O   -2.016362926   -4.052406268   -8.188111187
O   4.032716517   2.109764676   -8.470438965
O   -4.032710819   2.109764676   -8.470438965
H   0.00002136330066   -5.024052604   -8.786852358
H   4.032735031   3.041374733   -8.786852358
H   -4.032692305   3.041374733   -8.786852358
Ba   4.032721555   3.992926185   -5.950938725
Ba   -4.032705781   3.992926185   -5.950938725
Ba   4.032713668   4.032713668   -2.03146445
Ba   4.032713668   -4.032713668   -2.03146445
Ba   -4.032713668   4.032713668   -2.03146445
Ba   -4.032713668   -4.032713668   -2.03146445
Ba   4.032721555   -4.072501151   -5.950938725
Ba   -4.032705781   -4.072501151   -5.950938725
O   0.000002849112207   -5.95566266   -8.470438965
O   6.049070502   0   -4.027872779
O   6.049070502   0   0.0000009908377482
O   6.04906441   -0.01969259981   -8.188111187
O   0   6.049070502   -4.027872779
O   0   6.049070502   0.0000009908377482
Ti   2.016363241   5.91557686   -8.019529808
Ti   -2.016350427   5.91557686   -8.019529808
Ti   6.049076909   1.882863191   -8.019529808
O   2.016395322   6.007969092   -6.184301626
O   -2.016318346   6.007969092   -6.184301626
O   6.04910899   1.975255424   -6.184301626
Ti   6.049070502   2.016356834   -4.010838933
Ti   6.049070502   2.016356834   0
O   6.049070502   2.016356834   -2.018618491
Ti   2.016356834   6.049070502   -4.010838933
Ti   2.016356834   6.049070502   0
O   2.016356834   6.049070502   -2.018618491
Ti   6.049070502   -2.016356834   -4.010838933
Ti   6.049070502   -2.016356834   0
O   6.049070502   -2.016356834   -2.018618491
Ti   -2.016356834   6.049070502   -4.010838933
Ti   -2.016356834   6.049070502   0
O   -2.016356834   6.049070502   -2.018618491
O   6.04910899   -2.057458244   -6.184301626
Ti   6.049076909   -2.149850477   -8.019529808
H   4.032735031   -5.024052604   -8.786852358
H   -4.032692305   -5.024052604   -8.786852358
O   4.032716517   -5.95566266   -8.470438965
O   -4.032710819   -5.95566266   -8.470438965
O   6.04906441   4.013021068   -8.188111187
O   6.049070502   4.032713668   -4.027872779
O   6.049070502   4.032713668   0.0000009908377482
O   4.032713668   6.049070502   -4.027872779
O   4.032713668   6.049070502   0.0000009908377482
O   6.049070502   -4.032713668   -4.027872779
O   6.049070502   -4.032713668   0.0000009908377482
O   -4.032713668   6.049070502   -4.027872779
O   -4.032713668   6.049070502   0.0000009908377482
O   6.04906441   -4.052406268   -8.188111187
Ti   6.049076909   5.91557686   -8.019529808
O   6.04910899   6.007969092   -6.184301626
Ti   6.049070502   6.049070502   -4.010838933
Ti   6.049070502   6.049070502   0
O   6.049070502   6.049070502   -2.018618491

