primitive lattice vectors  3  3  1
  3.00000000  0.00000000  0.00000000
  0.00000000  3.00000000  0.00000000
  0.00000000  0.00000000 80.00000000
number of atoms in unit cell
126
atom, type, position vector
      1       Ba                0.0000000000    0.0000000000   -0.5037462655 
      2       Ba                0.0000019558   -0.0098661811   -1.4756660687 
      3       H                 0.0000052975   -0.2458242804   -2.1788931924 
      4       O                 0.0000007065   -0.4768374722   -2.1004315362 
      5       O                 0.5000000000    0.0000000000   -0.9987995952 
      6       O                 0.5000000000    0.0000000000    0.0000002457 
      7       O                 0.0000000000    0.5000000000   -0.9987995952 
      8       O                 0.0000000000    0.5000000000    0.0000002457 
      9       O                 0.4999984893   -0.0048832130   -2.0304221576 
     10       O                 0.0000000000   -0.5000000000   -0.9987995952 
     11       O                 0.0000000000   -0.5000000000    0.0000002457 
     12       O                -0.5000000000    0.0000000000   -0.9987995952 
     13       O                -0.5000000000    0.0000000000    0.0000002457 
     14       O                -0.5000015107   -0.0048832130   -2.0304221576 
     15       O                 0.0000007065    0.5231625278   -2.1004315362 
     16       Ti                0.5000015887    0.4668973169   -1.9886186989 
     17       Ti               -0.4999984113    0.4668973169   -1.9886186989 
     18       O                 0.5000095440    0.4898080018   -1.5335335298 
     19       O                -0.4999904560    0.4898080018   -1.5335335298 
     20       Ti                0.5000000000    0.5000000000   -0.9945756786 
     21       Ti                0.5000000000    0.5000000000    0.0000000000 
     22       O                 0.5000000000    0.5000000000   -0.5005608276 
     23       Ti                0.5000000000   -0.5000000000   -0.9945756786 
     24       Ti                0.5000000000   -0.5000000000    0.0000000000 
     25       O                 0.5000000000   -0.5000000000   -0.5005608276 
     26       Ti               -0.5000000000    0.5000000000   -0.9945756786 
     27       Ti               -0.5000000000    0.5000000000    0.0000000000 
     28       O                -0.5000000000    0.5000000000   -0.5005608276 
     29       Ti               -0.5000000000   -0.5000000000   -0.9945756786 
     30       Ti               -0.5000000000   -0.5000000000    0.0000000000 
     31       O                -0.5000000000   -0.5000000000   -0.5005608276 
     32       O                 0.5000095440   -0.5101919982   -1.5335335298 
     33       O                -0.4999904560   -0.5101919982   -1.5335335298 
     34       Ti                0.5000015887   -0.5331026831   -1.9886186989 
     35       Ti               -0.4999984113   -0.5331026831   -1.9886186989 
     36       H                 0.0000052975    0.7541757196   -2.1788931924 
     37       Ba                0.0000019558    0.9901338189   -1.4756660687 
     38       Ba                1.0000000000    0.0000000000   -0.5037462655 
     39       Ba                0.0000000000    1.0000000000   -0.5037462655 
     40       Ba                1.0000019558   -0.0098661811   -1.4756660687 
     41       Ba                0.0000000000   -1.0000000000   -0.5037462655 
     42       Ba               -1.0000000000    0.0000000000   -0.5037462655 
     43       Ba               -0.9999980442   -0.0098661811   -1.4756660687 
     44       Ba                0.0000019558   -1.0098661811   -1.4756660687 
     45       H                 1.0000052975   -0.2458242804   -2.1788931924 
     46       H                -0.9999947025   -0.2458242804   -2.1788931924 
     47       O                 1.0000007065   -0.4768374722   -2.1004315362 
     48       O                -0.9999992935   -0.4768374722   -2.1004315362 
     49       O                 0.4999984893    0.9951167870   -2.0304221576 
     50       O                -0.5000015107    0.9951167870   -2.0304221576 
     51       O                 1.0000000000    0.5000000000   -0.9987995952 
     52       O                 1.0000000000    0.5000000000    0.0000002457 
     53       O                 0.5000000000    1.0000000000   -0.9987995952 
     54       O                 0.5000000000    1.0000000000    0.0000002457 
     55       O                 1.0000000000   -0.5000000000   -0.9987995952 
     56       O                 1.0000000000   -0.5000000000    0.0000002457 
     57       O                -0.5000000000    1.0000000000   -0.9987995952 
     58       O                -0.5000000000    1.0000000000    0.0000002457 
     59       O                 0.5000000000   -1.0000000000   -0.9987995952 
     60       O                 0.5000000000   -1.0000000000    0.0000002457 
     61       O                -1.0000000000    0.5000000000   -0.9987995952 
     62       O                -1.0000000000    0.5000000000    0.0000002457 
     63       O                -0.5000000000   -1.0000000000   -0.9987995952 
     64       O                -0.5000000000   -1.0000000000    0.0000002457 
     65       O                -1.0000000000   -0.5000000000   -0.9987995952 
     66       O                -1.0000000000   -0.5000000000    0.0000002457 
     67       O                 0.4999984893   -1.0048832130   -2.0304221576 
     68       O                -0.5000015107   -1.0048832130   -2.0304221576 
     69       O                 1.0000007065    0.5231625278   -2.1004315362 
     70       O                -0.9999992935    0.5231625278   -2.1004315362 
     71       H                 0.0000052975   -1.2458242804   -2.1788931924 
     72       H                 1.0000052975    0.7541757196   -2.1788931924 
     73       H                -0.9999947025    0.7541757196   -2.1788931924 
     74       Ba                1.0000019558    0.9901338189   -1.4756660687 
     75       Ba               -0.9999980442    0.9901338189   -1.4756660687 
     76       Ba                1.0000000000    1.0000000000   -0.5037462655 
     77       Ba                1.0000000000   -1.0000000000   -0.5037462655 
     78       Ba               -1.0000000000    1.0000000000   -0.5037462655 
     79       Ba               -1.0000000000   -1.0000000000   -0.5037462655 
     80       Ba                1.0000019558   -1.0098661811   -1.4756660687 
     81       Ba               -0.9999980442   -1.0098661811   -1.4756660687 
     82       O                 0.0000007065   -1.4768374722   -2.1004315362 
     83       O                 1.5000000000    0.0000000000   -0.9987995952 
     84       O                 1.5000000000    0.0000000000    0.0000002457 
     85       O                 1.4999984893   -0.0048832130   -2.0304221576 
     86       O                 0.0000000000    1.5000000000   -0.9987995952 
     87       O                 0.0000000000    1.5000000000    0.0000002457 
     88       Ti                0.5000015887    1.4668973169   -1.9886186989 
     89       Ti               -0.4999984113    1.4668973169   -1.9886186989 
     90       Ti                1.5000015887    0.4668973169   -1.9886186989 
     91       O                 0.5000095440    1.4898080018   -1.5335335298 
     92       O                -0.4999904560    1.4898080018   -1.5335335298 
     93       O                 1.5000095440    0.4898080018   -1.5335335298 
     94       Ti                1.5000000000    0.5000000000   -0.9945756786 
     95       Ti                1.5000000000    0.5000000000    0.0000000000 
     96       O                 1.5000000000    0.5000000000   -0.5005608276 
     97       Ti                0.5000000000    1.5000000000   -0.9945756786 
     98       Ti                0.5000000000    1.5000000000    0.0000000000 
     99       O                 0.5000000000    1.5000000000   -0.5005608276 
    100       Ti                1.5000000000   -0.5000000000   -0.9945756786 
    101       Ti                1.5000000000   -0.5000000000    0.0000000000 
    102       O                 1.5000000000   -0.5000000000   -0.5005608276 
    103       Ti               -0.5000000000    1.5000000000   -0.9945756786 
    104       Ti               -0.5000000000    1.5000000000    0.0000000000 
    105       O                -0.5000000000    1.5000000000   -0.5005608276 
    106       O                 1.5000095440   -0.5101919982   -1.5335335298 
    107       Ti                1.5000015887   -0.5331026831   -1.9886186989 
    108       H                 1.0000052975   -1.2458242804   -2.1788931924 
    109       H                -0.9999947025   -1.2458242804   -2.1788931924 
    110       O                 1.0000007065   -1.4768374722   -2.1004315362 
    111       O                -0.9999992935   -1.4768374722   -2.1004315362 
    112       O                 1.4999984893    0.9951167870   -2.0304221576 
    113       O                 1.5000000000    1.0000000000   -0.9987995952 
    114       O                 1.5000000000    1.0000000000    0.0000002457 
    115       O                 1.0000000000    1.5000000000   -0.9987995952 
    116       O                 1.0000000000    1.5000000000    0.0000002457 
    117       O                 1.5000000000   -1.0000000000   -0.9987995952 
    118       O                 1.5000000000   -1.0000000000    0.0000002457 
    119       O                -1.0000000000    1.5000000000   -0.9987995952 
    120       O                -1.0000000000    1.5000000000    0.0000002457 
    121       O                 1.4999984893   -1.0048832130   -2.0304221576 
    122       Ti                1.5000015887    1.4668973169   -1.9886186989 
    123       O                 1.5000095440    1.4898080018   -1.5335335298 
    124       Ti                1.5000000000    1.5000000000   -0.9945756786 
    125       Ti                1.5000000000    1.5000000000    0.0000000000 
    126       O                 1.5000000000    1.5000000000   -0.5005608276 
