126
5x1x1 layer relax all free slab view
Ba  0.0009782782648  -0.04670689212  -1.847058674
Ba  0.001864726397  -0.06310562182  -5.926543218
H  0.00006058749015  -0.9853201584  -8.866407538
O  0.0001602507659  -1.921148875  -8.561438313
O  -1.943268927  0.06761197367  0.07429862347
O  0.01257238047  1.969045591  -4.045244975
O  0.1183695754  -1.991233902  0.06745389533
O  -2.008107563  -0.04736089303  -4.015377868
O  2.016452941  -0.003619680715  -8.245652487
O  -2.016260727  -0.003619680715  -8.245652487
O  2.024606106  -0.04736089303  -4.015377868
O  0.1183695754  2.041479766  0.06745389533
O  0.01257238047  -2.063668077  -4.045244975
O  2.089444741  0.06761197367  0.07429862347
O  0.0001602507659  2.111564793  -8.561438313
Ti  1.946452857  1.891835135  -0.01439710114
Ti  -2.016047952  1.886994764  -8.052674164
Ti  2.016665716  1.886994764  -8.052674164
O  -2.013550048  1.962318312  -6.242420705
O  -1.9864577  1.990294969  -1.945680691
O  2.019163621  1.962318312  -6.242420705
Ti  -2.086260811  1.891835135  -0.01439710114
Ti  2.016415565  1.97705451  -3.880244687
Ti  -2.016298103  1.97705451  -3.880244687
O  -1.9864577  -2.042418699  -1.945680691
O  2.046255968  1.990294969  -1.945680691
Ti  2.016415565  -2.055659159  -3.880244687
Ti  -2.016298103  -2.055659159  -3.880244687
O  -2.013550048  -2.070395356  -6.242420705
O  2.046255968  -2.042418699  -1.945680691
O  2.019163621  -2.070395356  -6.242420705
Ti  1.946452857  -2.140878533  -0.01439710114
Ti  -2.016047952  -2.145718904  -8.052674164
Ti  2.016665716  -2.145718904  -8.052674164
Ti  -2.086260811  -2.140878533  -0.01439710114
H  0.00006058749015  3.04739351  -8.866407538
Ba  0.001864726397  3.969608046  -5.926543218
Ba  0.0009782782648  3.986006776  -1.847058674
Ba  -4.030848942  -0.06310562182  -5.926543218
Ba  -4.03173539  -0.04670689212  -1.847058674
Ba  4.033691946  -0.04670689212  -1.847058674
Ba  4.034578394  -0.06310562182  -5.926543218
Ba  0.0009782782648  -4.07942056  -1.847058674
Ba  0.001864726397  -4.09581929  -5.926543218
H  4.032774256  -0.9853201584  -8.866407538
H  -4.032653081  -0.9853201584  -8.866407538
O  -3.914344093  -1.991233902  0.06745389533
O  -3.914344093  2.041479766  0.06745389533
O  -1.943268927  -3.965101694  0.07429862347
O  -2.008107563  3.985352775  -4.015377868
O  -4.032553417  -1.921148875  -8.561438313
O  4.032873919  -1.921148875  -8.561438313
O  2.024606106  3.985352775  -4.015377868
O  -4.020141288  1.969045591  -4.045244975
O  2.089444741  -3.965101694  0.07429862347
O  4.045286049  1.969045591  -4.045244975
O  2.016452941  4.029093987  -8.245652487
O  -2.016260727  4.029093987  -8.245652487
O  2.016452941  -4.036333349  -8.245652487
O  -2.016260727  -4.036333349  -8.245652487
O  -4.020141288  -2.063668077  -4.045244975
O  -1.943268927  4.100325642  0.07429862347
O  4.045286049  -2.063668077  -4.045244975
O  -2.008107563  -4.080074561  -4.015377868
O  -4.032553417  2.111564793  -8.561438313
O  4.032873919  2.111564793  -8.561438313
O  2.024606106  -4.080074561  -4.015377868
O  2.089444741  4.100325642  0.07429862347
O  4.151083244  -1.991233902  0.06745389533
O  4.151083244  2.041479766  0.06745389533
H  0.00006058749015  -5.018033826  -8.866407538
H  4.032774256  3.04739351  -8.866407538
H  -4.032653081  3.04739351  -8.866407538
Ba  -4.030848942  3.969608046  -5.926543218
Ba  4.034578394  3.969608046  -5.926543218
Ba  -4.03173539  3.986006776  -1.847058674
Ba  4.033691946  3.986006776  -1.847058674
Ba  -4.03173539  -4.07942056  -1.847058674
Ba  4.033691946  -4.07942056  -1.847058674
Ba  -4.030848942  -4.09581929  -5.926543218
Ba  4.034578394  -4.09581929  -5.926543218
O  0.0001602507659  -5.953862543  -8.561438313
O  -5.975982595  0.06761197367  0.07429862347
O  0.01257238047  6.001759259  -4.045244975
O  0.1183695754  -6.02394757  0.06745389533
O  -6.040821231  -0.04736089303  -4.015377868
O  6.049166609  -0.003619680715  -8.245652487
Ti  1.946452857  5.924548803  -0.01439710114
Ti  -2.016047952  5.919708432  -8.052674164
Ti  2.016665716  5.919708432  -8.052674164
Ti  5.979166526  1.891835135  -0.01439710114
Ti  -2.086260811  5.924548803  -0.01439710114
O  -2.013550048  5.99503198  -6.242420705
O  2.019163621  5.99503198  -6.242420705
Ti  -6.04876162  1.886994764  -8.052674164
Ti  2.016415565  6.009768178  -3.880244687
Ti  -2.016298103  6.009768178  -3.880244687
O  -6.019171368  1.990294969  -1.945680691
O  -1.9864577  6.023008638  -1.945680691
Ti  5.979166526  -2.140878533  -0.01439710114
O  -6.019171368  -2.042418699  -1.945680691
O  -6.046263716  1.962318312  -6.242420705
O  2.046255968  6.023008638  -1.945680691
Ti  6.049129233  1.97705451  -3.880244687
Ti  6.049129233  -2.055659159  -3.880244687
O  -6.046263716  -2.070395356  -6.242420705
Ti  -6.04876162  -2.145718904  -8.052674164
H  4.032774256  -5.018033826  -8.866407538
H  -4.032653081  -5.018033826  -8.866407538
O  -5.975982595  -3.965101694  0.07429862347
O  -3.914344093  -6.02394757  0.06745389533
O  -4.032553417  -5.953862543  -8.561438313
O  4.032873919  -5.953862543  -8.561438313
O  -4.020141288  6.001759259  -4.045244975
O  -6.040821231  3.985352775  -4.015377868
O  4.045286049  6.001759259  -4.045244975
O  -5.975982595  4.100325642  0.07429862347
O  6.049166609  4.029093987  -8.245652487
O  6.049166609  -4.036333349  -8.245652487
O  -6.040821231  -4.080074561  -4.015377868
O  4.151083244  -6.02394757  0.06745389533
Ti  5.979166526  5.924548803  -0.01439710114
Ti  -6.04876162  5.919708432  -8.052674164
O  -6.046263716  5.99503198  -6.242420705
O  -6.019171368  6.023008638  -1.945680691
Ti  6.049129233  6.009768178  -3.880244687

