primitive lattice vectors  3  3  1
  3.00000000  0.00000000  0.00000000
  0.00000000  3.00000000  0.00000000
  0.00000000  0.00000000 80.00000000
number of atoms in unit cell
126
atom, type, position vector
      1       Ba                0.0002425856   -0.0115820006   -0.4580187997 
      2       Ba                0.0004623999   -0.0156484261   -1.4696166665 
      3       H                 0.0000150240   -0.2443317923   -2.1986206479 
      4       O                 0.0000397377   -0.4763910938   -2.1229968248 
      5       O                -0.4818762468    0.0167658751    0.0184239769 
      6       O                 0.0031175981    0.4882681373   -1.0031074131 
      7       O                 0.0293523382   -0.4937702168    0.0167266761 
      8       O                -0.4979544118   -0.0117441745   -0.9957012074 
      9       O                 0.5000238319   -0.0008975794   -2.0446907879 
     10       O                -0.4999761681   -0.0008975794   -2.0446907879 
     11       O                 0.5020455882   -0.0117441745   -0.9957012074 
     12       O                 0.0293523382    0.5062297832    0.0167266761 
     13       O                 0.0031175981   -0.5117318627   -1.0031074131 
     14       O                 0.5181237532    0.0167658751    0.0184239769 
     15       O                 0.0000397377    0.5236089062   -2.1229968248 
     16       Ti                0.4826657724    0.4691221076   -0.0035700777 
     17       Ti               -0.4999234060    0.4679218312   -1.9968375705 
     18       Ti                0.5000765940    0.4679218312   -1.9968375705 
     19       O                -0.4993039956    0.4865999606   -1.5479454329 
     20       O                -0.4925858524    0.4935373878   -0.4824742967 
     21       O                 0.5006960044    0.4865999606   -1.5479454329 
     22       Ti               -0.5173342276    0.4691221076   -0.0035700777 
     23       Ti                0.5000145637    0.4902541247   -0.9621919645 
     24       Ti               -0.4999854363    0.4902541247   -0.9621919645 
     25       O                -0.4925858524   -0.5064626122   -0.4824742967 
     26       O                 0.5074141476    0.4935373878   -0.4824742967 
     27       Ti                0.5000145637   -0.5097458753   -0.9621919645 
     28       Ti               -0.4999854363   -0.5097458753   -0.9621919645 
     29       O                -0.4993039956   -0.5134000394   -1.5479454329 
     30       O                 0.5074141476   -0.5064626122   -0.4824742967 
     31       O                 0.5006960044   -0.5134000394   -1.5479454329 
     32       Ti                0.4826657724   -0.5308778924   -0.0035700777 
     33       Ti               -0.4999234060   -0.5320781688   -1.9968375705 
     34       Ti                0.5000765940   -0.5320781688   -1.9968375705 
     35       Ti               -0.5173342276   -0.5308778924   -0.0035700777 
     36       H                 0.0000150240    0.7556682077   -2.1986206479 
     37       Ba                0.0004623999    0.9843515739   -1.4696166665 
     38       Ba                0.0002425856    0.9884179994   -0.4580187997 
     39       Ba               -0.9995376001   -0.0156484261   -1.4696166665 
     40       Ba               -0.9997574144   -0.0115820006   -0.4580187997 
     41       Ba                1.0002425856   -0.0115820006   -0.4580187997 
     42       Ba                1.0004623999   -0.0156484261   -1.4696166665 
     43       Ba                0.0002425856   -1.0115820006   -0.4580187997 
     44       Ba                0.0004623999   -1.0156484261   -1.4696166665 
     45       H                 1.0000150240   -0.2443317923   -2.1986206479 
     46       H                -0.9999849760   -0.2443317923   -2.1986206479 
     47       O                -0.9706476618   -0.4937702168    0.0167266761 
     48       O                -0.9706476618    0.5062297832    0.0167266761 
     49       O                -0.4818762468   -0.9832341249    0.0184239769 
     50       O                -0.4979544118    0.9882558255   -0.9957012074 
     51       O                -0.9999602623   -0.4763910938   -2.1229968248 
     52       O                 1.0000397377   -0.4763910938   -2.1229968248 
     53       O                 0.5020455882    0.9882558255   -0.9957012074 
     54       O                -0.9968824019    0.4882681373   -1.0031074131 
     55       O                 0.5181237532   -0.9832341249    0.0184239769 
     56       O                 1.0031175981    0.4882681373   -1.0031074131 
     57       O                 0.5000238319    0.9991024206   -2.0446907879 
     58       O                -0.4999761681    0.9991024206   -2.0446907879 
     59       O                 0.5000238319   -1.0008975794   -2.0446907879 
     60       O                -0.4999761681   -1.0008975794   -2.0446907879 
     61       O                -0.9968824019   -0.5117318627   -1.0031074131 
     62       O                -0.4818762468    1.0167658751    0.0184239769 
     63       O                 1.0031175981   -0.5117318627   -1.0031074131 
     64       O                -0.4979544118   -1.0117441745   -0.9957012074 
     65       O                -0.9999602623    0.5236089062   -2.1229968248 
     66       O                 1.0000397377    0.5236089062   -2.1229968248 
     67       O                 0.5020455882   -1.0117441745   -0.9957012074 
     68       O                 0.5181237532    1.0167658751    0.0184239769 
     69       O                 1.0293523382   -0.4937702168    0.0167266761 
     70       O                 1.0293523382    0.5062297832    0.0167266761 
     71       H                 0.0000150240   -1.2443317923   -2.1986206479 
     72       H                 1.0000150240    0.7556682077   -2.1986206479 
     73       H                -0.9999849760    0.7556682077   -2.1986206479 
     74       Ba               -0.9995376001    0.9843515739   -1.4696166665 
     75       Ba                1.0004623999    0.9843515739   -1.4696166665 
     76       Ba               -0.9997574144    0.9884179994   -0.4580187997 
     77       Ba                1.0002425856    0.9884179994   -0.4580187997 
     78       Ba               -0.9997574144   -1.0115820006   -0.4580187997 
     79       Ba                1.0002425856   -1.0115820006   -0.4580187997 
     80       Ba               -0.9995376001   -1.0156484261   -1.4696166665 
     81       Ba                1.0004623999   -1.0156484261   -1.4696166665 
     82       O                 0.0000397377   -1.4763910938   -2.1229968248 
     83       O                -1.4818762468    0.0167658751    0.0184239769 
     84       O                 0.0031175981    1.4882681373   -1.0031074131 
     85       O                 0.0293523382   -1.4937702168    0.0167266761 
     86       O                -1.4979544118   -0.0117441745   -0.9957012074 
     87       O                 1.5000238319   -0.0008975794   -2.0446907879 
     88       Ti                0.4826657724    1.4691221076   -0.0035700777 
     89       Ti               -0.4999234060    1.4679218312   -1.9968375705 
     90       Ti                0.5000765940    1.4679218312   -1.9968375705 
     91       Ti                1.4826657724    0.4691221076   -0.0035700777 
     92       Ti               -0.5173342276    1.4691221076   -0.0035700777 
     93       O                -0.4993039956    1.4865999606   -1.5479454329 
     94       O                 0.5006960044    1.4865999606   -1.5479454329 
     95       Ti               -1.4999234060    0.4679218312   -1.9968375705 
     96       Ti                0.5000145637    1.4902541247   -0.9621919645 
     97       Ti               -0.4999854363    1.4902541247   -0.9621919645 
     98       O                -1.4925858524    0.4935373878   -0.4824742967 
     99       O                -0.4925858524    1.4935373878   -0.4824742967 
    100       Ti                1.4826657724   -0.5308778924   -0.0035700777 
    101       O                -1.4925858524   -0.5064626122   -0.4824742967 
    102       O                -1.4993039956    0.4865999606   -1.5479454329 
    103       O                 0.5074141476    1.4935373878   -0.4824742967 
    104       Ti                1.5000145637    0.4902541247   -0.9621919645 
    105       Ti                1.5000145637   -0.5097458753   -0.9621919645 
    106       O                -1.4993039956   -0.5134000394   -1.5479454329 
    107       Ti               -1.4999234060   -0.5320781688   -1.9968375705 
    108       H                 1.0000150240   -1.2443317923   -2.1986206479 
    109       H                -0.9999849760   -1.2443317923   -2.1986206479 
    110       O                -1.4818762468   -0.9832341249    0.0184239769 
    111       O                -0.9706476618   -1.4937702168    0.0167266761 
    112       O                -0.9999602623   -1.4763910938   -2.1229968248 
    113       O                 1.0000397377   -1.4763910938   -2.1229968248 
    114       O                -0.9968824019    1.4882681373   -1.0031074131 
    115       O                -1.4979544118    0.9882558255   -0.9957012074 
    116       O                 1.0031175981    1.4882681373   -1.0031074131 
    117       O                -1.4818762468    1.0167658751    0.0184239769 
    118       O                 1.5000238319    0.9991024206   -2.0446907879 
    119       O                 1.5000238319   -1.0008975794   -2.0446907879 
    120       O                -1.4979544118   -1.0117441745   -0.9957012074 
    121       O                 1.0293523382   -1.4937702168    0.0167266761 
    122       Ti                1.4826657724    1.4691221076   -0.0035700777 
    123       Ti               -1.4999234060    1.4679218312   -1.9968375705 
    124       O                -1.4993039956    1.4865999606   -1.5479454329 
    125       O                -1.4925858524    1.4935373878   -0.4824742967 
    126       Ti                1.5000145637    1.4902541247   -0.9621919645 
